                   T[GeV]                nU[GeV^3]                nD[GeV^3]                nS[GeV^3]             nUBar[GeV^3]             nDBar[GeV^3]            nSBbar[GeV^3]                W[GeV^-2]               effMU[GeV]               effMD[GeV]               effMS[GeV]              effCPU[GeV]              effCPD[GeV]              effCPS[GeV]
                     0.04     0.000171561109757099     0.000171561109757099     3.02682677743863e-06     5.61939921167897e-11     5.61939921167897e-11     9.26575735793561e-13         10.4579566696349        0.358765158534475        0.358765158534475         0.54549670503893                      0.3                      0.3                      0.3
                    0.041     0.000187933250602523     0.000187933250602701     3.68946521843061e-06     8.90563835434846e-11     8.90563835435759e-11     1.62853773855164e-12          10.536378919514         0.35794266782145        0.357942667821401        0.545123620261744                      0.3                      0.3                      0.3
                    0.042     0.000205328732099155     0.000205328732099169     4.46141878756093e-06     1.38343697340337e-10     1.38343697340347e-10     2.79054062000011e-12         10.6101724853217        0.357071226135633        0.357071226135629        0.544727587457652                      0.3                      0.3                      0.3
                    0.043     0.000223787070816212     0.000223787070815622     5.35494344013136e-06     2.10950031857581e-10     2.10950031856973e-10      4.6700259255259e-12         10.6793467402101         0.35614906578653        0.356149065786677        0.544307716528921                      0.3                      0.3                      0.3
                    0.044     0.000243349706145363     0.000243349706146654     6.38302672343084e-06     3.16139086658092e-10     3.16139086659932e-10     7.64519228729904e-12         10.7439230321336        0.355174327672848        0.355174327672543        0.543863078843966                      0.3                      0.3                      0.3
                    0.045     0.000264060173729246     0.000264060173728959     7.55939682599789e-06     4.66186254311514e-10     4.66186254310955e-10     1.22611748201221e-11         10.8039343344615         0.35414505248786        0.354145052487924        0.543392704873332                      0.3                      0.3                      0.3
                    0.046     0.000285964293102392     0.000285964293102359     8.89853400631223e-06     6.77149813427164e-10     6.77149813427077e-10     1.92899880540019e-11         10.8594247014438        0.353059170984548        0.353059170984555        0.542895581534886                      0.3                      0.3                      0.3
                    0.047     0.000309110372053412     0.000309110372054827     1.04156849403303e-05     9.69788710194375e-10     9.69788710199309e-10     2.98071729332058e-11         10.9104490879967        0.351914493156327        0.351914493156039        0.542370649198893                      0.3                      0.3                      0.3
                    0.048     0.000333549430678424     0.000333549430678265     1.21268805402348e-05     1.37064595733958e-09     1.37064595733884e-09     4.52884564480435e-11         10.9570727338306        0.350708696142057        0.350708696142088        0.541816798285567                      0.3                      0.3                      0.3
                    0.049     0.000359335448535916     0.000359335448536694     1.40489578211425e-05     1.91331847380566e-09     1.91331847381031e-09     6.77301093163648e-11         10.9993702616775         0.34943931063928        0.349439310639135        0.541232865384722                      0.3                      0.3                      0.3
                     0.05     0.000386525638945964      0.00038652563894526     1.61995864339883e-05     2.63993632845822e-09      2.6399363284528e-09     9.97970724433407e-11          11.037425387447        0.348103705559976        0.348103705560101        0.540617628813766                      0.3                      0.3                      0.3
                    0.051      0.00041518075500999     0.000415180755009433     1.85973005403188e-05      3.6028769495165e-09     3.60287694951102e-09      1.4500476651238e-10         11.0712193737707         0.34669907064817        0.346699070648266        0.539969803526408                      0.3                      0.3                      0.3
                    0.052     0.000445365432967983     0.000445365432967004     2.12616886996463e-05     4.86674306295907e-09     4.86674306294689e-09     2.07930858496423e-10         11.1010219411838        0.345222396684837        0.345222396684997        0.539288035258282                      0.3                      0.3                      0.3
                    0.053       0.0004771485793641     0.000477148579365748     2.42126792604511e-05     6.51063710215738e-09     6.51063710218313e-09     2.94483394728416e-10         11.1270365760339        0.343670452871445        0.343670452871185        0.538570893788914                      0.3                      0.3                      0.3
                    0.054     0.000510603809825674     0.000510603809831134     2.74721123842351e-05     8.63076981480338e-09      8.6307698149096e-09     4.12203599943556e-10         11.1491364071427          0.3420397608853        0.342039760884473        0.537816865174441                      0.3                      0.3                      0.3
                    0.055     0.000545809948771449     0.000545809948773067     3.10622830161408e-05     1.13434470667125e-08     1.13434470667514e-08      5.7062927480003e-10         11.1675245636405        0.340326565003453        0.340326565003217        0.537024342775338                      0.3                      0.3                      0.3
                    0.056     0.000582851601441367      0.00058285160144503     3.50067730913064e-05     1.47884867809827e-08     1.47884867810909e-08     7.81721293720769e-10         11.1822884842832        0.338526797540553        0.338526797540038        0.536191616865432                      0.3                      0.3                      0.3
                    0.057     0.000621819812006892     0.000621819812003133     3.93303845591925e-05     1.91331280367806e-08     1.91331280366452e-08     1.06035091749683e-09         11.1935829965579        0.336636038693737        0.336636038694247        0.535316862569021                      0.3                      0.3                      0.3
                    0.058     0.000662812824389974     0.000662812824388903     4.40592386704736e-05     2.45765072210481e-08     2.45765072210014e-08     1.42487343453466e-09         11.2015364380099        0.334649469703781        0.334649469703921        0.534398125823916                      0.3                      0.3                      0.3
                    0.059     0.000705936966938908     0.000705936966941811     4.92208921701881e-05     3.13547926744954e-08     3.13547926746482e-08      1.8977829221482e-09         11.2062793387097         0.33256181788669        0.332561817886323        0.533433306971642                      0.3                      0.3                      0.3
                     0.06       0.0007513076860653     0.000751307686071434     5.48444735251473e-05     3.97470905810937e-08     3.97470905814807e-08     2.50646472628743e-09         11.2079438964145        0.330367291883818        0.330367291883069        0.532420141531712                      0.3                      0.3                      0.3
                    0.061     0.000799050761758402     0.000799050761754112     6.09608431294199e-05     5.00822626594274e-08     5.00822626591046e-08     3.28405639605885e-09         11.2066631859893        0.328059504842104        0.328059504842611        0.531356177532308                      0.3                      0.3                      0.3
                    0.062     0.000849303744604755     0.000849303744618174     6.76027823738315e-05     6.27468325066697e-08     6.27468325078681e-08     4.27043076277839e-09         11.2025709043551        0.325631382857322        0.325631382855786        0.530238748706808                      0.3                      0.3                      0.3
                    0.063      0.00090221766625502     0.000902217666253004      7.4805217817549e-05     7.81942055770957e-08     7.81942055768829e-08     5.51331724897393e-09         11.1958022302407        0.323075055051615        0.323075055051839        0.529064942596314                      0.3                      0.3                      0.3
                    0.064     0.000957959074644211     0.000957959074622333     8.26054883840125e-05     9.69554918086984e-08     9.69554918059816e-08     7.06958060882063e-09         11.1865642886109        0.320381720789277        0.320381720791631        0.527831562386795                      0.3                      0.3                      0.3
                    0.065      0.00101671257472047      0.00101671257471743     9.10436657931096e-05     1.19652306490398e-07     1.19652306489955e-07     9.00668040312678e-09         11.1747871331841        0.317541487971308        0.317541487971626        0.526535080952569                      0.3                      0.3                      0.3
                    0.066      0.00107868396781091       0.0010786839678109     0.000100162953874805     1.47012088519908e-07     1.47012088519907e-07     1.14043413912134e-08         11.1606920002964        0.314543147337581        0.314543147337582        0.525171575271233                      0.3                      0.3                      0.3
                    0.067      0.00114410308905613      0.00114410308905615     0.000110010114764235     1.79886343758595e-07     1.79886343758598e-07      1.4356463217225e-08         11.1443887375919        0.311374027625123        0.311374027625121        0.523736694876982                      0.3                      0.3                      0.3
                    0.068      0.00121322965357405      0.00121322965357406     0.000120636107560307     2.19273266220636e-07     2.19273266220638e-07     1.79733329514758e-08         11.1260162726016        0.308019548653763        0.308019548653762         0.52222552717218                      0.3                      0.3                      0.3
                    0.069      0.00128635810007895      0.00128635810007893     0.000132096765598781     2.66345240713616e-07     2.66345240713612e-07     2.23841786090412e-08         11.1056754532756        0.304462923001781        0.304462923001782        0.520632525630703                      0.3                      0.3                      0.3
                     0.07      0.00136382493493859      0.00136382493493859     0.000144453699078579      3.2248338810231e-07      3.2248338810231e-07     2.77401573515145e-08         11.0834170706655        0.300684643431629        0.300684643431629        0.518951372482356                      0.3                      0.3                      0.3
                    0.071      0.00144601781482072      0.00144601781482076     0.000157775424262327     3.89321317275094e-07     3.89321317275108e-07     3.42178782330059e-08         11.0593267921601        0.296661849710571        0.296661849710568        0.517174815031754                      0.3                      0.3                      0.3
                    0.072      0.00153338720801293       0.0015333872080129     0.000172138805789475     4.68801467925262e-07     4.68801467925248e-07     4.20236040694346e-08         11.0334504258882         0.29236750413225        0.292367504132253        0.515294457447116                      0.3                      0.3                      0.3
                    0.073      0.00162646151560678       0.0016264615156069     0.000187630919906002     5.63248918641283e-07     5.63248918641339e-07     5.13983313258033e-08          11.005776234491        0.287769305266947        0.287769305266937         0.51330049382628                      0.3                      0.3                      0.3
                    0.074      0.00172586686009444      0.00172586686009439     0.000204351488587014     6.75469862374475e-07      6.7546986237445e-07     6.26240273624706e-08          10.976251969855        0.282828239981017        0.282828239981021         0.51118136382839                      0.3                      0.3                      0.3
                    0.075      0.00183235317161372      0.00183235317161358     0.000222416092240758     8.08885563566275e-07     8.08885563566193e-07     7.60314220884007e-08         10.9447605693046        0.277496632103442        0.277496632103453        0.508923307099965                      0.3                      0.3                      0.3
                    0.076      0.00194682868211412      0.00194682868211401     0.000241960442504829     9.67718258738439e-07     9.67718258738365e-07     9.20099219380031e-08         10.9110643668766        0.271715490061764        0.271715490061773        0.506509788995753                      0.3                      0.3                      0.3
                    0.077      0.00207040526493793      0.00207040526493803     0.000263146073974894     1.15725424716107e-06     1.15725424716115e-06     1.11020453595695e-07          10.874766184377        0.265410890174914        0.265410890174906        0.503920773933619                      0.3                      0.3                      0.3
                    0.078      0.00220445647938911      0.00220445647938874     0.000286167835348599      1.3842226157517e-06     1.38422261575136e-06     1.33612346053209e-07         10.8352303256694        0.258489089696812        0.258489089696841        0.501131852930518                      0.3                      0.3                      0.3
                    0.079       0.0023506862837754      0.00235068628377461      0.00031126331528261     1.65734564293222e-06      1.6573456429314e-06     1.60445607102947e-07         10.7914392639497        0.250830172918002        0.250830172918061        0.498113343251076                      0.3                      0.3                      0.3
                     0.08      0.00251119174317506      0.00251119174317229     0.000338723135338308     1.98813083915685e-06     1.98813083915351e-06     1.92319613677365e-07         10.7417906905192        0.242280739550136        0.242280739550342        0.494829828306531                      0.3                      0.3                      0.3
                    0.081      0.00268845565211736       0.0026884556521154     0.000368896731343362     2.39194143243402e-06     2.39194143243127e-06     2.30206330437463e-07          10.683792366551        0.232648887662054        0.232648887662199        0.491241635892184                      0.3                      0.3                      0.3
                    0.082      0.00288506517372638      0.00288506517373367     0.000402174692102945     2.88912652956857e-06     2.88912652958041e-06     2.75274108368276e-07         10.6136865345161        0.221713788606382        0.221713788605846        0.487312574960475                      0.3                      0.3                      0.3
                    0.083      0.00310260626917316      0.00310260626916694     0.000438892880255147     3.50494801046163e-06     3.50494801044978e-06     3.28849289357916e-07         10.5264177573792        0.209287097201399        0.209287097201859        0.483034668489028                      0.3                      0.3                      0.3
                    0.084      0.00333873678178082      0.00333873678180754     0.000479048537356346     4.26422663653643e-06     4.26422663659652e-06     3.92179646044608e-07         10.4173107255893        0.195404582159169        0.195404582157161        0.478486854801185                      0.3                      0.3                      0.3
                    0.085      0.00358276963077938      0.00358276963078461     0.000521819188558528      5.1748512293297e-06     5.17485122934367e-06     4.65874068428589e-07         10.2873639146808        0.180664593986732        0.180664593986327         0.47391208278327                      0.3                      0.3                      0.3
                    0.086      0.00381635196086989      0.00381635196087054     0.000565496895090715     6.21013736121662e-06     6.21013736121867e-06     5.49489319586278e-07         10.1478775365034        0.166290988083121        0.166290988083069        0.469677965280608                      0.3                      0.3                      0.3
                    0.087      0.00402473564069212      0.00402473564069211     0.000608507048108723     7.32289632544831e-06     7.32289632544826e-06      6.4221565777729e-07         10.0129997251445        0.153417768759045        0.153417768759046        0.466043158523209                      0.3                      0.3                      0.3
                    0.088      0.00420468092247845       0.0042046809224768     0.000650288886464281     8.47930618532307e-06     8.47930618531613e-06     7.43912340903172e-07          9.8895241035143        0.142441257360486        0.142441257360632        0.463027724312209                      0.3                      0.3                      0.3
                    0.089      0.00436029554780704      0.00436029554779401     0.000691028568249221     9.66771123930324e-06     9.66771123924105e-06     8.55188507443762e-07         9.77712331689738        0.133200959649824        0.133200959651034        0.460519391846258                      0.3                      0.3                      0.3
                     0.09      0.00449717236983531       0.0044971723698013      0.00073112539675438     1.08888520498362e-05     1.08888520496548e-05     9.77015335420578e-07         9.67321231830694        0.125372539643327         0.12537253964663        0.458391240656334                      0.3                      0.3                      0.3
                    0.091      0.00462003634742925      0.00462003634743263     0.000770948049350763     1.21477107296736e-05     1.21477107296936e-05      1.1104820941043e-06         9.57531922891718        0.118654044945405        0.118654044945063        0.456542354921224                      0.3                      0.3                      0.3
                    0.092      0.00473241013665939      0.00473241013665125     0.000810782255682355     1.34499942876103e-05     1.34499942875576e-05     1.25671319451975e-06         9.48158850701415        0.112808243468132         0.11280824346899        0.454900006635348                      0.3                      0.3                      0.3
                    0.093      0.00483684089242525      0.00483684089241785     0.000850839525491645     1.48010522295474e-05     1.48010522294951e-05     1.41685268805024e-06         9.39070605610996        0.107657194219689          0.1076571942205        0.453412833770636                      0.3                      0.3                      0.3
                    0.094      0.00493517473830539      0.00493517473834692     0.000891275955915492     1.62056599385355e-05     1.62056599388534e-05     1.59206817103265e-06         9.30182632791393        0.103068132105887        0.103068132101175         0.45204429120862                      0.3                      0.3                      0.3
                    0.095      0.00502876883057365      0.00502876883057432     0.000932208232906363     1.76680641367395e-05      1.7668064136745e-05     1.78355818419128e-06         9.21433000850699       0.0989410223215405       0.0989410223214621         0.45076793045798                      0.3                      0.3                      0.3
                    0.096      0.00511863886347154      0.00511863886346718     0.000973725202085101      1.9192086128671e-05     1.91920861286323e-05     1.99255889709566e-06         9.12779463835647       0.0951993470373534       0.0951993470378822        0.449564234270106                      0.3                      0.3                      0.3
                    0.097      0.00520555900519905      0.00520555900520174      0.00101589586535224     2.07812210002342e-05     2.07812210002598e-05       2.220349351786e-06         9.04192743401227       0.0917836127419219       0.0917836127415851        0.448418522627343                      0.3                      0.3                      0.3
                    0.098      0.00529012968096192      0.00529012968096336      0.00105877486525988     2.24387183633378e-05     2.24387183633524e-05     2.46825542443825e-06         8.95652536390013       0.0886468182384915       0.0886468182383053        0.447319557036804                      0.3                      0.3                      0.3
                    0.099      0.00537282409175474      0.00537282409175541       0.0011024062726698     2.41676444294647e-05     2.41676444294719e-05     2.73765280688356e-06         8.87144689759025       0.0857512728964625       0.0857512728963734         0.44625859567446                      0.3                      0.3                      0.3
                      0.1      0.00545402065326869      0.00545402065327209      0.00114682623697364     2.59709287879023e-05     2.59709287879412e-05     3.02996927047837e-06         8.78659519297906       0.0830663352341022       0.0830663352336383        0.445228741866304                      0.3                      0.3                      0.3
                    0.101       0.0055340260038646       0.0055340260038623      0.00119206486855812     2.78513994548701e-05     2.78513994548423e-05     3.34668640502999e-06         8.70190540530321       0.0805667823159175       0.0805667823162399        0.444224486347287                      0.3                      0.3                      0.3
                    0.102      0.00561309160360804      0.00561309160361379      0.00123814759722596     2.98118091997895e-05     2.98118091998631e-05     3.68934096914219e-06         8.61733635153265       0.0782316158597253       0.0782316158588974        0.443241379729583                      0.3                      0.3                      0.3
                    0.103      0.00569142590391567      0.00569142590391634       0.0012850961674845     3.18548554087262e-05     3.18548554087352e-05     4.05952594500681e-06         8.53286402649122       0.0760431751518539       0.0760431751517554        0.442275794096799                      0.3                      0.3                      0.3
                    0.104       0.0057692034070872       0.0057692034070864      0.00133292937867577     3.39831951766927e-05     3.39831951766813e-05     4.45889136249802e-06          8.4484774048987       0.0739864684168655       0.0739864684169868        0.441324746657465                      0.3                      0.3                      0.3
                    0.105      0.00584657150600273       0.0058465715060003      0.00138166364294585     3.61994568461304e-05     3.61994568460942e-05     4.88914493675654e-06         8.36417473486976       0.0720486621559983       0.0720486621563744        0.440385767370092                      0.3                      0.3                      0.3
                    0.106      0.00592365571643906      0.00592365571644206      0.00143131341151496     3.85062488935849e-05     3.85062488936319e-05     5.35205255097775e-06         8.27996214964358       0.0702186861689714       0.0702186861684956        0.439456798195913                      0.3                      0.3                      0.3
                    0.107      0.00600056372810538      0.00600056372810553      0.00148189150430787     4.09061668112257e-05     4.09061668112282e-05     5.84943860641983e-06         8.19585079877426       0.0684869245422484        0.068486924542224        0.438536115455894                      0.3                      0.3                      0.3
                    0.108      0.00607738857644581      0.00607738857644501      0.00153340936785984     4.34017984657462e-05     4.34017984657324e-05     6.38318625591796e-06         8.11185597078288       0.0668449712584325       0.0668449712585653        0.437622269288847                      0.3                      0.3                      0.3
                    0.109      0.00615421108523012      0.00615421108523171      0.00158587727931338     4.59957282907351e-05     4.59957282907637e-05     6.95523627470738e-06         8.02799736350702       0.0652854349661488       0.0652854349658789        0.436714035935434                      0.3                      0.3                      0.3
                     0.11      0.00623110220345943      0.00623110220346052         0.00163930450949     4.86905405754506e-05      4.8690540575471e-05     7.56759247064098e-06         7.94429207311038       0.0638017815888065       0.0638017815886176         0.43581037975196                      0.3                      0.3                      0.3
                    0.111      0.00630812395413138      0.00630812395413145       0.0016936994545612     5.14888220534045e-05     5.14888220534059e-05     8.22231361477261e-06         7.86076367005773       0.0623882063099789       0.0623882063099659        0.434910422688926                      0.3                      0.3                      0.3
                    0.112        0.006385331411966       0.0063853314119659      0.00174906974340424     5.43931639389613e-05     5.43931639389592e-05     8.92151675143897e-06         7.77743666626576       0.0610395286398113       0.0610395286398295        0.434013419557064                      0.3                      0.3                      0.3
                    0.113      0.00646277344419229      0.00646277344419171      0.00180542232585609     5.74061635295382e-05      5.7406163529526e-05     9.66737982383956e-06         7.69433387461443       0.0597511057440643       0.0597511057441709        0.433118737820236                      0.3                      0.3                      0.3
                    0.114      0.00654049366247629      0.00654049366247606      0.00186276354622321     6.05304254645569e-05     6.05304254645518e-05     1.04621380756334e-05         7.61148021289318       0.0585187603410689       0.0585187603411125        0.432225840962201                      0.3                      0.3                      0.3
                    0.115      0.00661853115754298       0.0066185311575435      0.00192109920468115     6.37685627067288e-05     6.37685627067404e-05     1.13080846030153e-05         7.52888873467051       0.0573387203548901       0.0573387203547925        0.431334274700736                      0.3                      0.3                      0.3
                    0.116      0.00669692111267772       0.0066969211126774      0.00198043460930143     6.71231973040015e-05     6.71231973039939e-05     1.22075699262984e-05         7.44660099849078       0.0562075680689398       0.0562075680690022        0.430443655484052                      0.3                      0.3                      0.3
                    0.117      0.00677569531895602      0.00677569531895744      0.00204077462041415     7.05969609727566e-05     7.05969609727911e-05     1.31630014971579e-05         7.36463417313525       0.0551221970534177       0.0551221970531385        0.429553660833306                      0.3                      0.3                      0.3
                    0.118      0.00685488261029738      0.00685488261029785      0.00210212368874044     7.41924955364729e-05     7.41924955364848e-05     1.41768431444193e-05         7.28301138410074       0.0540797754795223       0.0540797754794273        0.428664021187863                      0.3                      0.3                      0.3
                    0.119      0.00693450923273086      0.00693450923273091       0.0021644858886842     7.79124532480867e-05     7.79124532480879e-05     1.52516144613249e-05          7.2017554332684        0.053077714705906       0.0530777147058965        0.427774512980317                      0.3                      0.3                      0.3
                     0.12       0.0070145991592647      0.00701459915926464      0.00222786494714467     8.17594970162492e-05     8.17594970162476e-05     1.63898901369148e-05         7.12088869172279       0.0521136422614115       0.0521136422614243        0.426884952726864                      0.3                      0.3                      0.3
                    0.121      0.00709517435955419      0.00709517435955467      0.00229226426925332     8.57363005541194e-05     8.57363005541328e-05     1.75942992343655e-05         7.04043285947973       0.0511853784961168       0.0511853784960154        0.425995191958482                      0.3                      0.3                      0.3
                    0.122      0.00717625503216507      0.00717625503216511         0.00235768696115     8.98455484643752e-05     8.98455484643764e-05     1.88675244189925e-05         6.96040900894295        0.050290916319746        0.050290916319737        0.425105112853546                      0.3                      0.3                      0.3
                    0.123      0.00725785980463606      0.00725785980463673      0.00242413585044127     9.40899753472272e-05     9.40899753472471e-05     2.02123011386332e-05         6.88083748544215       0.0494284035504594       0.0494284035503131         0.42421462445863                      0.3                      0.3                      0.3
                    0.124      0.00734000590741284      0.00734000590741285      0.00249161350470401     9.84721704133277e-05     9.84721704133278e-05     2.16314167592248e-05         6.80173786132089       0.0485961274710086       0.0485961274710081        0.423323659404202                      0.3                      0.3                      0.3
                    0.125      0.00742270932494048       0.0074227093249406      0.00256012224833575     0.000102994968193899     0.000102994968193903     2.31277096582461e-05         6.72312901158363       0.0477925012773579       0.0477925012773307        0.422432171040057                      0.3                      0.3                      0.3
                    0.126      0.00750598492761674      0.00750598492761684      0.00262966417801251     0.000107661057712258     0.000107661057712262     2.47040682788371e-05         6.64502897119929       0.0470160521386018       0.0470160521385775        0.421540130927209                      0.3                      0.3                      0.3
                    0.127      0.00758984658733629      0.00758984658733606      0.00270024117695753     0.000112473177764457     0.000112473177764449     2.63634301473141e-05         6.56745502295205       0.0462654106491278       0.0462654106491814        0.420647526634684                      0.3                      0.3                      0.3
                    0.128      0.00767430727900476      0.00767430727900445      0.00277185492819815     0.000117434077728372     0.000117434077728361     2.81087808568987e-05         6.49042362525613       0.0455393014749022       0.0455393014749761        0.419754359797451                      0.3                      0.3                      0.3
                    0.129      0.00775937916995281      0.00775937916995293      0.00284450692694096      0.00012254651743246     0.000122546517432465     2.99431530202983e-05         6.41395043767612       0.0448365350413723       0.0448365350413446        0.418860644400123                      0.3                      0.3                      0.3
                     0.13      0.00784507369893838      0.00784507369893868      0.00291819849219188     0.000127813267012762     0.000127813267012773     3.18696251939811e-05          6.3380503525129       0.0441560001194525       0.0441560001193807        0.417966405255201                      0.3                      0.3                      0.3
                    0.131      0.00793140164611537      0.00793140164611538      0.00299293077789648     0.000133237106760035     0.000133237106760036     3.38913207768427e-05          6.2627374655295       0.0434966571987271        0.043496657198724        0.417071676650417                      0.3                      0.3                      0.3
                    0.132       0.0080183731951491      0.00801837319514885      0.00306870478256905     0.000138820826958863     0.000138820826958853     3.60114068858237e-05         6.18802509442682       0.0428575325510198       0.0428575325510814        0.416176501144216                      0.3                      0.3                      0.3
                    0.133      0.00810599798851697      0.00810599798851689      0.00314552136026093     0.000144567227721547     0.000144567227721544     3.82330932112885e-05         6.11392389470961       0.0422377128931419       0.0422377128931619        0.415280928489877                      0.3                      0.3                      0.3
                    0.134      0.00819428517683176      0.00819428517683161      0.00322338122920378     0.000150479118817352     0.000150479118817346     4.05596308547216e-05         6.04044744474114       0.0416363405825367       0.0416363405825741        0.414385014672938                      0.3                      0.3                      0.3
                    0.135      0.00828324346312338      0.00828324346312338       0.0033022849809618      0.00015655931949859      0.00015655931949859     4.29943111512308e-05         5.96760777768343       0.0410526092816776       0.0410526092816779        0.413488821048793                      0.3                      0.3                      0.3
                    0.136      0.00837288114155807      0.00837288114155809      0.00338223308901624     0.000162810658324838     0.000162810658324839     4.55404644794297e-05         5.89541435435853       0.0404857600357585       0.0404857600357525        0.412592413568481                      0.3                      0.3                      0.3
                    0.137      0.00846320613411604      0.00846320613411621      0.00346322591701157      0.00016923597298602     0.000169235972986028     4.82014590611643e-05         5.82387658997105       0.0399350777178098        0.039935077717764        0.411695862082638                      0.3                      0.3                      0.3
                    0.138       0.0085542260216479      0.00855422602164792      0.00354526372662102     0.000175838110124916     0.000175838110124917     5.09806997534477e-05         5.75300325674315       0.0393998878016015       0.0393998878015942        0.410799239715052                      0.3                      0.3                      0.3
                    0.139      0.00864594807282023      0.00864594807282009      0.00362834668521455     0.000182619925160029     0.000182619925160023     5.38816268348605e-05         5.68280246583963       0.0388795534248552       0.0388795534248934        0.409902622298577                      0.3                      0.3                      0.3
                     0.14      0.00873837927004954      0.00873837927004969      0.00371247487312909     0.000189584282109189     0.000189584282109196     5.69077147886502e-05          5.6132816454726       0.0383734727126532       0.0383734727126104        0.409006087866794                      0.3                      0.3                      0.3
                    0.141      0.00883152633294931      0.00883152633294931      0.00379764829072963     0.000196734053414356     0.000196734053414356     6.00624710848925e-05          5.5444475698911       0.0378810763335375       0.0378810763335382        0.408109716194929                      0.3                      0.3                      0.3
                    0.142      0.00892539573955901      0.00892539573955914      0.00388386686519028     0.000204072119767802     0.000204072119767808     6.33494349634684e-05         5.47630636591643       0.0374018252655061       0.0374018252654683        0.407213588386316                      0.3                      0.3                      0.3
                    0.143      0.00901999374560462      0.00901999374560457      0.00397113045702639     0.000211601369940465     0.000211601369940462     6.67721762200091e-05         5.40886354543417       0.0369352087478055       0.0369352087478188        0.406317786499279                      0.3                      0.3                      0.3
                    0.144      0.00911532640198608      0.00911532640198605      0.00405943886639425     0.000219324700612038     0.000219324700612036     7.03342939968681e-05         5.34212398795507       0.0364807424039679       0.0364807424039777         0.40542239321004                      0.3                      0.3                      0.3
                    0.145      0.00921139957069333      0.00921139957069352      0.00414879183959681     0.000227245016203825     0.000227245016203834     7.40394155805565e-05         5.27609202288835        0.036037966514742       0.0360379665146867        0.404527491509527                      0.3                      0.3                      0.3
                    0.146      0.00930821893929404      0.00930821893929399      0.00423918907318272     0.000235365228713534     0.000235365228713532     7.78911952076377e-05         5.21077136837445       0.0356064444319655       0.0356064444319802        0.403633164430019                      0.3                      0.3                      0.3
                    0.147      0.00940579003415692      0.00940579003415687      0.00433063022204452     0.000243688257553155     0.000243688257553153     8.18933128806375e-05          5.1461652006984       0.0351857611146073       0.0351857611146195        0.402739494799136                      0.3                      0.3                      0.3
                    0.148      0.00950411823252363      0.00950411823252361      0.00442311490322702     0.000252217029389274     0.000252217029389273     8.60494731955523e-05         5.08227615702348       0.0347755217795751       0.0347755217795793        0.401846565018639                      0.3                      0.3                      0.3
                    0.149      0.00960320877430325      0.00960320877430327      0.00451664270147844     0.000260954477986364     0.000260954477986366      9.0363404182124e-05         5.01910640327147       0.0343753506544442       0.0343753506544371        0.400954456866587                      0.3                      0.3                      0.3
                     0.15      0.00970306676924212      0.00970306676924214       0.0046112131742217     0.000269903544052786     0.000269903544052787     9.48388561585918e-05         4.95665747212657       0.0339848898245979       0.0339848898245904        0.400063251319803                      0.3                      0.3                      0.3
                    0.151      0.00980369721047846      0.00980369721047844       0.0047068258563148     0.000279067175089782     0.000279067175089781     9.94796006018743e-05         4.89493054643567       0.0336037981650925       0.0336037981650981        0.399173028395741                      0.3                      0.3                      0.3
                    0.152       0.0099051049802679      0.00990510498026792      0.00480348026461227     0.000288448325243483     0.000288448325243484     0.000104289429034521         4.83392630593791       0.0332317503500101       0.0332317503500033        0.398283867011616                      0.3                      0.3                      0.3
                    0.153       0.0100072948584661       0.0100072948584661      0.00490117590232159     0.000298049955159657     0.000298049955159656     0.000109272151929257         4.77364501342189       0.0328684359339764       0.0328684359339828        0.397395844859953                      0.3                      0.3                      0.3
                    0.154       0.0101102715297134       0.0101102715297134      0.00499991226317401     0.000307875031841622     0.000307875031841621     0.000114431597632496         4.71408487206399       0.0325135584976499       0.0325135584976535        0.396509038298244                      0.3                      0.3                      0.3
                    0.155       0.0102140395900467       0.0102140395900467      0.00509968883539002     0.000317926528511029     0.000317926528511029     0.000119771611307107         4.65524802383383       0.0321668348532426       0.0321668348532427        0.395623522252928                      0.3                      0.3                      0.3
                    0.156       0.0103186035529925       0.0103186035529924      0.00520050510546174     0.000328207424471536     0.000328207424471535     0.000125296053895691         4.59713237273287       0.0318279943050326       0.0318279943050376        0.394739370135443                      0.3                      0.3                      0.3
                    0.157        0.010423967855186        0.010423967855186      0.00530236056175733     0.000338720704975435     0.000338720704975437     0.000131008801105169         4.53973648539891       0.0314967779598686       0.0314967779598579        0.393856653769284                      0.3                      0.3                      0.3
                    0.158        0.010530136861562       0.0105301368615619      0.00540525469792463     0.000349469361093293      0.00034946936109329     0.000136913742412531         4.48305860650869        0.031172938083332       0.0311729380833455        0.392975443328674                      0.3                      0.3                      0.3
                    0.159       0.0106371148701475       0.0106371148701475      0.00550918701613709     0.000360456389586271     0.000360456389586267     0.000143014780093421         4.42709663524002       0.0308562374993424       0.0308562374993631        0.392095807285713                      0.3                      0.3                      0.3
                     0.16       0.0107449061164956       0.0107449061164956      0.00561415703014879     0.000371684792781289     0.000371684792781289     0.000149315828272978         4.37184818136642       0.0305464490289223       0.0305464490289211         0.39121781236736                      0.3                      0.3                      0.3
                    0.161       0.0108535147777912       0.0108535147777913      0.00572016426818695     0.000383157578449172     0.000383157578449175     0.000155820812000001         4.31731051609979       0.0302433549641563       0.0302433549641427        0.390341523520122                      0.3                      0.3                      0.3
                    0.162       0.0109629449766528       0.0109629449766527      0.00582720827567327     0.000394877759685325     0.000394877759685322     0.000162533666344431         4.26348062687055        0.029946746576762       0.0299467465767782        0.389467003882504                      0.3                      0.3                      0.3
                    0.163       0.0110732007846575       0.0110732007846575      0.00593528861778885     0.000406848354793222     0.000406848354793226     0.000169458335518713         4.21035522473153       0.0296564236569596       0.0296564236569431        0.388594314763998                      0.3                      0.3                      0.3
                    0.164       0.0111842862256131       0.0111842862256131      0.00604440488187228     0.000419072387170583     0.000419072387170581     0.000176598772022778         4.15793075722484       0.0293721940809056       0.0293721940809128        0.387723515630871                      0.3                      0.3                      0.3
                    0.165       0.0112962052785941       0.0112962052785941      0.00615455667966753     0.000431552885197999     0.000431552885197996      0.00018395893581316         4.10619917994233       0.0290938734054095       0.0290938734054225        0.386854664097518                      0.3                      0.3                      0.3
                    0.166       0.0114089618807656       0.0114089618807656      0.00626574364942177     0.000444292882130383     0.000444292882130384     0.000191542793496205         4.05516918256657        0.028821284486055       0.0288212844860514        0.385987815923121                      0.3                      0.3                      0.3
                    0.167       0.0115225599300074       0.0115225599300074      0.00637796545784352     0.000457295415990722      0.00045729541599072     0.000199354317545604         4.00482379177207       0.0285542571191454       0.0285542571191513        0.385123025012856                      0.3                      0.3                      0.3
                    0.168       0.0116370032873867       0.0116370032873867      0.00649122180191451     0.000470563529468722     0.000470563529468723     0.000207397485543839         3.95516278281255       0.0282926276937455       0.0282926276937415          0.3842603434238                      0.3                      0.3                      0.3
                    0.169       0.0117522957792805       0.0117522957792805      0.00660551241052227     0.000484100269807683     0.000484100269807684     0.000215676279445963         3.90618150186225       0.0280362389287393        0.028036238928736        0.383399821377141                      0.3                      0.3                      0.3
                     0.17       0.0118684411998002       0.0118684411998002      0.00672083704610239     0.000497908688729386     0.000497908688729384     0.000224194684872709         3.85787511345185       0.0277849394642676        0.027784939464276        0.382541507266505                      0.3                      0.3                      0.3
                    0.171       0.0119854433124615       0.0119854433124614      0.00683719550595559     0.000511991842313592      0.00051199184231359     0.000232956690419751         3.81023861515481       0.0275385836897748        0.027538583689786        0.381685447680134                      0.3                      0.3                      0.3
                    0.172       0.0121033058547371        0.012103305854737      0.00695458762359248      0.00052635279091573     0.000526352790915728     0.000241966286996255         3.76326684246619       0.0272970314227825       0.0272970314227895        0.380831687418045                      0.3                      0.3                      0.3
                    0.173         0.01222203252948         0.01222203252948      0.00707301326990107     0.000540994622478508     0.000540994622478509     0.000251227467184463         3.71695450543037        0.027060147669154       0.0270601476691482        0.379980269515036                      0.3                      0.3                      0.3
                    0.174       0.0123416270219953       0.0123416270219952       0.0071924723542116     0.000555920335411084     0.000555920335411084     0.000260744224622731         3.67129616208255       0.0268278023858374       0.0268278023858397        0.379131235265532                      0.3                      0.3                      0.3
                    0.175       0.0124620929911931       0.0124620929911932      0.00731296482525689     0.000571133072563054     0.000571133072563055     0.000270520553411512         3.62628625494682       0.0265998702568666       0.0265998702568627        0.378284624250357                      0.3                      0.3                      0.3
                    0.176        0.012583434073591        0.012583434073591      0.00743449067201829     0.000586635887076879     0.000586635887076883     0.000280560447541322         3.58191911101632       0.0263762304813348       0.0263762304813204        0.377440474365939                      0.3                      0.3                      0.3
                    0.177       0.0127056538846283       0.0127056538846283       0.0075570499244893     0.000602431859335089     0.000602431859335089      0.00029086790034356         3.53818838697868       0.0261567665728261       0.0261567665728232        0.376598821854308                      0.3                      0.3                      0.3
                    0.178       0.0128287560198967       0.0128287560198966       0.0076806426543279     0.000618524073472286     0.000618524073472285     0.000301446903962351         3.49508929086886        0.025941366169775       0.0259413661697821        0.375759701335377                      0.3                      0.3                      0.3
                    0.179       0.0129527440562939       0.0129527440562938      0.00780526897543484      0.00063491561729541     0.000634915617295407     0.000312301448848505         3.45261543471621       0.0257299208552546       0.0257299208552698        0.374923145839663                      0.3                      0.3                      0.3
                     0.18       0.0130776215531032       0.0130776215531033      0.00793092904443407     0.000651609582205729     0.000651609582205731     0.000323435523273903         3.41076078347064       0.0255223259867898        0.025522325986781        0.374089186842669                      0.3                      0.3                      0.3
                    0.181       0.0132033920530071       0.0132033920530071      0.00805762306107984     0.000668609063122797     0.000668609063122796     0.000334853112866856         3.36951926286888       0.0253184805344579       0.0253184805344613        0.373257854299749                      0.3                      0.3                      0.3
                    0.182       0.0133300590830368       0.0133300590830368      0.00818535126858412     0.000685917158410132     0.000685917158410134     0.000346558200167513         3.32888473573135       0.0251182869275824       0.0251182869275765        0.372429176681838                      0.3                      0.3                      0.3
                    0.183        0.013457626155464        0.013457626155464      0.00831411395386988     0.000703536969802651     0.000703536969802647     0.000358554764202945         3.28885102223774       0.0249216509091921       0.0249216509092064        0.371603181011798                      0.3                      0.3                      0.3
                    0.184       0.0135860967686387       0.0135860967686387      0.00844391144775992     0.000721471602335874     0.000721471602335876     0.000370846780081772          3.2494119065647       0.0247284813974994       0.0247284813974922        0.370779892901008                      0.3                      0.3                      0.3
                    0.185       0.0137154744077746       0.0137154744077746      0.00857474412510184     0.000739724164276728     0.000739724164276732     0.000383438218607716         3.21056113999503       0.0245386903546261       0.0245386903546098         0.36995933658621                      0.3                      0.3                      0.3
                    0.186       0.0138457625456891       0.0138457625456891      0.00870661240482385     0.000758297767056037     0.000758297767056037     0.000396333045911158         3.17229244828766        0.024352192661515       0.0243521926615185         0.36914153496695                      0.3                      0.3                      0.3
                    0.187       0.0139769646434971       0.0139769646434971      0.00883951675382473     0.000777195525202524     0.000777195525202524     0.000409535223099234         3.13459954212942       0.0241689059992529       0.0241689059992551        0.368326509642575                      0.3                      0.3                      0.3
                    0.188        0.014109084151265        0.014109084151265      0.00897345767121875     0.000796420556278454     0.000796420556278453     0.000423048705923048         3.09747613231063       0.0239887507358115       0.0239887507358136        0.367514280949603                      0.3                      0.3                      0.3
                    0.189       0.0142421245086249       0.0142421245086249      0.00910843571200871     0.000815975980816713     0.000815975980816713     0.000436877444462384         3.06091590877094       0.0238116498184822       0.0238116498184824        0.366704867998627                      0.3                      0.3                      0.3
                     0.19        0.014376089149067       0.0143760891490669      0.00924445147098742     0.000835864922259407     0.000835864922259407     0.000451025382826608         3.02491256738058       0.0236375286712851       0.0236375286712864        0.365898288711385                      0.3                      0.3                      0.3
                    0.191       0.0145109814852906       0.0145109814852906      0.00938150558655823     0.000856090506897869     0.000856090506897868     0.000465496458872168         2.98945981616546       0.0234663150972982       0.0234663150973032        0.365094559857241                      0.3                      0.3                      0.3
                    0.192       0.0146468049329509       0.0146468049329509      0.00951959873812836     0.000876655863814078     0.000876655863814078     0.000480294603935423         2.95455137308422       0.0232979391855235       0.0232979391855202        0.364293697089638                      0.3                      0.3                      0.3
                    0.193       0.0147835628929118       0.0147835628929118      0.00965873165583336     0.000897564124823431     0.000897564124823431     0.000495423742581143         2.92018097302497       0.0231323332221254       0.0231323332221231        0.363495714981858                      0.3                      0.3                      0.3
                    0.194       0.0149212587661933       0.0149212587661933      0.00979890510459211     0.000918818424418886     0.000918818424418886     0.000510887792365846         2.88634237220664       0.0229694316056259        0.022969431605623        0.362700627062351                      0.3                      0.3                      0.3
                    0.195       0.0150598959378982       0.0150598959378982      0.00994011989460265     0.000940421899716354     0.000940421899716355     0.000526690663614879         2.85302936344192       0.0228091707661116       0.0228091707661094        0.361908445850045                      0.3                      0.3                      0.3
                    0.196       0.0151994777890718       0.0151994777890718        0.010082376878193     0.000962377690401371      0.00096237769040137     0.000542836259214571         2.82023576195109       0.0226514890881078       0.0226514890881109        0.361119182888307                      0.3                      0.3                      0.3
                    0.197       0.0153400076941186       0.0153400076941186        0.010225676949428      0.00098468893867703      0.00098468893867703     0.000559328474416858         2.78795542027557       0.0224963268367669       0.0224963268367678        0.360332848779102                      0.3                      0.3                      0.3
                    0.198       0.0154814890211637       0.0154814890211637       0.0103700210437062      0.00100735878921309      0.00100735878921309     0.000576171196657975         2.75618223881921       0.0223436260874921        0.022343626087495        0.359549453215864                      0.3                      0.3                      0.3
                    0.199       0.0156239251323936       0.0156239251323936       0.0105154101373245      0.00103039038909624      0.00103039038909624     0.000593368305389064         2.72491015425479       0.0221933306586773       0.0221933306586707        0.358769005016274                      0.3                      0.3                      0.3
                      0.2       0.0157673193843776       0.0157673193843776       0.0106618452470301      0.00105378688778158      0.00105378688778158     0.000610923671919647         2.69413315427054       0.0220453860472488       0.0220453860472505        0.357991512153989                      0.3                      0.3                      0.3
                    0.201       0.0159116751283725       0.0159116751283725       0.0108093274295503      0.00107755143704513      0.00107755143704513      0.00062884115927257         2.66384527768234       0.0218997393672387       0.0218997393672362         0.35721698178995                      0.3                      0.3                      0.3
                    0.202       0.0160569957106095       0.0160569957106096       0.0109578577811118      0.00110168719093745      0.00110168719093745     0.000647124622050821         2.63404061390934       0.0217563392908218       0.0217563392908163        0.356445420302745                      0.3                      0.3                      0.3
                    0.203        0.016203284472566        0.016203284472566       0.0111074374369457       0.0011261973057384      0.00112619730573841     0.000665777906315459         2.60471331153145       0.0216151359920036       0.0216151359920001        0.355676833318266                      0.3                      0.3                      0.3
                    0.204        0.016350544751222        0.016350544751222       0.0112580675707762      0.00115108493991278      0.00115108493991278     0.000684804849473894         2.57585740908236       0.0214760810927298       0.0214760810927283        0.354911225738861                      0.3                      0.3                      0.3
                    0.205       0.0164987798793035       0.0164987798793035       0.0114097493943024      0.00117635325406713      0.00117635325406713     0.000704209280612721         2.54746750948816       0.0213391276110897       0.0213391276110939        0.354148601771587                      0.3                      0.3                      0.3
                    0.206       0.0166479931855115       0.0166479931855115        0.011562484156675      0.00120200541090739      0.00120200541090739     0.000723995018733677         2.51953782774414       0.0212042299119898       0.0212042299119897        0.353388964955534                      0.3                      0.3                      0.3
                    0.207       0.0167981879947399       0.0167981879947399       0.0117162731439585      0.00122804457574921      0.00122804457574921     0.000744165875089586         2.49206276134529       0.0210713436596145       0.0210713436596145         0.35263231818876                      0.3                      0.3                      0.3
                    0.208        0.016949367628281        0.016949367628281       0.0118711176785922      0.00125447391434021      0.00125447391434021     0.000764725651560442         2.46503678483134       0.0209404257720696       0.0209404257720705        0.351878663754246                      0.3                      0.3                      0.3
                    0.209       0.0171015354040198       0.0171015354040198       0.0120270191188507      0.00128129659592371      0.00128129659592371     0.000785678140964097         2.43845445734765       0.0208114343777281       0.0208114343777258        0.351128003344907                      0.3                      0.3                      0.3
                     0.21       0.0172546946366188       0.0172546946366188       0.0121839788582899      0.00130851579119866      0.00130851579119866     0.000807027127001197         2.41231040515812       0.0206843287734998       0.0206843287734969        0.350380338088388                      0.3                      0.3                      0.3
                    0.211       0.0174088486376924       0.0174088486376924       0.0123419983252013      0.00133613467276584      0.00133613467276584     0.000828776384209369         2.38659933507693        0.020559069384704       0.0205590693847073        0.349635668570588                      0.3                      0.3                      0.3
                    0.212       0.0175640007159722       0.0175640007159722       0.0125010789820606        0.001364156415091        0.001364156415091     0.000850929677924958         2.36131603138141       0.0204356177266167       0.0204356177266152        0.348893994858701                      0.3                      0.3                      0.3
                    0.213       0.0177201541774634       0.0177201541774634       0.0126612223249766      0.00139258419446874      0.00139258419446874     0.000873490764252569         2.33645536704111       0.0203139363675179       0.0203139363675236        0.348155316523458                      0.3                      0.3                      0.3
                    0.214       0.0178773123255939       0.0178773123255939       0.0128224298831414       0.0014214211889873      0.00142142118898729     0.000896463390042067         2.31201228971733       0.0201939888932829       0.0201939888932849        0.347419632660622                      0.3                      0.3                      0.3
                    0.215       0.0180354784613541       0.0180354784613541       0.0129847032182826      0.00145067057849404      0.00145067057849404     0.000919851292872667         2.28798183335764       0.0200757398732784       0.0200757398732746        0.346686941911778                      0.3                      0.3                      0.3
                    0.216       0.0181946558834308       0.0181946558834308       0.0131480439241129      0.00148033554456178      0.00148033554456178     0.000943658201043563         2.26435912008889       0.0199591548277196       0.0199591548277198        0.345957242484548                      0.3                      0.3                      0.3
                    0.217       0.0183548478883336       0.0183548478883336       0.0133124536257925      0.00151041927045576      0.00151041927045576     0.000967887833571826         2.24113936769361       0.0198442001961714       0.0198442001961701        0.345230532171778                      0.3                      0.3                      0.3
                    0.218       0.0185160577705145       0.0185160577705145       0.0134779339793849      0.00154092494110146      0.00154092494110146      0.00099254390019582         2.21829870785704       0.0197308433074102       0.0197308433074121         0.34450680837041                      0.3                      0.3                      0.3
                    0.219       0.0186782888224818       0.0186782888224818       0.0136444866713225      0.00157185574305303      0.00157185574305303      0.00101763010138509         2.19589001393137       0.0196190523503448       0.0196190523503423        0.343786068099471                      0.3                      0.3                      0.3
                     0.22       0.0188415443349078       0.0188415443349078       0.0138121134178767      0.00160321486446245      0.00160321486446245      0.00104315012835604         2.17385128326242       0.0195087963461248       0.0195087963461234        0.343068308017401                      0.3                      0.3                      0.3
                    0.221       0.0190058275967312       0.0190058275967312       0.0139808159646289      0.00163500549504938      0.00163500549504938      0.00106910766309276         2.15219725099516       0.0194000451212685       0.0194000451212671        0.342353524438924                      0.3                      0.3                      0.3
                    0.222        0.019171141895254        0.019171141895254       0.0141505960859548      0.00166723082607164      0.00166723082607164      0.00109550637837383         2.13092358185424       0.0192927692818322       0.0192927692818332        0.341641713350959                      0.3                      0.3                      0.3
                    0.223        0.019337490516234        0.019337490516234       0.0143214555845053       0.0016998940502963       0.0016998940502963      0.00112234993780338         2.11002604489629       0.0191869401885935       0.0191869401885958        0.340932870428313                      0.3                      0.3                      0.3
                    0.224       0.0195048767439715       0.0195048767439715       0.0144933962907019      0.00173299836197152      0.00173299836197152      0.00114964199584768            2.08950049606       0.0190825299330608       0.0190825299330602        0.340226991048434                      0.3                      0.3                      0.3
                    0.225       0.0196733038613931       0.0196733038613931       0.0146664200622321      0.00176654695679885      0.00176654695679885      0.00117738619787582         2.06934289112615       0.0189795113145011       0.0189795113145038        0.339524070305838                      0.3                      0.3                      0.3
                    0.226       0.0198427751501296       0.0198427751501296       0.0148405287835593       0.0018005430319062       0.0018005430319062      0.00120558618020549         2.04954928361776       0.0188778578177481       0.0188778578177491        0.338824103025674                      0.3                      0.3                      0.3
                    0.227       0.0200132938905915       0.0200132938905915       0.0150157243654299      0.00183498978582142      0.00183498978582142      0.00123424557015193         2.03011582464437       0.0187775435918341       0.0187775435918351        0.338127083777137                      0.3                      0.3                      0.3
                    0.228       0.0201848633620396       0.0201848633620396       0.0151920087443962      0.00186989041844639      0.00186989041844639      0.00126336798608189         2.01103875943614       0.0186785434294295         0.01867854342943        0.337433006885968                      0.3                      0.3                      0.3
                    0.229       0.0203574868426524       0.0203574868426524        0.015369383882344      0.00190524813103168      0.00190524813103168      0.00129295703747098         1.99231444261487       0.0185808327470369       0.0185808327470369        0.336741866446589                      0.3                      0.3                      0.3
                     0.23       0.0205311676095902       0.0205311676095902       0.0155478517660245      0.00194106612615177      0.00194106612615177      0.00132301632496435         1.97393932672497       0.0184843875658571       0.0184843875658585        0.336053656333834                      0.3                      0.3                      0.3
                    0.231       0.0207059089390559       0.0207059089390559       0.0157274144065994      0.00197734760768079      0.00197734760768079      0.00135354944044145          1.9559099577258       0.0183891844934035       0.0183891844934069        0.335368370213962                      0.3                      0.3                      0.3
                    0.232       0.0208817141063526       0.0208817141063526       0.0159080738391896      0.00201409578076875      0.00201409578076875      0.00138455996708349         1.93822298073284       0.0182952007057562       0.0182952007057541        0.334686001555404                      0.3                      0.3                      0.3
                    0.233       0.0210585863859388       0.0210585863859388       0.0160898321224339      0.00205131385181831      0.00205131385181831      0.00141605147944431         1.92087514145816       0.0182024139304189       0.0182024139304185        0.334006543638915                      0.3                      0.3                      0.3
                    0.234       0.0212365290514798       0.0212365290514798       0.0162726913380546      0.00208900502846202      0.00208900502846202      0.00144802754352406         1.90386328312034       0.0181108024298475       0.0181108024298475        0.333329989567336                      0.3                      0.3                      0.3
                    0.235       0.0214155453758979       0.0214155453758979       0.0164566535904312      0.00212717251954005      0.00212717251954005      0.00148049171684564          1.8871843450282       0.0180203449854904       0.0180203449854904        0.332656332274952                      0.3                      0.3                      0.3
                    0.236        0.021595638631419        0.021595638631419       0.0166417210061818      0.00216581953507835      0.00216581953507835       0.0015134475485337          1.8708353613965       0.0179310208824591       0.0179310208824586        0.331985564536388                      0.3                      0.3                      0.3
                    0.237       0.0217768120896174       0.0217768120896174       0.0168278957337538      0.00220494928626735      0.00220494928626735      0.00154689857939635         1.85481345818747       0.0178428098946658       0.0178428098946666        0.331317678975089                      0.3                      0.3                      0.3
                    0.238       0.0219590690214579       0.0219590690214579       0.0170151799430193      0.00224456498544099      0.00224456498544099      0.00158084834200866         1.83911577025293        0.017755692270553       0.0177556922705513        0.330652668071541                      0.3                      0.3                      0.3
                    0.239       0.0221424126973367       0.0221424126973367       0.0172035758248826      0.00228466984605631      0.00228466984605631      0.00161530036079897         1.82373975259105       0.0176696487192434        0.017669648719243        0.329990524170911                      0.3                      0.3                      0.3
                     0.24       0.0223268463871191       0.0223268463871191       0.0173930855908915      0.00232526708267336      0.00232526708267336       0.0016502581521367         1.80868272354994       0.0175846603972122       0.0175846603972131        0.329331239490538                      0.3                      0.3                      0.3
                    0.241       0.0225123733601764       0.0225123733601764       0.0175837114728592      0.00236635991093558      0.00236635991093558      0.00168572522442233         1.79394213515189         0.01750070889541       0.0175007088954121        0.328674806126929                      0.3                      0.3                      0.3
                    0.242       0.0226989968854197       0.0226989968854197       0.0177754557224912      0.00240795154755058      0.00240795154755058      0.00172170507817894         1.77951550630774       0.0174177762268211       0.0174177762268219        0.328021216062544                      0.3                      0.3                      0.3
                    0.243       0.0228867202313337       0.0228867202313337       0.0179683206110231      0.00245004521027134      0.00245004521027134      0.00175820120614573         1.76540041820548       0.0173358448144174       0.0173358448144174        0.327370461172132                      0.3                      0.3                      0.3
                    0.244        0.023075546666007        0.023075546666007       0.0181623084288622      0.00249264411787768      0.00249264411787768       0.0017952170933726          1.7515944928841       0.0172548974795839        0.017254897479584        0.326722533228891                      0.3                      0.3                      0.3
                    0.245       0.0232654794571624       0.0232654794571624       0.0183574214852397      0.00253575149015831      0.00253575149015831      0.00183275621731656         1.73809538007506       0.0171749174308506       0.0171749174308498        0.326077423910225                      0.3                      0.3                      0.3
                    0.246       0.0234565218721846       0.0234565218721846       0.0185536621078666      0.00257937054789302      0.00257937054789302      0.00187082204793892         1.72490075035529       0.0170958882530705         0.01709588825307        0.325435124803355                      0.3                      0.3                      0.3
                    0.247       0.0236486771781471       0.0236486771781471       0.0187510326426018      0.00262350451283545      0.00262350451283545      0.00190941804780442         1.71200825683232       0.0170177938969145       0.0170177938969125        0.324795627410444                      0.3                      0.3                      0.3
                    0.248       0.0238419486418376       0.0238419486418376       0.0189495354531209      0.00266815660769603      0.00266815660769603      0.00194854767218044         1.69941551051333        0.016940618668731       0.0169406186687314        0.324158923153743                      0.3                      0.3                      0.3
                    0.249       0.0240363395297821       0.0240363395297821       0.0191491729205984      0.00271333005612537      0.00271333005612537      0.00198821436913816         1.68712005397787        0.016864347220742       0.0168643472207417        0.323525003380208                      0.3                      0.3                      0.3
                     0.25       0.0242318531082678       0.0242318531082678       0.0193499474433907      0.00275902808269796      0.00275902808269796      0.00202842157965377         1.67511930739171       0.0167889645415395       0.0167889645415389        0.322893859366122                      0.3                      0.3                      0.3
                    0.251       0.0244284926433649       0.0244284926433649       0.0195518614367301      0.00280525391289622      0.00280525391289622      0.00206917273771092         1.66341053351316       0.0167144559469321       0.0167144559469324        0.322265482321341                      0.3                      0.3                      0.3
                    0.252        0.024626261400947        0.024626261400947       0.0197549173324238      0.00285201077309477      0.00285201077309477      0.00211047127040382         1.65199074400743       0.0166408070710326       0.0166408070710308         0.32163986339334                      0.3                      0.3                      0.3
                    0.253       0.0248251626467112       0.0248251626467112       0.0199591175785594      0.00289930189054519      0.00289930189054519      0.00215232059804074          1.6408566391147       0.0165680038576852       0.0165680038576852        0.321016993671102                      0.3                      0.3                      0.3
                    0.254       0.0250251996461963       0.0250251996461963       0.0201644646392151      0.00294713049336091      0.00294713049336091      0.00219472413424804         1.63000448918616       0.0164960325521384        0.016496032552139        0.320396864188811                      0.3                      0.3                      0.3
                    0.255       0.0252263756648003       0.0252263756648003       0.0203709609941796      0.00299549981050253      0.00299549981050253      0.00223768528607478         1.61943001535107       0.0164248796929906       0.0164248796929906        0.319779465929288                      0.3                      0.3                      0.3
                    0.256       0.0254286939677979       0.0254286939677979       0.0205786091386734      0.00304441307176333      0.00304441307176333      0.00228120746184015         1.60912820692662       0.0163545321043948       0.0163545321043945         0.31916478982734                      0.3                      0.3                      0.3
                    0.257       0.0256321578203556       0.0256321578203556       0.0207874115830822      0.00309387351600205      0.00309387351600205      0.00232529404061638         1.59909313159339       0.0162849768885047       0.0162849768885042        0.318552826772792                      0.3                      0.3                      0.3
                    0.258       0.0258367704875473       0.0258367704875473       0.0209973708526869       0.0031438843584904       0.0031438843584904      0.00236994841772099          1.5893176430625       0.0162162014181707       0.0162162014181719        0.317943567613617                      0.3                      0.3                      0.3
                    0.259       0.0260425352343683       0.0260425352343683       0.0212084895755864      0.00319444883930697      0.00319444883930697       0.0024151739749405         1.57979301626356       0.0161481933298502       0.0161481933298506        0.317337003158568                      0.3                      0.3                      0.3
                     0.26       0.0262494554180954       0.0262494554180954       0.0214207701316228      0.00324557019143307      0.00324557019143307      0.00246097408800982         1.57050851623051       0.0160809405167448       0.0160809405167448        0.316733124179967                      0.3                      0.3                      0.3
                    0.261       0.0264575341206451       0.0264575341206451       0.0216342150835764       0.0032972516486146       0.0032972516486146      0.00250735212671789         1.56145073899363       0.0160144311221466       0.0160144311221475        0.316131921416186                      0.3                      0.3                      0.3
                    0.262        0.026666774601664        0.026666774601664       0.0218488271958029      0.00334949644534924      0.00334949644534924      0.00255431145501309         1.55260277280513       0.0159486535330091       0.0159486535330088        0.315533385573998                      0.3                      0.3                      0.3
                    0.263        0.026877180315847        0.026877180315847        0.022064608974232      0.00340230781687391      0.00340230781687391      0.00260185543110813         1.54394309925202       0.0158835963736866        0.015883596373686        0.314937507330937                      0.3                      0.3                      0.3
                    0.264       0.0270887544339102       0.0270887544339102        0.022281563028282      0.00345568899915247      0.00345568899915247      0.00264998739793903         1.53544392825721       0.0158192484998835       0.0158192484998832        0.314344277337338                      0.3                      0.3                      0.3
                    0.265       0.0273015002206395       0.0273015002206396       0.0224996919805663        0.003509643218815        0.003509643218815      0.00269871072180826         1.52706887553688       0.0157555989927905       0.0157555989927899          0.3137536862184                      0.3                      0.3                      0.3
                    0.266       0.0275154209408238       0.0275154209408238       0.0227189984666686      0.00356417373332586      0.00356417373332586       0.0027480287348077         1.51876850172776       0.0156926371533846       0.0156926371533851        0.313165724576159                      0.3                      0.3                      0.3
                    0.267        0.027730519859264        0.027730519859264       0.0229394851349256      0.00361928377078572      0.00361928377078572      0.00279794477325924         1.51047969376579       0.0156303524969155        0.015630352496916        0.312580382991231                      0.3                      0.3                      0.3
                    0.268       0.0279468002407819       0.0279468002407819       0.0231611546462123      0.00367497656995226      0.00367497656995226      0.00284846216827096         1.50210681001025        0.015568734747541        0.015568734747541        0.311997652024553                      0.3                      0.3                      0.3
                    0.269       0.0281642653502285       0.0281642653502285         0.02338400967373      0.00373125537025205      0.00373125537025205      0.00289958424583995          1.4935107980678       0.0155077738331467        0.015507773833146         0.31141752221908                      0.3                      0.3                      0.3
                     0.27       0.0283829184524919       0.0283829184524919       0.0236080529028028      0.00378812341176954      0.00378812341176954      0.00295131432695533         1.48479253826779       0.0154474598802911       0.0154474598802915        0.310839984101213                      0.3                      0.3                      0.3
                    0.271       0.0286027628125046       0.0286027628125046       0.0238332870306742      0.00384558393523639      0.00384558393523639      0.00300365572769992         1.47453390840046       0.0153877832093268       0.0153877832093268        0.310265028182353                      0.3                      0.3                      0.3
                    0.272       0.0288238016952507       0.0288238016952507       0.0240597147663097      0.00390364018202086      0.00390364018202086      0.00305661175935184         1.46345356070034       0.0153287343296468       0.0153287343296473        0.309692644960232                      0.3                      0.3                      0.3
                    0.273       0.0290460383657722       0.0290460383657722       0.0242873388302024      0.00396229539411746      0.00396229539411746      0.00311018572848519         1.45061977446576        0.015270303935085       0.0152703039350846        0.309122824920252                      0.3                      0.3                      0.3
                    0.274       0.0292694760891755       0.0292694760891755       0.0245161619541827      0.00402155281413687      0.00402155281413687      0.00316438093707006         1.43753757126914       0.0152124828994295       0.0152124828994293        0.308555558536741                      0.3                      0.3                      0.3
                    0.275        0.029494118130637        0.029494118130637       0.0247461868812331      0.00408141568529589      0.00408141568529589      0.00321920068257219         1.42397582357464       0.0151552622720986       0.0151552622720985        0.307990836274057                      0.3                      0.3                      0.3
                    0.276       0.0297199677554091       0.0297199677554091       0.0249774163653028      0.00414188725140775      0.00414188725140775      0.00327464825805122         1.41004744133319        0.015098633273907       0.0150986332739063        0.307428648587807                      0.3                      0.3                      0.3
                    0.277       0.0299470282288249       0.0299470282288249       0.0252098531711308      0.00420297075687247      0.00420297075687247      0.00333072695225884         1.39583272935789        0.015042587292982       0.0150425872929816        0.306868985925815                      0.3                      0.3                      0.3
                    0.278       0.0301753028163033       0.0301753028163033       0.0254435000740678      0.00426466944666749      0.00426466944666749      0.00338744004973565         1.38139493088104       0.0149871158807795        0.014987115880778        0.306311838729181                      0.3                      0.3                      0.3
                    0.279       0.0304047947833538       0.0304047947833538       0.0256783598599042      0.00432698656633843      0.00432698656633843      0.00344479083090729         1.36678461613034        0.014932210748219       0.0149322107482188        0.305757197433232                      0.3                      0.3                      0.3
                     0.28       0.0306355073955805       0.0306355073955805       0.0259144353247007      0.00438992536199002      0.00438992536199002      0.00350278257217998         1.35204346321568       0.0148778637619327       0.0148778637619325        0.305205052468387                      0.3                      0.3                      0.3
                    0.281       0.0308674439186863       0.0308674439186863       0.0261517292746213      0.00445348908027721      0.00445348908027721      0.00356141854603466         1.33720646062541       0.0148240669406186       0.0148240669406186        0.304655394261072                      0.3                      0.3                      0.3
                    0.282       0.0311006076184767       0.0311006076184767       0.0263902445257701      0.00451768096839648      0.00451768096839648      0.00362070202112071         1.32230338426568        0.014770812451484       0.0147708124514836          0.3041082132345                      0.3                      0.3                      0.3
                    0.283       0.0313350017608634       0.0313350017608634       0.0266299839040301      0.00458250427407725      0.00458250427407725      0.00368063626234825         1.30735983268285       0.0147180926068104       0.0147180926068104        0.303563499809495                      0.3                      0.3                      0.3
                    0.284       0.0315706296118676       0.0315706296118676       0.0268709502449078      0.00464796224557346      0.00464796224557346      0.00374122453098016         1.29239804476236       0.0146658998605965       0.0146658998605965        0.303021244405148                      0.3                      0.3                      0.3
                    0.285       0.0318074944376229       0.0318074944376229       0.0271131463933742      0.00471405813165538      0.00471405813165538      0.00380247008472199         1.27743740700068       0.0146142268053104       0.0146142268053096        0.302481437439677                      0.3                      0.3                      0.3
                    0.286       0.0320455995043786       0.0320455995043786       0.0273565752037171      0.00478079518160145      0.00478079518160145      0.00386437617781229         1.26249494270121       0.0145630661686997       0.0145630661686997        0.301944069330941                      0.3                      0.3                      0.3
                    0.287        0.032284948078502        0.032284948078502       0.0276012395393888      0.00484817664519037      0.00484817664519037      0.00392694606111072         1.24758567458861       0.0145124108107422       0.0145124108107422        0.301409130497196                      0.3                      0.3                      0.3
                    0.288       0.0325255434264824       0.0325255434264824       0.0278471422728608      0.00491620577269353      0.00491620577269353      0.00399018298218586         1.23272284090835       0.0144622537199369       0.0144622537199371        0.300876611357653                      0.3                      0.3                      0.3
                    0.289       0.0327673888149284       0.0327673888149284       0.0280942862854764      0.00498488581486633      0.00498488581486633      0.00405409018540117         1.21791822118531        0.014412588013159        0.014412588013159        0.300346502333179                      0.3                      0.3                      0.3
                     0.29       0.0330104875105774       0.0330104875105774       0.0283426744673133      0.00505422002294223      0.00505422002294223      0.00411867091200125         1.20318226899609       0.0143634069286801       0.0143634069286811        0.299818793846704                      0.3                      0.3                      0.3
                    0.291       0.0332548427802927       0.0332548427802927       0.0285923097170408       0.0051242116486243       0.0051242116486243      0.00418392840019556         1.18852427454038       0.0143147038261775       0.0143147038261773        0.299293476323887                      0.3                      0.3                      0.3
                    0.292       0.0335004578910666       0.0335004578910666       0.0288431949417827      0.00519486394407821      0.00519486394407821      0.00424986588524184         1.17395252147837       0.0142664721833487       0.0142664721833498        0.298770540193625                      0.3                      0.3                      0.3
                    0.293        0.033747336110022        0.033747336110022       0.0290953330569836      0.00526618016192518      0.00526618016192518      0.00431648659952834         1.15947440528305       0.0142187055933131       0.0142187055933125        0.298249975888526                      0.3                      0.3                      0.3
                    0.294       0.0339954807044139       0.0339954807044139       0.0293487269862752      0.00533816355523491      0.00533816355523491      0.00438379377265479          1.1450964016062       0.0141713977620546       0.0141713977620543        0.297731773845433                      0.3                      0.3                      0.3
                    0.295       0.0342448949416309       0.0342448949416309       0.0296033796613454      0.00541081737751877      0.00541081737751877      0.00445179063151234         1.13082459783868       0.0141245425059583        0.014124542505958        0.297215924505889                      0.3                      0.3                      0.3
                    0.296       0.0344955820891966       0.0344955820891966       0.0298592940218107      0.00548414488272303      0.00548414488272303      0.00452048040036251         1.11666353412112       0.0140781337493914       0.0140781337493915        0.296702418316574                      0.3                      0.3                      0.3
                    0.297       0.0347475454147705       0.0347475454147705        0.030116473015089      0.00555814932522224      0.00555814932522224      0.00458986630091472         1.10261844140695       0.0140321655223655       0.0140321655223652        0.296191245729776                      0.3                      0.3                      0.3
                    0.298       0.0350007881861489       0.0350007881861489       0.0303749195962747      0.00563283395981273      0.00563283395981273      0.00465995155240289         1.08869316791913       0.0139866319582427       0.0139866319582429        0.295682397203814                      0.3                      0.3                      0.3
                    0.299       0.0352553136712663       0.0352553136712663       0.0306346367280171      0.00570820204170623      0.00570820204170623      0.00473073937166092         1.07489129421538        0.013941527291516       0.0139415272915163        0.295175863203449                      0.3                      0.3                      0.3
                      0.3       0.0355111251381959       0.0355111251381959       0.0308956273803989      0.00578425682652359      0.00578425682652359       0.0048022329731969         1.06121596450478       0.0138968458556389       0.0138968458556387        0.294671634200299                      0.3                      0.3                      0.3
