
cutoff_GeV = 0.586967971572559

[NJLDimensionfulCouplings]
lagrangianInteractions = interactions_4SP_det_8SP
fourQuarkSPCouplingCutoff2 = 2.7596253718366
determinantCouplingCutoff5 = -11.752021770155
eightQuarkSPOziViolatingCouplingCutoff8 = 44.861215303826 
eightQuarkSPNonOziViolatingCouplingCutoff8 = -24.3337469126998
