                   T[GeV]                nU[GeV^3]                nD[GeV^3]                nS[GeV^3]             nUBar[GeV^3]             nDBar[GeV^3]            nSBbar[GeV^3]                W[GeV^-2]               effMU[GeV]               effMD[GeV]               effMS[GeV]              effCPU[GeV]              effCPD[GeV]              effCPS[GeV]
                    0.084     0.000235144072118386     0.000235144072118386     4.87939276318934e-05     4.83880586106987e-06     4.83880586106987e-06     9.85669290728811e-07          6.0996122243909        0.380342283801641        0.380342283801641        0.551908386838797        0.164011693066599        0.164011693066599        0.164011693066599
                    0.085     0.000250542469182144     0.000250542469182462     5.31374757670017e-05     5.40309239971982e-06     5.40309239972687e-06     1.12410113853155e-06         6.07721885190971        0.378921345587856        0.378921345587705        0.550804818587455        0.164011693066599        0.164011693066599        0.164011693066599
                    0.086     0.000266762328473432     0.000266762328473319      5.7795908760125e-05     6.02271687838537e-06     6.02271687838274e-06      1.2790306969985e-06         6.05512270658094        0.377426328887144        0.377426328887195        0.549643336036532        0.164011693066599        0.164011693066599        0.164011693066599
                    0.087     0.000283846063724158     0.000283846063724067     6.27887714092472e-05     6.70231111052368e-06     6.70231111052147e-06     1.45211782320843e-06         6.03340576466367            0.37585317728        0.375853177280039        0.548420836300764        0.164011693066599        0.164011693066599        0.164011693066599
                    0.088     0.000301839385682693     0.000301839385682401     6.81369858404423e-05     7.44688108677536e-06     7.44688108676791e-06     1.64517041224197e-06         6.01215798366367        0.374197463814963        0.374197463815084        0.547133944573209        0.164011693066599        0.164011693066599        0.164011693066599
                    0.089     0.000320791733450778     0.000320791733451816     7.38630141841269e-05     8.26184692778529e-06     8.26184692781298e-06     1.86015890012955e-06         5.99147626230299        0.372454338214337        0.372454338213926        0.545778976064329        0.164011693066599        0.164011693066599        0.164011693066599
                     0.09     0.000340756784602842     0.000340756784602191     7.99910502941029e-05     9.15308955509875e-06      9.1530895550806e-06     2.09923291685013e-06         5.97146683340724         0.37061846385456        0.370618463854807        0.544351890653092        0.164011693066599        0.164011693066599        0.164011693066599
                    0.091     0.000361793061698117     0.000361793061698206     8.65472470326277e-05     1.01270055896733e-05     1.01270055896759e-05     2.36474055678068e-06          5.9522478482628        0.368683942469291        0.368683942469258        0.542848238802112        0.164011693066599        0.164011693066599        0.164011693066599
                    0.092     0.000383964658831637     0.000383964658831008     9.35599876516325e-05     1.11905724363463e-05     1.11905724363272e-05     2.65925086638031e-06         5.93395007019053        0.366644223472518        0.366644223472737        0.541263096573005        0.164011693066599        0.164011693066599        0.164011693066599
                    0.093     0.000407342119097246     0.000407342119099551     0.000101060212407798     1.23514260978382e-05      1.2351426097911e-05     2.98558032468528e-06         5.91671925124891         0.36449199383929         0.36449199383852        0.539590986863946        0.164011693066599        0.164011693066599        0.164011693066599
                    0.094     0.000432003503334293     0.000432003503334337     0.000109081814959426     1.36179550477555e-05      1.3617955047757e-05     3.34682432658216e-06         5.90072120314873        0.362219043292718        0.362219043292703        0.537825783209297        0.164011693066599        0.164011693066599        0.164011693066599
                    0.095     0.000458035704343599     0.000458035704342827     0.000117662128000139     1.49994145963363e-05     1.49994145963098e-05     3.74639245518992e-06         5.88614483460035        0.359816097650992         0.35981609765123        0.535960591129363        0.164011693066599        0.164011693066599        0.164011693066599
                    0.096     0.000485536079971888     0.000485536079971825     0.000126842524396412     1.65060677277352e-05      1.6506067727733e-05     4.18806403382302e-06         5.87320747155723        0.357272610621233        0.357272610621252        0.533987600253261        0.164011693066599        0.164011693066599        0.164011693066599
                    0.097     0.000514614505819054     0.000514614505817781     0.000136669169819196     1.81493605881253e-05     1.81493605880782e-05     4.67603118334541e-06         5.86216240290338        0.354576500689388         0.35457650068975        0.531897897913396        0.164011693066599        0.164011693066599        0.164011693066599
                    0.098     0.000545395988035869     0.000545395988034291     0.000147193976970558     1.99421439950297e-05     1.99421439949689e-05     5.21497767108896e-06         5.85330779337329         0.35171381447087        0.351713814471301        0.529681231251003        0.164011693066599        0.164011693066599        0.164011693066599
                    0.099      0.00057802403666463     0.000578024036662221     0.000158475832623047     2.18989571046084e-05     2.18989571045121e-05     5.81016613511064e-06         5.84700145899469        0.348668289737831        0.348668289738464        0.527325699266578        0.164011693066599        0.164011693066599        0.164011693066599
                      0.1     0.000612665091232574     0.000612665091226405     0.000170582200842452     2.40363966141138e-05     2.40363966138577e-05     6.46755280981985e-06         5.84367309838285        0.345420778972781        0.345420778974339        0.524817347707424        0.164011693066599        0.164011693066599        0.164011693066599
                    0.101     0.000649514561242059     0.000649514561242056     0.000183591122145608     2.63736116932842e-05     2.63736116932841e-05     7.19393913268515e-06         5.84385498657922        0.341948443770919         0.34194844377092        0.522139603902801        0.164011693066599        0.164011693066599        0.164011693066599
                    0.102     0.000688804421872544     0.000688804421872546     0.000197594821830393     2.89329465384645e-05     2.89329465384646e-05     7.99716867010669e-06         5.84820875087356        0.338223807757348        0.338223807757348        0.519272617828463        0.164011693066599        0.164011693066599        0.164011693066599
                    0.103     0.000730815079478788     0.000730815079478786     0.000212702234656407     3.17408839659572e-05      3.1740883965957e-05     8.88640879791457e-06         5.85757801601394        0.334213113008627        0.334213113008628        0.516192113520082        0.164011693066599        0.164011693066599        0.164011693066599
                    0.104      0.00077589110812564     0.000775891108125619      0.00022904630813878     3.48293359337157e-05     3.48293359337147e-05     9.87253608671589e-06          5.8730596328402        0.329874270562231        0.329874270562235        0.512867969479481        0.164011693066599        0.164011693066599        0.164011693066599
                    0.105     0.000824465205147431     0.000824465205147439     0.000246791675141552     3.82375691990591e-05     3.82375691990595e-05      1.0968703447211e-05         5.89612278377554        0.325153643754968        0.325153643754966        0.509261993528409        0.164011693066599        0.164011693066599        0.164011693066599
                    0.106     0.000877094914155309     0.000877094914155292     0.000266147809908345     4.20151443601955e-05     4.20151443601946e-05     1.21912029581013e-05         5.92879088722732        0.319981105762055        0.319981105762058        0.505324517843599        0.164011693066599        0.164011693066599        0.164011693066599
                    0.107      0.00093452183410964       0.0009345218341096     0.000287389896213422     4.62266269646376e-05     4.62266269646354e-05     1.35608047522525e-05         5.97395209709313        0.314262025440961        0.314262025440968         0.50098890019788        0.164011693066599        0.164011693066599        0.164011693066599
                    0.108      0.00099777281757261     0.000997772817572455     0.000310894366370344     5.09595958663522e-05     5.09595958663435e-05      1.5105081866133e-05          6.0359426194383        0.307863490265117        0.307863490265146        0.496162112455155        0.164011693066599        0.164011693066599        0.164011693066599
                    0.109      0.00106834640984048      0.00106834640984071     0.000337204149966079     5.63393235586691e-05     5.63393235586821e-05     1.68625464731415e-05         6.12167894847936        0.300588773231687        0.300588773231647        0.490707381673811        0.164011693066599        0.164011693066599        0.164011693066599
                     0.11      0.00114859265516234      0.00114859265516225     0.000367161164343099     6.25585489360005e-05     6.25585489359953e-05      1.8891008256732e-05         6.24314492124353        0.292124995788537        0.292124995788552        0.484408797880503        0.164011693066599        0.164011693066599        0.164011693066599
                    0.111      0.00124260581403678      0.00124260581403954     0.000402216797877263     6.99471912665023e-05     6.99471912666753e-05       2.128693761471e-05         6.42386411968769        0.281919306892813        0.281919306892361        0.476888092448058        0.164011693066599        0.164011693066599        0.164011693066599
                    0.112      0.00135885058240564      0.00135885058239459     0.000445342924777377     7.91768506598533e-05     7.91768506591252e-05     2.42416731421098e-05         6.72031601193622        0.268812015510075        0.268812015511811        0.467359870853367        0.164011693066599        0.164011693066599        0.164011693066599
                    0.113      0.00152204897131818      0.00152204897131818      0.00050514750823799     9.21853167056883e-05     9.21853167056882e-05     2.82925241482301e-05         7.33846665743862        0.249361753580721        0.249361753580721        0.453525341266369        0.164011693066599        0.164011693066599        0.164011693066599
                    0.114      0.00221862768687091       0.0022186276868714     0.000755484541093198     0.000149120209101225     0.000149120209101269     4.40099963883064e-05         4.93234288552589        0.152438235566741        0.152438235566664        0.391988289392302        0.164011693066599        0.164011693066599        0.164011693066599
                    0.115      0.00243738851279985      0.00243738851279985     0.000850410309734094     0.000172268598268472     0.000172268598268473     5.10417376752313e-05          2.9431317712103        0.123812687771193        0.123812687771191        0.376812308296882        0.164011693066599        0.164011693066599        0.164011693066599
                    0.116      0.00255296564967431      0.00255296564967582     0.000908536670252816     0.000186776971189053      0.00018677697118921     5.60233570297199e-05          2.5498757973774        0.111162697368526        0.111162697368245        0.370557653991816        0.164011693066599        0.164011693066599        0.164011693066599
                    0.117      0.00264435713374051      0.00264435713374231     0.000958455768244655     0.000199377815166815     0.000199377815167011     6.06571783175847e-05           2.360982606427        0.102474799405936        0.102474799405581        0.366394124122381        0.164011693066599        0.164011693066599        0.164011693066599
                    0.118      0.00272432461402777      0.00272432461402785      0.00100478377411353     0.000211169134457941     0.000211169134457951     6.52163149433833e-05         2.24471775342444       0.0957642255405175       0.0957642255404998        0.363232394211791        0.164011693066599        0.164011693066599        0.164011693066599
                    0.119      0.00279767940355119      0.00279767940355124      0.00104925605065297     0.000222567324482041     0.000222567324482046      6.9804609089844e-05         2.16285615854312       0.0902707943110916       0.0902707943110822        0.360664634337508        0.164011693066599        0.164011693066599        0.164011693066599
                     0.12      0.00286680094346909      0.00286680094346909      0.00109272950186248     0.000233779877181452     0.000233779877181451     7.44747648405611e-05         2.09991710583015       0.0856131918358744       0.0856131918358753        0.358490313971206        0.164011693066599        0.164011693066599        0.164011693066599
                    0.121      0.00293305259959731       0.0029330525995973      0.00113569399503679     0.000244926986584427     0.000244926986584426     7.92584288969693e-05         2.04840786054047       0.0815700050908216       0.0815700050908236        0.356595155305947        0.164011693066599        0.164011693066599        0.164011693066599
                    0.122      0.00299729291001031      0.00299729291000473      0.00117845803708956     0.000256085422651394     0.000256085422650684     8.41769293831601e-05         2.00427206969307       0.0780000097649367       0.0780000097662716        0.354907579978975        0.164011693066599        0.164011693066599        0.164011693066599
                    0.123      0.00306009890636361      0.00306009890636772      0.00122122899501872     0.000267307769128874      0.00026730776912941     8.92459004862221e-05         1.96513305059446       0.0748071503761917       0.0748071503751774        0.353379774452137        0.164011693066599        0.164011693066599        0.164011693066599
                    0.124      0.00312187872729253      0.00312187872729403      0.00126415406420131     0.000278632132251746     0.000278632132251947      9.4477641354072e-05         1.92951748454359       0.0719226479152359       0.0719226479148522        0.351978105374443        0.164011693066599        0.164011693066599        0.164011693066599
                    0.125      0.00318293170127671      0.00318293170127151       0.0013073415366013     0.000290087200178335     0.000290087200177622     9.98823118570366e-05         1.89646984326819       0.0692954986876597       0.0692954986890254        0.350678080945804        0.164011693066599        0.164011693066599        0.164011693066599
                    0.126      0.00324348429141412      0.00324348429141283      0.00135087377944987     0.000301695611939622     0.000301695611939442     0.000105468667188753         1.86534753119514       0.0668866952131778       0.0668866952135251        0.349461309379138        0.164011693066599        0.164011693066599        0.164011693066599
                    0.127      0.00330371216262163      0.00330371216262529      0.00139481512101688     0.000313475467361077       0.0003134754673616     0.000111244498314941          1.8357090372134       0.0646656676789049       0.0646656676778903        0.348313642662166        0.164011693066599        0.164011693066599        0.164011693066599
                    0.128      0.00336375445324811      0.00336375445324623      0.00143921693753202     0.000325441791321904     0.000325441791321631     0.000117216913620404         1.80724204660295       0.0626079679081284       0.0626079679086608        0.347223978244772        0.164011693066599        0.164011693066599        0.164011693066599
                    0.129       0.0034237233499871      0.00342372334998573      0.00148412105721048     0.000337607298551039     0.000337607298550836     0.000123392525618072         1.77972180868557       0.0606937056374803       0.0606937056378783        0.346183456490093        0.164011693066599        0.164011693066599        0.164011693066599
                     0.13      0.00348371071170966      0.00348371071171153      0.00152956210907864     0.000349982961029004     0.000349982961029288     0.000129777578454369          1.7529839978308       0.0589064599633016       0.0589064599627431        0.345184906383033        0.164011693066599        0.164011693066599        0.164011693066599
                    0.131      0.00354379277394591      0.00354379277394538      0.00157556918700522     0.000362578410741173     0.000362578410741091     0.000136378037212132         1.72690680878617       0.0572325013184088       0.0572325013185715        0.344222452472332        0.164011693066599        0.164011693066599        0.164011693066599
                    0.132      0.00360403356643854      0.00360403356643747      0.00162216705563875     0.000375402232093077      0.00037540223209291       0.0001431996517995          1.7013987777388       0.0556602227204135       0.0556602227207455        0.343291229751088        0.164011693066599        0.164011693066599        0.164011693066599
                    0.133      0.00366448744569013      0.00366448744569013      0.00166937704201269     0.000388462178528249     0.000388462178528249     0.000150248003504501         1.67639072037131       0.0541797155807755       0.0541797155807758        0.342387172679566        0.164011693066599        0.164011693066599        0.164011693066599
                    0.134      0.00372520100417592      0.00372520100417609      0.00171721770627002     0.000401765335767776     0.000401765335767805     0.000157528539434385         1.65182937839417       0.0527824478875789       0.0527824478875212        0.341506856345373        0.164011693066599        0.164011693066599        0.164011693066599
                    0.135      0.00378621453229684      0.00378621453229656      0.00176570535430763     0.000415318246799811     0.000415318246799764     0.000165046598343646         1.62767404089742       0.0514610161503977       0.0514610161504922        0.340647374991825        0.164011693066599        0.164011693066599        0.164011693066599
                    0.136      0.00384756315323101      0.00384756315322995      0.00181485443504922     0.000429127008903989     0.000429127008903812     0.000172807430214678         1.60389275491358       0.0502089515704808       0.0502089515708403        0.339806247842103        0.164011693066599        0.164011693066599        0.164011693066599
                    0.137      0.00390927771480181      0.00390927771480112       0.0018646778522255     0.000443197349913533     0.000443197349913416     0.000180816211240808         1.58046058006625       0.0490205666894856       0.0490205666897243        0.338981345173954        0.164011693066599        0.164011693066599        0.164011693066599
                    0.138      0.00397138549828626      0.00397138549828624      0.00191518721192384     0.000457534688847121     0.000457534688847117     0.000189078055383042         1.55735795589717       0.0478908326754408       0.0478908326754494        0.338170829631235        0.164011693066599        0.164011693066599        0.164011693066599
                    0.139      0.00403391078741726      0.00403391078741737      0.00196639302114804      0.00047214418460497      0.00047214418460499     0.000197598023331473         1.53456922045643       0.0468152801302155       0.0468152801301744        0.337373109164205        0.164011693066599        0.164011693066599        0.164011693066599
                     0.14       0.0040968753294373      0.00409687532943728      0.00201830484869316     0.000487030775457115      0.00048703077545711     0.000206381129492239         1.51208191629429       0.0457899181383745       0.0457899181383831        0.336586798933849        0.164011693066599        0.164011693066599        0.164011693066599
                    0.141      0.00416029871179566      0.00416029871179657      0.00207093145661378     0.000502199211333463     0.000502199211333628     0.000215432347447358         1.48988593725236       0.0448111676517948       0.0448111676514548        0.335810690215256        0.164011693066599        0.164011693066599        0.164011693066599
                    0.142      0.00422419867233826       0.0042241986723383      0.00212428090855448     0.000517654080441858     0.000517654080441865     0.000224756614227041         1.46797305389183       0.0438758062292486       0.0438758062292345        0.335043724815214        0.164011693066599        0.164011693066599        0.164011693066599
                    0.143      0.00428859135653777      0.00428859135653812      0.00217836065971199     0.000533399831367489     0.000533399831367554     0.000234358833652294         1.44633649044292        0.042980921869016       0.0429809218688814         0.33428497387349        0.164011693066599        0.164011693066599        0.164011693066599
                    0.144      0.00435349153224613      0.00435349153224619      0.00223317763208676     0.000549440791550834     0.000549440791550846     0.000244243878944512         1.42497094701177       0.0421238741662393       0.0421238741662134        0.333533620179377        0.164011693066599        0.164011693066599        0.164011693066599
                    0.145      0.00441891277004124      0.00441891277004166      0.00228873827785806     0.000565781182827454     0.000565781182827535      0.00025441659475385         1.40387172809908       0.0413022614434708       0.0413022614433032        0.332788943329478        0.164011693066599        0.164011693066599        0.164011693066599
                    0.146      0.00448486759557274      0.00448486759557257       0.0023450486330884     0.000582425134579117     0.000582425134579084     0.000264881798723203         1.38303481154617       0.0405138927616724       0.0405138927617408        0.332050307200158        0.164011693066599        0.164011693066599        0.164011693066599
                    0.147       0.0045513676189176      0.00455136761891752      0.00240211436353421     0.000599376694920794     0.000599376694920777     0.000275644282684085         1.36245693343768       0.0397567639644299       0.0397567639644659        0.331317149314266        0.164011693066599        0.164011693066599        0.164011693066599
                    0.148      0.00461842299562008      0.00461842299562028       0.0024599408039279      0.00061663984026581      0.00061663984026585     0.000286708813554976         1.34213517310861       0.0390290370691485       0.0390290370690647        0.330588971773255        0.164011693066599        0.164011693066599        0.164011693066599
                    0.149      0.00468604576802102      0.00468604576802109      0.00251853299186342     0.000634218483544167      0.00063421848354418     0.000298080134003088          1.3220669453285       0.0383290224513516       0.0383290224513245        0.329865333486304        0.164011693066599        0.164011693066599        0.164011693066599
                     0.15      0.00475424345332018      0.00475424345332013      0.00257789569717782     0.000652116481293008     0.000652116481292999      0.00030976296291612         1.30224994844671       0.0376551633795545       0.0376551633795732         0.32914584348222        0.164011693066599        0.164011693066599        0.164011693066599
                    0.151      0.00482302560740714      0.00482302560740708      0.00263803344755358     0.000670337639802003      0.00067033763980199      0.00032176199572157         1.28268204945765       0.0370060225293786       0.0370060225294065        0.328430155129961        0.164011693066599        0.164011693066599        0.164011693066599
                    0.152      0.00489240063927544      0.00489240063927529      0.00269895055095183     0.000688885720459423     0.000688885720459393     0.000334081904586626         1.26336128492794       0.0363802701797831       0.0363802701798475        0.327717961123344        0.164011693066599        0.164011693066599        0.164011693066599
                    0.153      0.00496237651358334      0.00496237651358322      0.00276065111534471     0.000707764444419374     0.000707764444419348     0.000346727338521299         1.24428582456116       0.0357766738448264       0.0357766738448812        0.327008989114927        0.164011693066599        0.164011693066599        0.164011693066599
                    0.154      0.00503296079716417      0.00503296079716428       0.0028231390661629     0.000726977496692004     0.000726977496692028     0.000359702923407272         1.22545388666115       0.0351940891315596       0.0351940891315084        0.326302997900631        0.164011693066599        0.164011693066599        0.164011693066599
                    0.155      0.00510416069980046      0.00510416069980037      0.00288641816178929     0.000746528529739357     0.000746528529739339     0.000373013261969131         1.20686379082353       0.0346314516534484        0.034631451653487        0.325599774074986        0.164011693066599        0.164011693066599        0.164011693066599
                    0.156      0.00517598311007352      0.00517598311007356      0.00295049200737953     0.000766421166645448     0.000766421166645457      0.00038666293370245         1.18851387473467       0.0340877698572473       0.0340877698572277        0.324899129089593        0.164011693066599        0.164011693066599        0.164011693066599
                    0.157      0.00524843462698625      0.00524843462698621      0.00301536406723519      0.00078665900392181     0.000786659003921802     0.000400656494769413         1.17040250025981       0.0335621186357174       0.0335621186357355        0.324200896659267        0.164011693066599        0.164011693066599        0.164011693066599
                    0.158      0.00532152158791912      0.00532152158791906      0.00308103767593186     0.000807245613994217     0.000807245613994203     0.000414998477872561         1.15252801530806       0.0330536336309283        0.033053633630959        0.323504930467796        0.164011693066599        0.164011693066599        0.164011693066599
                    0.159      0.00539525009342016      0.00539525009342015      0.00314751604836522     0.000828184547415032     0.000828184547415031     0.000429693392114491         1.13488880826881       0.0325615061347225       0.0325615061347266        0.322811102133465        0.164011693066599        0.164011693066599        0.164011693066599
                     0.16      0.00546962602923716      0.00546962602923719      0.00321480228885165     0.000849479334835427     0.000849479334835435     0.000444745722849668         1.11748327983189       0.0320849785143381       0.0320849785143215         0.32211929940075        0.164011693066599        0.164011693066599        0.164011693066599
                    0.161      0.00554465508594688      0.00554465508594688       0.0032828993994081     0.000871133488768052     0.000871133488768052     0.000460159931534835         1.10030973265929       0.0316233400984783       0.0316233400984791        0.321429424528598        0.164011693066599        0.164011693066599        0.164011693066599
                    0.162      0.00562034277648082      0.00562034277648082      0.00335181028730673      0.00089315050516563      0.00089315050516563      0.00047594045558177         1.08336655378467       0.0311759234698112       0.0311759234698109        0.320741392851201        0.164011693066599        0.164011693066599        0.164011693066599
                    0.163      0.00569669445181093      0.00569669445181085       0.0034215377719936     0.000915533864838694     0.000915533864838676     0.000492091708216575         1.06665200060544       0.0307421011143801       0.0307421011144192        0.320055131489801        0.164011693066599        0.164011693066599        0.164011693066599
                    0.164      0.00577371531501101      0.00577371531501096      0.00349208459144409     0.000938287034730059     0.000938287034730048     0.000508618078348434         1.05016452088067       0.0303212823903228        0.030321282390347        0.319370578197438        0.164011693066599        0.164011693066599        0.164011693066599
                    0.165      0.00585141043389513      0.00585141043389518      0.00356345340802258     0.000961413469064642     0.000961413469064654      0.00052552393045094         1.03390223386176       0.0299129107759114       0.0299129107758855        0.318687680320596        0.164011693066599        0.164011693066599        0.164011693066599
                    0.166      0.00592978475239025       0.0059297847523902      0.00363564681389464     0.000984916610386901      0.00098491661038689      0.00054281360445699         1.01786344665513        0.029516461370469       0.0295164613704932        0.318006393864807        0.164011693066599        0.164011693066599        0.164011693066599
                    0.167      0.00600884310079464      0.00600884310079467      0.00370866733604735      0.00100879989049998      0.00100879989049999     0.000560491415670207         1.00204637584918       0.0291314386176568         0.02913143861764        0.317326682651634        0.164011693066599        0.164011693066599        0.164011693066599
                    0.168      0.00608859020504447      0.00608859020504442      0.00378251744095232      0.00103306673131668      0.00103306673131667     0.000578561654693043        0.986449167412497       0.0287573742291452       0.0287573742291689        0.316648517557445        0.164011693066599        0.164011693066599        0.164011693066599
                    0.169      0.00616903069509932      0.00616903069509934      0.00385719953891252      0.00105772054563203      0.00105772054563203      0.00059702858737348        0.971070117858813       0.0283938252874125        0.028393825287404        0.315971875824511        0.164011693066599        0.164011693066599        0.164011693066599
                     0.17      0.00625016911254241      0.00625016911254242      0.00393271598811892      0.00108276473782567      0.00108276473782568     0.000615896561953895        0.955907303004854       0.0280403725095024       0.0280403725095008        0.315296740437116        0.164011693066599        0.164011693066599        0.164011693066599
                    0.171      0.00633200991749523      0.00633200991749523      0.00400906909846181       0.0011082027045054       0.0011082027045054     0.000635169473139277        0.940958876713407        0.027696618647149       0.0276966186471467        0.314623099554176        0.164011693066599        0.164011693066599        0.164011693066599
                    0.172      0.00641455749482894      0.00641455749482892        0.004086261135051      0.00113403788353237      0.00113403788353236     0.000654851833932008        0.926222721647094       0.0273621870590292       0.0273621870590366        0.313950945998835        0.164011693066599        0.164011693066599        0.164011693066599
                    0.173      0.00649781615995431      0.00649781615995426      0.00416429432161779      0.00116027360527619      0.00116027360527618     0.000674947703828112        0.911697143876476       0.0270367203246978       0.0270367203247239        0.313280276785582        0.164011693066599        0.164011693066599        0.164011693066599
                    0.174      0.00658179016402038      0.00658179016402038      0.00424317084366148      0.00118691311273098      0.00118691311273098     0.000695461224779831        0.897380358517065       0.0267198790116222       0.0267198790116211        0.312611092694798        0.164011693066599        0.164011693066599        0.164011693066599
                    0.175      0.00666648369860128      0.00666648369860126       0.0043228928513771      0.00121396000725441       0.0012139600072544     0.000716396514067994        0.883269989942551       0.0264113405722787       0.0264113405722871        0.311943397888457        0.164011693066599        0.164011693066599        0.164011693066599
                    0.176      0.00675190090009695      0.00675190090009695      0.00440346246249901       0.0012414175613957       0.0012414175613957     0.000737757664392554        0.869364225038223       0.0261107982612357       0.0261107982612373        0.311277199552402        0.164011693066599        0.164011693066599        0.164011693066599
                    0.177      0.00683804585369676      0.00683804585369677      0.00448488176494608      0.00126928913575092      0.00126928913575092     0.000759548743974092        0.855661118493823       0.0258179601700642       0.0258179601700588         0.31061250757357        0.164011693066599        0.164011693066599        0.164011693066599
                    0.178      0.00692492259702431      0.00692492259702431      0.00456715281933467      0.00129757808632015      0.00129757808632015     0.000781773796675846        0.842158539266607       0.0255325483273002       0.0255325483273003        0.309949334244233        0.164011693066599        0.164011693066599        0.164011693066599
                    0.179      0.00701253512348095      0.00701253512348094      0.00465027766136014      0.00132628776482499      0.00132628776482499     0.000804436842144058         0.82885455525016       0.0252542978649682       0.0252542978649726        0.309287693991513        0.164011693066599        0.164011693066599        0.164011693066599
                     0.18      0.00710088738531782      0.00710088738531784      0.00473425830405695       0.0013554215190012       0.0013554215190012     0.000827541875966354         0.81574707446322       0.0249829562449896       0.0249829562449822        0.308627603129774        0.164011693066599        0.164011693066599        0.164011693066599
                    0.181      0.00718998329646032      0.00718998329646032      0.00481909673994386      0.00138498269286848      0.00138498269286847     0.000851092869847241        0.802833874925677       0.0247182825411913       0.0247182825411924         0.30796907963397        0.164011693066599        0.164011693066599        0.164011693066599
                    0.182      0.00727982673510833      0.00727982673510832      0.00490479494306465      0.00141497462697951      0.00141497462697951     0.000875093771800761        0.790113109567551       0.0244600467717809       0.0244600467717878        0.307312142931798        0.164011693066599        0.164011693066599        0.164011693066599
                    0.183      0.00737042559407793      0.00737042559407791      0.00499135487092442      0.00144540065865001         0.00144540065865     0.000899548506358345        0.777582570631639       0.0242080292784795       0.0242080292784918        0.306656813713565        0.164011693066599        0.164011693066599        0.164011693066599
                    0.184      0.00746177154328213      0.00746177154328214      0.00507877846633689      0.00147626412217144      0.00147626412217144      0.00092446097479313        0.765240123776758       0.0239620201481489       0.0239620201481425        0.306003113757436        0.164011693066599        0.164011693066599        0.164011693066599
                    0.185      0.00755388051123077      0.00755388051123082      0.00516706765917813      0.00150756834900813      0.00150756834900814     0.000949835055358014        0.753083748639078       0.0237218186733714       0.0237218186733433        0.305351065769577        0.164011693066599        0.164011693066599        0.164011693066599
                    0.186      0.00764675220745763      0.00764675220745761      0.00525622436805894      0.00153931666797968      0.00153931666797968     0.000975674603538251        0.741111293605187       0.0234872328494242       0.0234872328494379        0.304700693237331        0.164011693066599        0.164011693066599        0.164011693066599
                    0.187      0.00774039036399441      0.00774039036399441      0.00534625050191615       0.0015715124054301       0.0015715124054301      0.00100198345231702        0.729320594536777       0.0232580789044901       0.0232580789044901        0.304052020294665        0.164011693066599        0.164011693066599        0.164011693066599
                    0.188      0.00783479868904109      0.00783479868904108      0.00543714796152935      0.00160415888538506      0.00160415888538506      0.00102876541245376        0.717709586032366       0.0230341808599369       0.0230341808599429        0.303405071598719        0.164011693066599        0.164011693066599        0.164011693066599
                    0.189      0.00792998086846246      0.00792998086846247      0.00552891864096379      0.00163725942969755      0.00163725942969755      0.00105602427277385        0.706276108344356       0.0228153701197351       0.0228153701197292        0.302759872216741        0.164011693066599        0.164011693066599        0.164011693066599
                     0.19      0.00802594056717747      0.00802594056717745      0.00562156442894655      0.00167081735818366      0.00167081735818365      0.00108376380046978        0.695018119728875       0.0226014850851789       0.0226014850851895        0.302116447522335        0.164011693066599        0.164011693066599        0.164011693066599
                    0.191      0.00812268143044804      0.00812268143044804      0.00571508721017597      0.00170483598874859      0.00170483598874859      0.00111198774141238        0.683933376378735       0.0223923707944329       0.0223923707944305        0.301474823100486        0.164011693066599        0.164011693066599        0.164011693066599
                    0.192      0.00822020708507685      0.00822020708507685      0.00580948886656879      0.00173931863750414      0.00173931863750414       0.0011406998204716        0.673019846386878       0.0221878785842061       0.0221878785842053        0.300835024660581        0.164011693066599        0.164011693066599        0.164011693066599
                    0.193      0.00831852114052127      0.00831852114052127      0.00590477127844712      0.00177426861887813      0.00177426861887813      0.00116990374184616        0.662275349798834       0.0219878657720497       0.0219878657720542        0.300197077956841        0.164011693066599        0.164011693066599        0.164011693066599
                    0.194      0.00841762718992937      0.00841762718992938      0.00600093632566861      0.00180968924571635      0.00180968924571635      0.00119960318940147        0.651697810623435       0.0217921953583101       0.0217921953583076        0.299561008715523        0.164011693066599        0.164011693066599        0.164011693066599
                    0.195      0.00851752881110506      0.00851752881110506      0.00609798588869998       0.0018455838293777       0.0018455838293777      0.00122980182701458        0.641285077069124       0.0216007357456637       0.0216007357456636        0.298926842568548        0.164011693066599        0.164011693066599        0.164011693066599
                    0.196      0.00861822956740738      0.00861822956740738      0.00619592184963924      0.00188195567982303      0.00188195567982303      0.00126050329892626        0.631035019605072       0.0214133604754264       0.0214133604754263        0.298294604992838        0.164011693066599        0.164011693066599        0.164011693066599
                    0.197      0.00871973300858941       0.0087197330085894      0.00629474609318616      0.00191880810569815      0.00191880810569814      0.00129171123009894        0.620945550602012       0.0212299479791843       0.0212299479791886        0.297664321255112        0.164011693066599        0.164011693066599        0.164011693066599
                    0.198      0.00882204267158053      0.00882204267158054      0.00639446050756333      0.00195614441441124      0.00195614441441124      0.00132342922657983        0.611014621008216       0.0210503813452376         0.02105038134523         0.29703601636171        0.164011693066599        0.164011693066599        0.164011693066599
                    0.199      0.00892516208121798        0.008925162081218      0.00649506698539119      0.00199396791220557      0.00199396791220558      0.00135566087586917        0.601240086652929       0.0208745480978222        0.020874548097809        0.296409715012969        0.164011693066599        0.164011693066599        0.164011693066599
                      0.2      0.00902909475092942      0.00902909475092942      0.00659656742451662      0.00203228190422721       0.0020322819042272      0.00138840974729223        0.591619879540868       0.0207023399895423        0.020702339989548        0.295785441561963        0.164011693066599        0.164011693066599        0.164011693066599
                    0.201      0.00913384418337197      0.00913384418337196      0.00669896372879804      0.00207108969458861       0.0020710896945886      0.00142167939237483          0.5821519369251       0.0205336528050639       0.0205336528050746        0.295163219977201        0.164011693066599        0.164011693066599        0.164011693066599
                    0.202      0.00923941387102984      0.00923941387102984       0.0068022578088492      0.00211039458642817      0.00211039458642817      0.00145547334522203        0.572834198571481       0.0203683861758534       0.0203683861758542         0.29454307380896        0.164011693066599        0.164011693066599        0.164011693066599
                    0.203      0.00934580729677408      0.00934580729677407      0.00690645158274092      0.00215019988196605      0.00215019988196605      0.00148979512289876        0.563664597731316       0.0202064434050766       0.0202064434050797        0.293925026159135        0.164011693066599        0.164011693066599        0.164011693066599
                    0.204      0.00945302793438666      0.00945302793438666       0.0070115469766641      0.00219050888255641      0.00219050888255642      0.00152464822581229         0.55464110989757       0.0200477313022462       0.0200477313022447        0.293309099654246        0.164011693066599        0.164011693066599        0.164011693066599
                    0.205      0.00956107924905232      0.00956107924905234      0.00711754592555646      0.00223132488873664      0.00223132488873665      0.00156003613809635        0.545761704381567       0.0198921600264347       0.0198921600264252        0.292695316421264        0.164011693066599        0.164011693066599        0.164011693066599
                    0.206      0.00966996469781936      0.00966996469781936      0.00722445037837223      0.00227265120027335      0.00227265120027335      0.00159596232799514        0.537024375493366        0.019739642938279       0.0197396429382757         0.29208369806644        0.164011693066599        0.164011693066599        0.164011693066599
                    0.207      0.00977968773521672      0.00977968773521671      0.00733226228046793      0.00231449111620571      0.00231449111620571      0.00163243024824832        0.528427122638774        0.019590096459572       0.0195900964595792        0.291474265656426        0.164011693066599        0.164011693066599        0.164011693066599
                    0.208      0.00989025179350925      0.00989025179350925      0.00744098360053166      0.00235684793488614      0.00235684793488614      0.00166944333647545        0.519967933057768       0.0194434399402271       0.0194434399402272        0.290867039701872        0.164011693066599        0.164011693066599        0.164011693066599
                    0.209       0.0100016603124216       0.0100016603124216      0.00755061631402222      0.00239972495401852      0.00239972495401853       0.0017070050155596        0.511644875857489       0.0192995955323355       0.0192995955323299        0.290262040143227        0.164011693066599        0.164011693066599        0.164011693066599
                     0.21       0.0101139167205234       0.0101139167205234      0.00766116240774889      0.00244312547069423      0.00244312547069422         0.00174511869403        0.503455974833989       0.0191584880704315       0.0191584880704352        0.289659286338553        0.164011693066599        0.164011693066599        0.164011693066599
                    0.211       0.0102270244401649       0.0102270244401649      0.00777262388029691      0.00248705278142587      0.00248705278142587      0.00178378776644322        0.495399295343019        0.019020044958192       0.0190200449581958        0.289058797053206        0.164011693066599        0.164011693066599        0.164011693066599
                    0.212       0.0103409868877948       0.0103409868877948      0.00788500274242308      0.00253151018217924      0.00253151018217924      0.00182301561376218        0.487472905932631       0.0188841960605769       0.0188841960605772        0.288460590451311        0.164011693066599        0.164011693066599        0.164011693066599
                    0.213       0.0104558074742596       0.0104558074742596      0.00799830101742336      0.00257650096840329      0.00257650096840329      0.00186280560373308        0.479674904626188       0.0187508736015217       0.0187508736015215        0.287864684088847        0.164011693066599        0.164011693066599        0.164011693066599
                    0.214       0.0105714896050851       0.0105714896050851      0.00811252074147327      0.00262202843505836      0.00262202843505836      0.00190316109125958        0.472003402901676       0.0186200120667056        0.018620012066707        0.287271094908246        0.164011693066599        0.164011693066599        0.164011693066599
                    0.215       0.0106880366807425       0.0106880366807425        0.008227663963942      0.00266809587664284      0.00266809587664284      0.00194408541877406        0.464456527006255       0.0184915481110646       0.0184915481110646         0.28667983923439        0.164011693066599        0.164011693066599        0.164011693066599
                    0.216       0.0108054520968983       0.0108054520968983      0.00834373274768185      0.00271470658721828      0.00271470658721828      0.00198558191660569        0.457032416790993       0.0183654204708001       0.0183654204707999         0.28609093277187        0.164011693066599        0.164011693066599        0.164011693066599
                    0.217       0.0109237392446511       0.0109237392446511      0.00846072916929194      0.00276186386043304      0.00276186386043304      0.00202765390334458        0.449729245909244       0.0182415698797263       0.0182415698797265        0.285504390603548        0.164011693066599        0.164011693066599        0.164011693066599
                    0.218       0.0110429015107546       0.0110429015107546      0.00857865531936092      0.00280957098954467      0.00280957098954467      0.00207030468620277        0.442545186609759       0.0181199389895627       0.0181199389895626        0.284920227190064        0.164011693066599        0.164011693066599        0.164011693066599
                    0.219       0.0111629422778278       0.0111629422778278      0.00869751330268524      0.00285783126744101      0.00285783126744101      0.00211353756137047        0.435478440331268        0.018000472293991       0.0180004722939918        0.284338456370508        0.164011693066599        0.164011693066599        0.164011693066599
                     0.22       0.0112838649245545       0.0112838649245545      0.00881730523846633      0.00290664798666001      0.00290664798666001      0.00215735581436829        0.428527212130487       0.0178831160564016       0.0178831160564037        0.283759091364012        0.164011693066599        0.164011693066599        0.164011693066599
                    0.221       0.0114056728258711       0.0114056728258711      0.00893803326048834      0.00295602443940864      0.00295602443940864      0.00220176272039509         0.42168975941743       0.0177678182408874       0.0177678182408914        0.283182144772123        0.164011693066599        0.164011693066599        0.164011693066599
                    0.222       0.0115283693531443       0.0115283693531443      0.00905969951727437      0.00300596391758059      0.00300596391758059      0.00224676154467081        0.414964323665888       0.0176545284465536       0.0176545284465512          0.2826076285821        0.164011693066599        0.164011693066599        0.164011693066599
                    0.223       0.0116519578743397       0.0116519578743397      0.00918230617222456      0.00305646971277306      0.00305646971277306      0.00229235554277453        0.408349188089388       0.0175431978447575       0.0175431978447556        0.282035554170883        0.164011693066599        0.164011693066599        0.164011693066599
                    0.224       0.0117764417541805       0.0117764417541805      0.00930585540373617      0.00310754511630263      0.00310754511630263       0.0023385479609776        0.401842642490014       0.0174337791192948       0.0174337791192967        0.281465932309728        0.164011693066599        0.164011693066599        0.164011693066599
                    0.225       0.0119018243542985       0.0119018243542985      0.00943034940530531       0.0031591934192203       0.0031591934192203      0.00238534203657124        0.395442997186033       0.0173262264092139       0.0173262264092148        0.280898773169527        0.164011693066599        0.164011693066599        0.164011693066599
                    0.226       0.0120281090333766       0.0120281090333766      0.00955579038561325      0.00321141791232561      0.00321141791232561      0.00243274099818918        0.389148590816722       0.0172204952542722       0.0172204952542724        0.280334086326599        0.164011693066599        0.164011693066599        0.164011693066599
                    0.227       0.0121552991472842       0.0121552991472842      0.00968218056859533      0.00326422188618014      0.00326422188618014      0.00248074806612445        0.382957759007303       0.0171165425427529       0.0171165425427546        0.279771880769106        0.164011693066599        0.164011693066599        0.164011693066599
                    0.228       0.0122833980492055       0.0122833980492055      0.00980952219349598      0.00331760863112017      0.00331760863112017      0.00252936645264088        0.376868897773967       0.0170143264616599       0.0170143264616565        0.279212164903841        0.164011693066599        0.164011693066599        0.164011693066599
                    0.229       0.0124124090897606       0.0124124090897606      0.00993781751490789      0.00337158143726872      0.00337158143726872      0.00257859936227871        0.370880392103863       0.0169138064490521       0.0169138064490505         0.27865494656353        0.164011693066599        0.164011693066599        0.164011693066599
                     0.23       0.0125423356171211       0.0125423356171211       0.0100670688027986      0.00342614359454696      0.00342614359454696      0.00262844999215471        0.364990643664219       0.0168149431484607       0.0168149431484641        0.278100233014429        0.164011693066599        0.164011693066599        0.164011693066599
                    0.231       0.0126731809771195       0.0126731809771195       0.0101972783425225      0.00348129839268496      0.00348129839268496      0.00267892153225608        0.359198092333625       0.0167176983652964       0.0167176983652979        0.277548030964368        0.164011693066599        0.164011693066599        0.164011693066599
                    0.232       0.0128049485133528       0.0128049485133528       0.0103284484348217      0.00353704912123196      0.00353704912123196      0.00273001716572902        0.353501187827487       0.0166220350251154        0.016622035025114        0.276998346570996        0.164011693066599        0.164011693066599        0.164011693066599
                    0.233       0.0129376415672815       0.0129376415672815       0.0104605813958132      0.00359339906956601      0.00359339906956601      0.00278174006916076        0.347898400935842       0.0165279171336387       0.0165279171336377        0.276451185450415        0.164011693066599        0.164011693066599        0.164011693066599
                    0.234       0.0130712634783229       0.0130712634783229       0.0105936795569663      0.00365035152690317      0.00365035152690317      0.00283409341285618        0.342388224922403       0.0164353097385105       0.0164353097385099        0.275906552685964        0.164011693066599        0.164011693066599        0.164011693066599
                    0.235       0.0132058175839403       0.0132058175839403       0.0107277452650682      0.00370790978230621      0.00370790978230621      0.00288708036110811        0.336969171275289       0.0163441788926421       0.0163441788926427        0.275364452837272        0.164011693066599        0.164011693066599        0.164011693066599
                    0.236       0.0133413072197276       0.0133413072197276       0.0108627808821797      0.00376607712469287      0.00376607712469287       0.0029407040724617        0.331639770183157       0.0162544916190551       0.0162544916190546        0.274824889949492        0.164011693066599        0.164011693066599        0.164011693066599
                    0.237       0.0134777357194896       0.0134777357194896        0.010998788785581      0.00382485684284368      0.00382485684284368       0.0029949676999729        0.326398567397482       0.0161662158772221       0.0161662158772221        0.274287867562679        0.164011693066599        0.164011693066599        0.164011693066599
                    0.238        0.013615106415319        0.013615106415319       0.0111357713677083      0.00388425222540938      0.00388425222540939      0.00304987439146078        0.321244137243036       0.0160793205307577       0.0160793205307564        0.273753388721319        0.164011693066599        0.164011693066599        0.164011693066599
                    0.239       0.0137534226376686       0.0137534226376686       0.0112737310360825      0.00394426656091799      0.00394426656091799      0.00310542728975396        0.316175068776251       0.0159937753164616       0.0159937753164608        0.273221455983973        0.164011693066599        0.164011693066599        0.164011693066599
                     0.24       0.0138926877154211       0.0138926877154211        0.011412670213228      0.00400490313778146      0.00400490313778146      0.00316162953293103        0.311189968575331       0.0159095508145907       0.0159095508145899        0.272692071433005        0.164011693066599        0.164011693066599        0.164011693066599
                    0.241       0.0140329049759549       0.0140329049759549        0.011552591336586      0.00406616524430205      0.00406616524430205      0.00321848425455502        0.306287467600203       0.0158266184203238       0.0158266184203233        0.272165236684395        0.164011693066599        0.164011693066599        0.164011693066599
                    0.242       0.0141740777452071       0.0141740777452071       0.0116934968584184      0.00412805616867836      0.00412805616867836      0.00327599458390193        0.301466213104715       0.0157449503163935       0.0157449503163917        0.271640952897594        0.164011693066599        0.164011693066599        0.164011693066599
                    0.243       0.0143162093477332       0.0143162093477332       0.0118353892457066      0.00419057919901102      0.00419057919901102      0.00333416364618345        0.296724871311905       0.0156645194467846       0.0156645194467846         0.27111922078543        0.164011693066599        0.164011693066599        0.164011693066599
                    0.244       0.0144593031067644       0.0144593031067644       0.0119782709800427      0.00425373762330818      0.00425373762330818      0.00339299456276369        0.292062128093551       0.0155852994914716       0.0155852994914715        0.270600040624038        0.164011693066599        0.164011693066599        0.164011693066599
                    0.245        0.014603362344262        0.014603362344262       0.0121221445575156      0.00431753472949061      0.00431753472949061      0.00345249045137034         0.28747668573916       0.0155072648421589       0.0155072648421608        0.270083412262768        0.164011693066599        0.164011693066599        0.164011693066599
                    0.246       0.0147483903809689       0.0147483903809689       0.0122670124885909      0.00438197380539668      0.00438197380539668      0.00351265442629988        0.282967274990061       0.0154303905789459       0.0154303905789456        0.269569335134122        0.164011693066599        0.164011693066599        0.164011693066599
                    0.247       0.0148943905364597       0.0148943905364597       0.0124128772979863      0.00444705813878698      0.00444705813878698      0.00357348959861731        0.278532631666391       0.0153546524479202       0.0153546524479182        0.269057808263646        0.164011693066599        0.164011693066599        0.164011693066599
                    0.248       0.0150413661291877       0.0150413661291877       0.0125597415245412      0.00451279101734876      0.00451279101734876      0.00363499907635003        0.274171516966937       0.0152800268395758       0.0152800268395768        0.268548830279813        0.164011693066599        0.164011693066599        0.164011693066599
                    0.249       0.0151893204765296       0.0151893204765296       0.0127076077210827      0.00457917572870015      0.00457917572870015      0.00369718596467644        0.269882713709325       0.0152064907681067       0.0152064907681094        0.268042399423831        0.164011693066599        0.164011693066599        0.164011693066599
                     0.25       0.0153382568948292       0.0153382568948292        0.012856478454287      0.00464621556039419      0.00464621556039419      0.00376005336610877        0.265665016881932       0.0151340218514305        0.015134021851431        0.267538513559442        0.164011693066599        0.164011693066599        0.164011693066599
                    0.251       0.0154881786994379       0.0154881786994379       0.0130063563045378       0.0047139137999226      0.00471391379992259      0.00382360438067091        0.261517241299857       0.0150625982920089       0.0150625982920102        0.267037170182591        0.164011693066599        0.164011693066599        0.164011693066599
                    0.252       0.0156390892047544       0.0156390892047544       0.0131572438657795      0.00478227373471945      0.00478227373471945      0.00388784210607043        0.257438221324792       0.0149921988583565       0.0149921988583574        0.266538366431115        0.164011693066599        0.164011693066599        0.164011693066599
                    0.253       0.0157909917242619       0.0157909917242619       0.0133091437453694      0.00485129865216458      0.00485129865216458      0.00395276443136485        0.253426805919373       0.0149228028672624       0.0149228028672622        0.266042099094254        0.164011693066599        0.164011693066599        0.164011693066599
                    0.254       0.0159438895705641       0.0159438895705641       0.0134620586074826       0.0049209918395869       0.0049209918395869       0.0040183900696281        0.249481866650704       0.0148543901666596        0.014854390166658        0.265548364622158        0.164011693066599        0.164011693066599        0.164011693066599
                    0.255       0.0160977861015332       0.0160977861015332       0.0136159910008295      0.00499135658426751      0.00499135658426751      0.00408470649309787        0.245602289102987       0.0147869411191095         0.01478694111911        0.265057159135254        0.164011693066599        0.164011693066599        0.164011693066599
                    0.256       0.0162526845379542       0.0162526845379542       0.0137709436134119      0.00506239617344267      0.00506239617344267      0.00415172199833689        0.241786973970075         0.01472043658593       0.0147204365859288        0.264568478433518        0.164011693066599        0.164011693066599        0.164011693066599
                    0.257       0.0164085882338936       0.0164085882338936       0.0139269191046746      0.00513411389430662      0.00513411389430662      0.00421943967387506        0.238034843725668        0.014654857911849       0.0146548579118494        0.264082318005659        0.164011693066599        0.164011693066599        0.164011693066599
                    0.258       0.0165655004987449       0.0165655004987449       0.0140839201466919      0.00520651303401431      0.00520651303401431      0.00428786260685246         0.23434483521477       0.0145901869102625       0.0145901869102626         0.26359867303818        0.164011693066599        0.164011693066599        0.164011693066599
                    0.259       0.0167234246411789       0.0167234246411789       0.0142419494240057      0.00527959687968393      0.00527959687968393      0.00435699388315675        0.230715901199969        0.014526405848985       0.0145264058489846        0.263117538424314        0.164011693066599        0.164011693066599        0.164011693066599
                     0.26       0.0168823639691712       0.0168823639691712       0.0144010096334615      0.00535336871839937      0.00535336871839937      0.00442683658755575        0.227147013234317       0.0144634974365295       0.0144634974365297        0.262638908772877        0.164011693066599        0.164011693066599        0.164011693066599
                    0.261       0.0170423217900285       0.0170423217900285       0.0145611034840439      0.00542783183721252      0.00542783183721252       0.0044973938038258        0.223637158166217        0.014401444808866       0.0144014448088669        0.262162778416947        0.164011693066599        0.164011693066599        0.164011693066599
                    0.262       0.0172033014104141       0.0172033014104141       0.0147222336967107      0.00550298952314555      0.00550298952314555      0.00456866861487524         0.22018533699956       0.0143402315166561       0.0143402315166565        0.261689141422476        0.164011693066599        0.164011693066599        0.164011693066599
                    0.263        0.017365306136372        0.017365306136372       0.0148844030042262      0.00557884506319295      0.00557884506319295      0.00464066410286405        0.216790567759836       0.0142798415129177       0.0142798415129179        0.261217991596702        0.164011693066599        0.164011693066599        0.164011693066599
                    0.264         0.01752833927335         0.01752833927335        0.015047614150994      0.00565540174432358      0.00565540174432358      0.00471338334931871        0.213451887176775       0.0142202591411471       0.0142202591411471        0.260749322496512        0.164011693066599        0.164011693066599        0.164011693066599
                    0.265       0.0176924041262221       0.0176924041262221       0.0152118698928895      0.00573266285348256      0.00573266285348256       0.0047868294352433        0.210168343897149       0.0141614691238295       0.0141614691238291        0.260283127436599        0.164011693066599        0.164011693066599        0.164011693066599
                    0.266       0.0178575039993095       0.0178575039993095        0.015377172941059      0.00581063167759314      0.00581063167759314      0.00486100544122628        0.206939002664376       0.0141034565513581       0.0141034565513579        0.259819399497525        0.164011693066599        0.164011693066599        0.164011693066599
                    0.267       0.0180236421395169       0.0180236421395169       0.0155435261866058       0.0058893115035586       0.0058893115035586      0.00493591444754356        0.203762944545145       0.0140462068708552       0.0140462068708547        0.259358131533613        0.164011693066599        0.164011693066599        0.164011693066599
                    0.268       0.0181908219648891       0.0181908219648891       0.0157109323624143      0.00596870561826305      0.00596870561826305      0.00501155953425697        0.200639265542426       0.0139897058777489       0.0139897058777481        0.258899316180801        0.164011693066599        0.164011693066599        0.164011693066599
                    0.269        0.018359046720704        0.018359046720704       0.0158793942685835      0.00604881730857436      0.00604881730857436      0.00508794378131015         0.19756707279983       0.0139339397029055       0.0139339397029054        0.258442945864172        0.164011693066599        0.164011693066599        0.164011693066599
                     0.27       0.0185283197092852       0.0185283197092852       0.0160489147158437      0.00612964986134474      0.00612964986134474      0.00516507026861966        0.194545493514788       0.0138788948049096         0.01387889480491        0.257989012805514        0.164011693066599        0.164011693066599        0.164011693066599
                    0.271       0.0186986442324966       0.0186986442324966       0.0162194965253891       0.0062112065634124       0.0062112065634124      0.00524294207616295        0.191573665832348       0.0138245579602522       0.0138245579602525        0.257537509030669        0.164011693066599        0.164011693066599        0.164011693066599
                    0.272       0.0188700235917595       0.0188700235917595       0.0163911425287113      0.00629349068723442      0.00629349068723442      0.00532156227027589        0.188650744398161        0.013770916254318       0.0137709162543177        0.257088426376742        0.164011693066599        0.164011693066599        0.164011693066599
                    0.273       0.0190424610880682       0.0190424610880682       0.0165638555674332      0.00637650554921445      0.00637650554921445      0.00540093395975266        0.185775894780095       0.0137179570726772       0.0137179570726769        0.256641756499183        0.164011693066599        0.164011693066599        0.164011693066599
                    0.274       0.0192159600220051       0.0192159600220051        0.016737638493144      0.00646025442107939      0.00646025442107939      0.00548106021072925        0.182948297237526       0.0136656680926503       0.0136656680926509        0.256197490878712        0.164011693066599        0.164011693066599        0.164011693066599
                    0.275       0.0193905236937557       0.0193905236937557       0.0169124941672341      0.00654474058962928      0.00654474058962928      0.00556194410424111        0.180167147056628       0.0136140372751756       0.0136140372751754        0.255755620828126        0.164011693066599        0.164011693066599        0.164011693066599
                    0.276       0.0195661554031223       0.0195661554031223       0.0170884254607322      0.00662996734165592      0.00662996734165592      0.00564358872177262        0.177431652519282       0.0135630528569105       0.0135630528569107        0.255316137498941        0.164011693066599        0.164011693066599        0.164011693066599
                    0.277       0.0197428584495375       0.0197428584495375       0.0172654352541426      0.00671593796394394      0.00671593796394394      0.00572599714532517        0.174741035299742       0.0135127033426195       0.0135127033426199        0.254879031887912        0.164011693066599        0.164011693066599        0.164011693066599
                    0.278        0.019920636132077        0.019920636132077       0.0174435264372833      0.00680265574327157      0.00680265574327157      0.00580917245748204        0.172094529970584       0.0134629774981764       0.0134629774981764        0.254444294843427        0.164011693066599        0.164011693066599        0.164011693066599
                    0.279       0.0200994917494735       0.0200994917494735       0.0176227019091275      0.00689012396641235      0.00689012396641235      0.00589311774147117        0.169491382613988        0.013413864341869        0.013413864341869        0.254011917071671        0.164011693066599        0.164011693066599        0.164011693066599
                     0.28       0.0202794286001263       0.0202794286001263       0.0178029645776426      0.00697834592013481      0.00697834592013481      0.00597783608122367        0.166930853357525       0.0133653531398422       0.0133653531398422        0.253581889142833        0.164011693066599        0.164011693066599        0.164011693066599
                    0.281       0.0204604499821143       0.0204604499821143       0.0179843173596337      0.00706732489120416      0.00706732489120416      0.00606333056143096          0.1644122140483       0.0133174333978298       0.0133174333978302        0.253154201496995        0.164011693066599        0.164011693066599        0.164011693066599
                    0.282       0.0206425591932069       0.0206425591932069       0.0181667631805873      0.00715706416638282      0.00715706416638282      0.00614960426759855        0.161934749950831        0.013270094855067       0.0132700948550672        0.252728844449991        0.164011693066599        0.164011693066599        0.164011693066599
                    0.283       0.0208257595308744       0.0208257595308744       0.0183503049745163      0.00724756703243121      0.00724756703243121      0.00623666028609738        0.159497757506691       0.0132233274780259       0.0132233274780262        0.252305808199092        0.164011693066599        0.164011693066599        0.164011693066599
                    0.284       0.0210100542922983       0.0210100542922983       0.0185349456838072      0.00733883677610847      0.00733883677610847      0.00632450170421273        0.157100544696546       0.0131771214543343       0.0131771214543345        0.251885082828565        0.164011693066599        0.164011693066599        0.164011693066599
                    0.285       0.0211954467743814       0.0211954467743814       0.0187206882590677      0.00743087668417312      0.00743087668417312      0.00641313161019048        0.154742432781475       0.0131314671868902       0.0131314671868895        0.251466658315124        0.164011693066599        0.164011693066599        0.164011693066599
                    0.286       0.0213819402737569       0.0213819402737569       0.0189075356589768      0.00752369004338371      0.00752369004338371      0.00650255309328129        0.152422754536887       0.0130863552881627       0.0130863552881629        0.251050524533216        0.164011693066599        0.164011693066599        0.164011693066599
                    0.287       0.0215695380867977       0.0215695380867977       0.0190954908501363      0.00761728014049944      0.00761728014049944      0.00659276924378224        0.150140851024225       0.0130417765746639       0.0130417765746637        0.250636671260206        0.164011693066599        0.164011693066599        0.164011693066599
                    0.288       0.0217582435096251       0.0217582435096251        0.019284556806924      0.00771165026228077      0.00771165026228077      0.00668378315307653        0.147896077473285       0.0129977220615941       0.0129977220615934        0.250225088181415        0.164011693066599        0.164011693066599        0.164011693066599
                    0.289       0.0219480598381176       0.0219480598381176       0.0194747365113482      0.00780680369548988      0.00780680369548988      0.00677559791367073        0.145687798877097       0.0129541829576497       0.0129541829576494        0.249815764895059        0.164011693066599        0.164011693066599        0.164011693066599
                     0.29       0.0221389903679185       0.0221389903679185       0.0196660329529044      0.00790274372689129      0.00790274372689129      0.00686821661923018        0.143515393274488       0.0129111506599926       0.0129111506599928        0.249408690917036        0.164011693066599        0.164011693066599        0.164011693066599
                    0.291       0.0223310383944439       0.0223310383944439       0.0198584491284335      0.00799947364325231      0.00799947364325231      0.00696164236461233        0.141378246941113       0.0128686167493748       0.0128686167493746        0.249003855685615        0.164011693066599        0.164011693066599        0.164011693066599
                    0.292       0.0225242072128907       0.0225242072128907       0.0200519880419819      0.00809699673134348      0.00809699673134348      0.00705587824589804        0.139275757403276       0.0128265729853971       0.0128265729853967        0.248601248565998        0.164011693066599        0.164011693066599        0.164011693066599
                    0.293       0.0227185001182432       0.0227185001182432       0.0202466527046629      0.00819531627793907      0.00819531627793907      0.00715092736042117        0.137207333620856         0.01278501130193       0.0127850113019305        0.248200858854754        0.164011693066599        0.164011693066599        0.164011693066599
                    0.294       0.0229139204052805       0.0229139204052805       0.0204424461345209      0.00829443556981745      0.00829443556981745      0.00724679280679624        0.135172392012855       0.0127439238026597       0.0127439238026593        0.247802675784153        0.164011693066599        0.164011693066599        0.164011693066599
                    0.295       0.0231104713685832       0.0231104713685832       0.0206393713563963       0.0083943578937615       0.0083943578937615       0.0073434776849443        0.133170362732177       0.0127033027567654       0.0127033027567658        0.247406688526382        0.164011693066599        0.164011693066599        0.164011693066599
                    0.296       0.0233081563025399       0.0233081563025399        0.020837431401793        0.008495086536559        0.008495086536559       0.0074409850961173        0.131200682703169       0.0126631405947365       0.0126631405947365        0.247012886197637        0.164011693066599        0.164011693066599        0.164011693066599
                    0.297       0.0235069785013533       0.0235069785013533       0.0210366293087475      0.00859662478500295      0.00859662478500295       0.0075393181429206        0.129262799665585       0.0126234299043026       0.0126234299043024         0.24662125786212        0.164011693066599        0.164011693066599        0.164011693066599
                    0.298       0.0237069412590466       0.0237069412590466       0.0212369681216996      0.00869897592589191      0.00869897592589191      0.00763847992933402        0.127356172507474       0.0125841634264869       0.0125841634264871        0.246231792535926        0.164011693066599        0.164011693066599        0.164011693066599
                    0.299       0.0239080478694689       0.0239080478694689       0.0214384508913655      0.00880214324603037      0.00880214324603037      0.00773847356073137        0.125480266098857       0.0125453340517796       0.0125453340517799         0.24584447919081        0.164011693066599        0.164011693066599        0.164011693066599
                      0.3       0.0241103016263012       0.0241103016263012       0.0216410806746119      0.00890613003222893      0.00890613003222893      0.00783930214389849        0.123634557435236       0.0125069348164144       0.0125069348164146        0.245459306757862        0.164011693066599        0.164011693066599        0.164011693066599
