                   T[GeV]                nU[GeV^3]                nD[GeV^3]                nS[GeV^3]             nUBar[GeV^3]             nDBar[GeV^3]            nSBbar[GeV^3]                W[GeV^-2]               effMU[GeV]               effMD[GeV]               effMS[GeV]              effCPU[GeV]              effCPD[GeV]              effCPS[GeV]
                   0.1081      0.00100447032125036      0.00100447032125036     0.000313388171910704     5.14659511234876e-05     5.14659511234876e-05      1.5270470862124e-05         4.49871753549031        0.307179455256751        0.307179455256751        0.495647674675855        0.164011693066599        0.164011693066599        0.164011693066599
        0.108146296296296      0.00100759609996015      0.00100759609996021     0.000314552316314064     5.17025894808342e-05     5.17025894808377e-05     1.53477695260217e-05         4.49676610392195        0.306859768536069        0.306859768536058        0.495407356763776        0.164011693066599        0.164011693066599        0.164011693066599
        0.108192592592593       0.0010107380128943      0.00101073801289416     0.000315722633062951     5.19406509530463e-05     5.19406509530387e-05     1.54255365295819e-05         4.49482173190758        0.306538146378451        0.306538146378476        0.495165652911467        0.164011693066599        0.164011693066599        0.164011693066599
        0.108238888888889      0.00101389625192947      0.00101389625192963     0.000316899191232223     5.21801514058158e-05     5.21801514058252e-05     1.55037766839282e-05         4.49288257332078        0.306214563398387        0.306214563398356        0.494922545539169        0.164011693066599        0.164011693066599        0.164011693066599
        0.108285185185185      0.00101707101302978      0.00101707101302983     0.000318082061329644     5.24211070279439e-05     5.24211070279469e-05     1.55824948925428e-05         4.49094959686422        0.305888993651387        0.305888993651378        0.494678016686046        0.164011693066599        0.164011693066599        0.164011693066599
        0.108331481481482       0.0010202624963437      0.00102026249634385     0.000319271315331548     5.26635343394797e-05     5.26635343394886e-05     1.56616961535949e-05         4.48902433479201        0.305561410621772        0.305561410621744        0.494432048002033        0.164011693066599        0.164011693066599        0.164011693066599
        0.108377777777778       0.0010234709063156      0.00102347090631564     0.000320467026722543     5.29074502007781e-05     5.29074502007804e-05     1.57413855624891e-05         4.48710804571912        0.305231787207928         0.30523178720792        0.494184620738077        0.164011693066599        0.164011693066599        0.164011693066599
        0.108424074074074      0.00102669645183284      0.00102669645183268     0.000321669270545792     5.31528718236622e-05     5.31528718236534e-05     1.58215683149605e-05         4.48519239956913        0.304900095701284        0.304900095701312        0.493935715731788        0.164011693066599        0.164011693066599        0.164011693066599
         0.10847037037037      0.00102993934635194      0.00102993934635179     0.000322878123447734     5.33998167815246e-05      5.3399816781516e-05     1.59022497099157e-05         4.48328856691046         0.30456630776933        0.304566307769357         0.49368531339604        0.164011693066599        0.164011693066599        0.164011693066599
        0.108516666666667      0.00103319980804182      0.00103319980804182     0.000324093663727788     5.36483030204987e-05     5.36483030204983e-05     1.59834351525434e-05         4.48139228477989        0.304230394435764        0.304230394435765        0.493433393705616        0.164011693066599        0.164011693066599        0.164011693066599
        0.108562962962963      0.00103647805994112      0.00103647805994108     0.000325315971392345       5.389834887156e-05     5.38983488715574e-05     1.60651301576652e-05         4.47950258203029        0.303892326058315        0.303892326058323        0.493179936182264        0.164011693066599        0.164011693066599        0.164011693066599
        0.108609259259259      0.00103977433009373       0.0010397743300937     0.000326545128203312     5.41499730615109e-05     5.41499730615089e-05     1.61473403528359e-05         4.47762103878826        0.303552072310776        0.303552072310782        0.492924919882658        0.164011693066599        0.164011693066599        0.164011693066599
        0.108655555555556      0.00104308885172472      0.00104308885172486     0.000327781217738674     5.44031947263925e-05     5.44031947264004e-05     1.62300714820736e-05         4.47574415829872        0.303209602157982        0.303209602157957        0.492668323381247        0.164011693066599        0.164011693066599        0.164011693066599
        0.108701851851852      0.00104642186340277      0.00104642186340294     0.000329024325448372     5.46580334242728e-05     5.46580334242831e-05     1.63133294093804e-05         4.47387230485724        0.302864883833498        0.302864883833466        0.492410124755701        0.164011693066599        0.164011693066599        0.164011693066599
        0.108748148148148       0.0010497736092201      0.00104977360921989      0.00033027453871759     5.49145091491766e-05     5.49145091491647e-05     1.63971201226647e-05         4.47201131007203         0.30251788481445        0.302517884814488        0.492150301569432        0.164011693066599        0.164011693066599        0.164011693066599
        0.108794444444444      0.00105314433894689      0.00105314433894679     0.000331531946921394     5.51726423437009e-05      5.5172642343695e-05     1.64814497372554e-05         4.47015735577744        0.302168571801238        0.302168571801257        0.491888830858479        0.164011693066599        0.164011693066599        0.164011693066599
        0.108840740740741      0.00105653430826306      0.00105653430826303     0.000332796641503194      5.5432453916225e-05      5.5432453916223e-05     1.65663245006483e-05         4.46831674415336        0.301816910683629        0.301816910683636        0.491625689108133        0.164011693066599        0.164011693066599        0.164011693066599
        0.108887037037037      0.00105994377890918      0.00105994377890933     0.000334068716029406     5.56939652536449e-05     5.56939652536538e-05     1.66517507960825e-05         4.46648333006483        0.301462866521734        0.301462866521706        0.491360852240798        0.164011693066599        0.164011693066599        0.164011693066599
        0.108933333333333      0.00106337301892782      0.00106337301892765     0.000335348266271821      5.5957198239478e-05     5.59571982394682e-05     1.67377351475502e-05         4.46465904558147        0.301106403511056        0.301106403511086        0.491094295591912        0.164011693066599        0.164011693066599        0.164011693066599
         0.10897962962963      0.00106682230286349      0.00106682230286348       0.0003366353902781     5.62221752697656e-05      5.6222175269765e-05     1.68242842242404e-05         4.46284350550278        0.300747484955367        0.300747484955368        0.490825993891784        0.164011693066599        0.164011693066599        0.164011693066599
        0.109025925925926      0.00107029191197041      0.00107029191197033      0.00033793018844423     5.64889192696171e-05     5.64889192696125e-05     1.69114048451172e-05         4.46103670513041         0.30038607323849        0.300386073238505        0.490555921247099        0.164011693066599        0.164011693066599        0.164011693066599
        0.109072222222222      0.00107378213448818      0.00107378213448795     0.000339232763608181     5.67574537138735e-05     5.67574537138599e-05      1.6999103984613e-05         4.45923953292911        0.300022129784407        0.300022129784448        0.490284051113604        0.164011693066599        0.164011693066599        0.164011693066599
        0.109118518518519      0.00107729326584446      0.00107729326584456     0.000340543221123759     5.70278026437671e-05     5.70278026437724e-05     1.70873887773539e-05         4.45745015246176        0.299655615030743        0.299655615030726        0.490010356278253        0.164011693066599        0.164011693066599        0.164011693066599
        0.109164814814815      0.00108082560891602      0.00108082560891621     0.000341861668949112     5.72999906871644e-05     5.72999906871756e-05      1.7176266523671e-05         4.45567270320267        0.299286488392288        0.299286488392254        0.489734808835471        0.164011693066599        0.164011693066599        0.164011693066599
        0.109211111111111      0.00108437947432784      0.00108437947432808     0.000343188217750598     5.75740430812694e-05     5.75740430812833e-05     1.72657446959398e-05         4.45390385832772        0.298914708218216        0.298914708218174        0.489457380157386        0.164011693066599        0.164011693066599        0.164011693066599
        0.109257407407407      0.00108795518068893      0.00108795518068874      0.00034452298098618     5.78499856918756e-05     5.78499856918644e-05     1.73558309439186e-05         4.45214710959024        0.298540231760993        0.298540231761026        0.489178040873794        0.164011693066599        0.164011693066599        0.164011693066599
        0.109303703703704      0.00109155305491371      0.00109155305491352     0.000345866075016158     5.81278450378628e-05     5.81278450378518e-05     1.74465331015317e-05         4.45040040377765        0.298163015130602        0.298163015130635        0.488896760840878        0.164011693066599        0.164011693066599        0.164011693066599
                  0.10935      0.00109517343252823       0.0010951734325283     0.000347217619208784     5.84076483150801e-05     5.84076483150839e-05     1.75378591934409e-05         4.44866554205112        0.297783013251992        0.297783013251981        0.488613509113008        0.164011693066599        0.164011693066599        0.164011693066599
        0.109396296296296      0.00109881665796432      0.00109881665796421     0.000348577736044418     5.86894234197996e-05     5.86894234197932e-05     1.76298174415931e-05         4.44693715430283        0.297400179825154        0.297400179825173        0.488328253915992        0.164011693066599        0.164011693066599        0.164011693066599
        0.109442592592593      0.00110248308492326      0.00110248308492333     0.000349946551240515     5.89731989765387e-05     5.89731989765429e-05     1.77224162728923e-05         4.44522719357401        0.297014467273527        0.297014467273515        0.488040962612161        0.164011693066599        0.164011693066599        0.164011693066599
        0.109488888888889      0.00110617307671739       0.0011061730767177     0.000351324193870305     5.92590043649071e-05     5.92590043649253e-05     1.78156643266048e-05         4.44352702023322        0.296625826696878        0.296625826696825        0.487751601669142        0.164011693066599        0.164011693066599        0.164011693066599
        0.109535185185185      0.00110988700664271      0.00110988700664281     0.000352710796492474     5.95468697486017e-05     5.95468697486074e-05     1.79095704623909e-05          4.4418384510982        0.296234207819355        0.296234207819338        0.487460136624846        0.164011693066599        0.164011693066599        0.164011693066599
        0.109581481481481      0.00111362525836319      0.00111362525836333     0.000354106495284873     5.98368261054359e-05     5.98368261054442e-05      1.8004143768607e-05          4.4401611959561        0.295839558936137        0.295839558936112        0.487166532051756        0.164011693066599        0.164011693066599        0.164011693066599
        0.109627777777778      0.00111738822632968      0.00111738822632986     0.000355511430189017     6.01289052597866e-05     6.01289052597969e-05     1.80993935712321e-05         4.43850078712079        0.295441826854716        0.295441826854686        0.486870751517676        0.164011693066599        0.164011693066599        0.164011693066599
        0.109674074074074      0.00112117631617696      0.00112117631617683     0.000356925745050094     6.04231399141197e-05     6.04231399141123e-05       1.819532944263e-05         4.43684992988639        0.295040956840694        0.295040956840716        0.486572757549526        0.164011693066599        0.164011693066599        0.164011693066599
         0.10972037037037      0.00112498994523731      0.00112498994523736     0.000358349587791406     6.07195636878453e-05     6.07195636878483e-05     1.82919612121702e-05         4.43521333801437        0.294636892544072        0.294636892544063        0.486272511583675        0.164011693066599        0.164011693066599        0.164011693066599
        0.109766666666667      0.00112882954293023      0.00112882954292995     0.000359783110554268     6.10182111492398e-05     6.10182111492234e-05     1.83892989751334e-05         4.43359010814066        0.294229575947817        0.294229575947865        0.485969973932229        0.164011693066599        0.164011693066599        0.164011693066599
        0.109812962962963      0.00113269555133374      0.00113269555133357     0.000361226469893034     6.13191178586245e-05     6.13191178586141e-05     1.84873531045609e-05         4.43198173966706        0.293818947285775        0.293818947285805        0.485665103727254        0.164011693066599        0.164011693066599        0.164011693066599
        0.109859259259259      0.00113658842569136      0.00113658842569159     0.000362679826951612     6.16223204082059e-05     6.16223204082198e-05     1.85861342622298e-05         4.43038523042407        0.293404944972634        0.293404944972594        0.485357858874322        0.164011693066599        0.164011693066599        0.164011693066599
        0.109905555555556      0.00114050863493468      0.00114050863493416     0.000364143347645801     6.19278564633499e-05     6.19278564633186e-05     1.86856534100194e-05         4.42880681337728        0.292987505532052        0.292987505532142        0.485048196005017        0.164011693066599        0.164011693066599        0.164011693066599
        0.109951851851852      0.00114445666230228      0.00114445666230226     0.000365617202877482     6.22357648101514e-05       6.223576481015e-05     1.87859218230344e-05         4.42724355588523        0.292566563509178        0.292566563509182        0.484736070417665        0.164011693066599        0.164011693066599        0.164011693066599
        0.109998148148148      0.00114843300595062      0.00114843300595042     0.000367101568746128     6.25460854031158e-05     6.25460854031039e-05     1.88869511026909e-05         4.42569933605876        0.292142051385574        0.292142051385608        0.484421436020882        0.164011693066599        0.164011693066599        0.164011693066599
        0.110044444444444      0.00115243817959145      0.00115243817959132      0.00036859662677056     6.28588594150304e-05     6.28588594150225e-05     1.89887531904442e-05         4.42416632723761        0.291713899490671        0.291713899490694        0.484104245274594        0.164011693066599        0.164011693066599        0.164011693066599
        0.110090740740741      0.00115647271319779      0.00115647271319757     0.000370102564133369     6.31741292916114e-05     6.31741292915975e-05     1.90913403828159e-05         4.42265123680012        0.291282035902599        0.291282035902638        0.483784449123514        0.164011693066599        0.164011693066599        0.164011693066599
        0.110137037037037      0.00116053715370832      0.00116053715370863     0.000371619573925996     6.34919388067397e-05     6.34919388067581e-05     1.91947253465757e-05         4.42115416026431        0.290846386350504        0.290846386350453        0.483461996932317        0.164011693066599        0.164011693066599        0.164011693066599
        0.110183333333333      0.00116463206584606      0.00116463206584628     0.000373147855430276     6.38123331253407e-05     6.38123331253538e-05     1.92989211359661e-05         4.41967371003922        0.290406874098645        0.290406874098608         0.48313683640789        0.164011693066599        0.164011693066599        0.164011693066599
         0.11022962962963      0.00116875803285413       0.0011687580328538     0.000374687614377827     6.41353588620147e-05     6.41353588619944e-05     1.94039412088942e-05         4.41821476630902        0.289963419845946        0.289963419846002        0.482808913532909        0.164011693066599        0.164011693066599        0.164011693066599
        0.110275925925926      0.00117291565743917       0.0011729156574389     0.000376239063272547     6.44610641530816e-05     6.44610641530652e-05     1.95097994465889e-05         4.41677451791147         0.28951594159167        0.289515941591715        0.482478172475878        0.164011693066599        0.164011693066599        0.164011693066599
        0.110322222222222      0.00117710556262818      0.00117710556262846     0.000377802421691724     6.47894987242641e-05     6.47894987242812e-05     1.96165101722844e-05         4.41535341501965        0.289064354517316        0.289064354517269        0.482144555512474        0.164011693066599        0.164011693066599        0.164011693066599
        0.110368518518519      0.00118132839278436      0.00118132839278372     0.000379377916634246     6.51207139689802e-05     6.51207139689408e-05     1.97240881725487e-05         4.41395161869439        0.288608570843182        0.288608570843291        0.481808002930355        0.164011693066599        0.164011693066599        0.164011693066599
        0.110414814814815       0.0011855848146103       0.0011855848146105     0.000380965782871677     6.54547630268779e-05       6.545476302689e-05     1.98325487189369e-05         4.41257171775728        0.288148499688796        0.288148499688763        0.481468452935678        0.164011693066599        0.164011693066599        0.164011693066599
        0.110461111111111      0.00118987551824777      0.00118987551824726     0.000382566263327448     6.57917008693397e-05     6.57917008693081e-05     1.99419075913128e-05         4.41121304904285        0.287684046918831        0.287684046918917         0.48112584155125        0.164011693066599        0.164011693066599        0.164011693066599
        0.110507407407407       0.0011942012184634       0.0011942012184636     0.000384179609489582      6.6131584391404e-05     6.61315843914166e-05     2.00521811031442e-05         4.40987803181317        0.287215114976505         0.28721511497647        0.480780102504419        0.164011693066599        0.164011693066599        0.164011693066599
        0.110553703703704       0.0011985626558603      0.00119856265586008     0.000385806081827811     6.64744725065054e-05     6.64744725064917e-05     2.01633861272373e-05         4.40856406989378        0.286741602714679        0.286741602714716        0.480431167116667        0.164011693066599        0.164011693066599        0.164011693066599
                   0.1106      0.00120296059822602      0.00120296059822602     0.000387445950263721     6.68204262509115e-05     6.68204262509113e-05     2.02755401245096e-05         4.40727696122493        0.286263405206261        0.286263405206262        0.480078964175619        0.164011693066599        0.164011693066599        0.164011693066599
        0.110646296296296      0.00120739584194546      0.00120739584194569      0.00038909949465791     6.71695088935873e-05     6.71695088936014e-05     2.03886611739077e-05         4.40601278772631        0.285780413546092        0.285780413546054        0.479723419804288        0.164011693066599        0.164011693066599        0.164011693066599
        0.110692592592593      0.00121186921347599      0.00121186921347637     0.000390767005322212     6.75217860514114e-05     6.75217860514349e-05     2.05027680039097e-05         4.40477485952715        0.285292514644906        0.285292514644843         0.47936445732453        0.164011693066599        0.164011693066599        0.164011693066599
        0.110738888888889       0.0012163815709987      0.00121638157099882     0.000392448783591695     6.78773258169173e-05     6.78773258169245e-05     2.06178800274896e-05         4.40356482681256        0.284799590996586        0.284799590996567         0.47900199710135        0.164011693066599        0.164011693066599        0.164011693066599
        0.110785185185185      0.00122093380608897      0.00122093380608927     0.000394145142403915     6.82361988889904e-05      6.8236198889009e-05     2.07340173777576e-05         4.40238011232223        0.284301520445052        0.284301520445002         0.47863595638923        0.164011693066599        0.164011693066599        0.164011693066599
        0.110831481481481      0.00122552684562309      0.00122552684562281     0.000395856406957232     6.85984787201172e-05        6.85984787201e-05     2.08512009481436e-05         4.40122525450354        0.283798175914974        0.283798175915019        0.478266249152542        0.164011693066599        0.164011693066599        0.164011693066599
        0.110877777777778      0.00123016165367994      0.00123016165368025     0.000397582915371826     6.89642416653746e-05     6.89642416653943e-05     2.09694524330564e-05         4.40010032072536        0.283289425146585        0.283289425146533        0.477892785890555        0.164011693066599        0.164011693066599        0.164011693066599
        0.110924074074074      0.00123483923372536      0.00123483923372514     0.000399325019444511     6.93335671512354e-05     6.93335671512217e-05     2.10887943739355e-05         4.39900600046348        0.282775130387197        0.282775130387233        0.477515473431787        0.164011693066599        0.164011693066599        0.164011693066599
         0.11097037037037      0.00123956063085583        0.001239560630855     0.000401083085426665     6.97065378504859e-05     6.97065378504338e-05     2.12092502069317e-05         4.39794568664647        0.282255148076717        0.282255148076854         0.47713421472595        0.164011693066599        0.164011693066599        0.164011693066599
        0.111016666666667      0.00124432693417059      0.00124432693417084     0.000402857494847819     7.00832398677272e-05     7.00832398677431e-05     2.13308443134515e-05         4.39691422459262        0.281729328515949        0.281729328515907        0.476748908625096        0.164011693066599        0.164011693066599        0.164011693066599
        0.111062962962963      0.00124913927961191      0.00124913927961235      0.00040464864549109     7.04637629570714e-05     7.04637629570992e-05     2.14536020793442e-05         4.39591850183325         0.28119751546232        0.281197515462248        0.476359449613724        0.164011693066599        0.164011693066599        0.164011693066599
        0.111109259259259      0.00125399885254382      0.00125399885254409      0.00040645695229692     7.08482007264503e-05     7.08482007264674e-05     2.15775499506933e-05          4.3949605895262        0.280659545773251        0.280659545773207        0.475965727574825        0.164011693066599        0.164011693066599        0.164011693066599
        0.111155555555556      0.00125890689098505      0.00125890689098522     0.000408282848474857       7.123665088636e-05     7.12366508863706e-05     2.17027155013721e-05         4.39404170863656        0.280115248947247        0.280115248947219         0.47556762748472        0.164011693066599        0.164011693066599        0.164011693066599
        0.111201851851852      0.00126386468886154      0.00126386468886129     0.000410126786631933     7.16292155035012e-05     7.16292155034849e-05     2.18291275020674e-05         4.39315847674039        0.279564446667386        0.279564446667427        0.475165029111434        0.164011693066599        0.164011693066599        0.164011693066599
        0.111248148148148      0.00126887359955831      0.00126887359955764       0.0004119892400027     7.20260012772298e-05     7.20260012771872e-05      2.1956815995419e-05         4.39231860960972        0.279006952301778        0.279006952301887        0.474757806684709        0.164011693066599        0.164011693066599        0.164011693066599
        0.111294444444444      0.00127393503984112      0.00127393503984169     0.000413870703805956     7.24271198437198e-05      7.2427119843756e-05     2.20858123787014e-05         4.39151753144065        0.278442570350205        0.278442570350113        0.474345828529332        0.164011693066599        0.164011693066599        0.164011693066599
        0.111340740740741      0.00127905049401325      0.00127905049401382     0.000415771696683165     7.28326880997381e-05     7.28326880997746e-05      2.2216149491666e-05         4.39076247267844        0.277871095859475        0.277871095859383        0.473928956680025        0.164011693066599        0.164011693066599        0.164011693066599
        0.111387037037037      0.00128422151851484      0.00128422151851537     0.000417692762291414     7.32428285596902e-05      7.3242828559724e-05     2.23478617135789e-05         4.39005849695455        0.277292313774493        0.277292313774408         0.47350704645161        0.164011693066599        0.164011693066599        0.164011693066599
        0.111433333333333      0.00128944974688687      0.00128944974688616     0.000419634471020023     7.36576697415451e-05     7.36576697414996e-05     2.24809850678568e-05         4.38939706591113         0.27670599823852        0.276705998238635        0.473079945977639        0.164011693066599        0.164011693066599        0.164011693066599
         0.11147962962963      0.00129473689514093      0.00129473689514121     0.000421597421851841     7.40773465848477e-05     7.40773465848657e-05     2.26155573355306e-05         4.38878977379429        0.276111911836738        0.276111911836692        0.472647495711071        0.164011693066599        0.164011693066599        0.164011693066599
        0.111525925925926      0.00130008476772006      0.00130008476772033     0.000423582244423008      7.4502000913373e-05     7.45020009133903e-05     2.27516181805813e-05         4.38823624814244        0.275509804754218        0.275509804754175        0.472209527868785        0.164011693066599        0.164011693066599        0.164011693066599
        0.111572222222222      0.00130549526394037      0.00130549526393957     0.000425589601252654     7.49317819361404e-05     7.49317819360892e-05     2.28892092856986e-05         4.38773899765069        0.274899413867219        0.274899413867346        0.471765865832626        0.164011693066599        0.164011693066599        0.164011693066599
        0.111618518518519       0.0013109703849948      0.00131097038499502     0.000427620190169745     7.53668467928354e-05      7.5366846792849e-05     2.30283745000692e-05         4.38729550769627        0.274280461755723        0.274280461755689        0.471316323498984        0.164011693066599        0.164011693066599        0.164011693066599
        0.111664814814815      0.00131651224186933      0.00131651224186926     0.000429674747046793     7.58073611672164e-05      7.5807361167212e-05     2.31691600053703e-05         4.38691826018077        0.273652655582575        0.273652655582586        0.470860704539092        0.164011693066599        0.164011693066599        0.164011693066599
        0.111711111111111      0.00132212306376875      0.00132212306376941     0.000431754048720151       7.625349994366e-05     7.62534999437031e-05     2.33116144935096e-05         4.38660568392448        0.273015685905182        0.273015685905076        0.470398801617285        0.164011693066599        0.164011693066599        0.164011693066599
        0.111757407407407      0.00132780520747504      0.00132780520747379     0.000433858916226175     7.67054479353138e-05     7.67054479352327e-05     2.34557893633892e-05         4.38635948155278        0.272369225353639        0.272369225353837        0.469930395522627        0.164011693066599        0.164011693066599        0.164011693066599
        0.111803703703704      0.00133356116786368      0.00133356116786487     0.000435990218440399     7.71634007000189e-05     7.71634007000967e-05     2.36017389417147e-05         4.38619010448511        0.271712927141475        0.271712927141286        0.469455254186144        0.164011693066599        0.164011693066599        0.164011693066599
                  0.11185      0.00133939358927296      0.00133939358927324     0.000438148876010103     7.76275654258188e-05     7.76275654258374e-05      2.3749520722022e-05         4.38608850941326        0.271046423459669        0.271046423459624        0.468973131627725        0.164011693066599        0.164011693066599        0.164011693066599
        0.111896296296296       0.0013453052782021      0.00134530527820178     0.000440335865753017     7.80981619187841e-05     7.80981619187634e-05     2.38991956317076e-05         4.38606981121208        0.270369323680549        0.270369323680598        0.468483766774485        0.164011693066599        0.164011693066599        0.164011693066599
        0.111942592592593      0.00135129921771406      0.00135129921771488     0.000442552225628936     7.85754237199913e-05     7.85754237200452e-05        2.40508283333e-05         4.38613646639021         0.26968121231509        0.269681212314961        0.467986882118013        0.164011693066599        0.164011693066599        0.164011693066599
        0.111988888888889      0.00135737858286792      0.00135737858286833     0.000444799060092404     7.90595993098804e-05     7.90595993099074e-05     2.42044875496421e-05         4.38629034698841        0.268981646833347        0.268981646833283        0.467482182285487        0.164011693066599        0.164011693066599        0.164011693066599
        0.112035185185185      0.00136354675842487      0.00136354675842706     0.000447077546212665     7.95509534842142e-05     7.95509534843588e-05     2.43602464347917e-05         4.38654278485743        0.268270155154823        0.268270155154479        0.466969352392995        0.164011693066599        0.164011693066599        0.164011693066599
        0.112081481481481      0.00136980735873329      0.00136980735873385     0.000449388940551153     8.00497688990175e-05     8.00497688990547e-05     2.45181829905819e-05         4.38689197523428        0.267546232828356        0.267546232828268        0.466448056193687        0.164011693066599        0.164011693066599        0.164011693066599
        0.112127777777778       0.0013761642497875      0.00137616424978719     0.000451734586796529     8.05563477878986e-05      8.0556347787878e-05     2.46783805293297e-05         4.38735098174361         0.26680933990688        0.266809339906928        0.465917934030168        0.164011693066599        0.164011693066599        0.164011693066599
        0.112174074074074      0.00138262157402031      0.00138262157402171     0.000454115924346152     8.10710138930018e-05     8.10710138930949e-05     2.48409281937796e-05          4.3879229035033        0.266058897434141        0.266058897433922         0.46537860053483        0.164011693066599        0.164011693066599        0.164011693066599
         0.11222037037037      0.00138918377882398      0.00138918377882537     0.000456534498165307     8.15941146808301e-05     8.15941146809231e-05     2.50059215534961e-05         4.38861742655406        0.265294283394245        0.265294283394028        0.464829641974928        0.164011693066599        0.164011693066599        0.164011693066599
        0.112266666666667      0.00139585564834778      0.00139585564834816     0.000458991969795069     8.21260238192185e-05     8.21260238192435e-05     2.51734632712777e-05         4.38944067485159        0.264514828201963        0.264514828201905        0.464270613303203        0.164011693066599        0.164011693066599        0.164011693066599
        0.112312962962963      0.00140264233986943      0.00140264233986949     0.000461490129939429     8.26671440087611e-05     8.26671440087653e-05      2.5343663864602e-05         4.39040731039476         0.26371980953945         0.26371980953944        0.463701034780829        0.164011693066599        0.164011693066599        0.164011693066599
        0.112359259259259      0.00140954942557492       0.0014095494255768      0.00046403091291606     8.32179102332286e-05      8.3217910233355e-05     2.55166425791802e-05         4.39151739563644        0.262908446419767        0.262908446419476        0.463120388095626        0.164011693066599        0.164011693066599        0.164011693066599
        0.112405555555556      0.00141658294020783       0.0014165829402073     0.000466616413142464     8.37787934701774e-05     8.37787934701416e-05     2.56925283855538e-05         4.39278670783316        0.262079892417304        0.262079892417386        0.462528111941459        0.164011693066599        0.164011693066599        0.164011693066599
        0.112451851851852      0.00142374943585796      0.00142374943585765     0.000469248904105864     8.43503049590854e-05     8.43503049590643e-05     2.58714611254629e-05         4.39423202364686        0.261233227881568        0.261233227881616        0.461923596933814        0.164011693066599        0.164011693066599        0.164011693066599
        0.112498148148148      0.00143105604585265       0.0014310560458524     0.000471930860458575     8.49330011740872e-05     8.49330011740704e-05      2.6053592846001e-05         4.39586130657072        0.260367450847385        0.260367450847423        0.461306179678096        0.164011693066599        0.164011693066599        0.164011693066599
        0.112544444444444      0.00143851055795857      0.00143851055795605     0.000474664983370635     8.55274895334182e-05     8.55274895332473e-05     2.62390893311521e-05         4.39769250999432        0.259481466628466        0.259481466628852        0.460675135988991        0.164011693066599        0.164011693066599        0.164011693066599
        0.112590740740741      0.00144612150168574       0.0014461215016818     0.000477454230720455     8.61344351915728e-05     8.61344351913043e-05     2.64281319227389e-05         4.39974493491382        0.258574075380163        0.258574075380766        0.460029672776958        0.164011693066599        0.164011693066599        0.164011693066599
        0.112637037037037      0.00145389824873924      0.00145389824873447     0.000480301851882365     8.67545688773007e-05     8.67545688769746e-05      2.6620919620373e-05         4.40203491165269        0.257643957806456        0.257643957807186         0.45936891874956        0.164011693066599        0.164011693066599        0.164011693066599
        0.112683333333333      0.00146185113306084      0.00146185113306418     0.000483211429277643     8.73886962480764e-05     8.73886962483051e-05     2.68176715870766e-05         4.40457999318515        0.256689658056314        0.256689658055805        0.458691913275902        0.164011693066599        0.164011693066599        0.164011693066599
         0.11272962962963      0.00146999159339443      0.00146999159339819     0.000486186927710314     8.80377090042669e-05     8.80377090045253e-05     2.70186301235512e-05         4.40741389768032        0.255709563403823         0.25570956340325        0.457997593174331        0.164011693066599        0.164011693066599        0.164011693066599
        0.112775925925926      0.00147833234399293       0.0014783323439946      0.00048923275346903     8.87025982002587e-05     8.87025982003741e-05     2.72240642298194e-05         4.41055642340089        0.254701879906035         0.25470187990578        0.457284776887822        0.164011693066599        0.164011693066599        0.164011693066599
        0.112822222222222      0.00148688757851745      0.00148688757851687      0.00049235382495788     8.93844701657684e-05     8.93844701657282e-05     2.74342738621036e-05         4.41404473658979         0.25366460333149        0.253664603331578        0.456552145618171        0.164011693066599        0.164011693066599        0.164011693066599
        0.112868518518519      0.00149567322164175      0.00149567322164464     0.000495555659776557     9.00845661221486e-05     9.00845661223486e-05     2.76495951753044e-05         4.41791563257719        0.252595483234711        0.252595483234274        0.455798219997313        0.164011693066599        0.164011693066599        0.164011693066599
        0.112914814814815      0.00150470723375778      0.00150470723375545      0.00049884448026297     9.08042859805047e-05      9.0804285980343e-05     2.78704068785366e-05         4.42221484945668        0.251491979461238        0.251491979461589        0.455021331899092        0.164011693066599        0.164011693066599        0.164011693066599
        0.112961111111111      0.00151400998995635      0.00151400998995191     0.000502227344768104     9.15452179324085e-05     9.15452179320986e-05     2.80971381353879e-05         4.42698354159832        0.250351208005932          0.2503512080066         0.45421958935165        0.164011693066599        0.164011693066599        0.164011693066599
        0.113007407407407      0.00152360475314501      0.00152360475314127     0.000505712311537568     9.23091754102325e-05     9.23091754099711e-05     2.83302784238876e-05         4.43229300043262        0.249169873394603        0.249169873395164        0.453390832770067        0.164011693066599        0.164011693066599        0.164011693066599
        0.113053703703704      0.00153351827259227      0.00153351827258762     0.000509308646093598     9.30982438612577e-05      9.3098243860931e-05     2.85703900091293e-05         4.43820178894518        0.247944183093446        0.247944183094143        0.452532579591048        0.164011693066599        0.164011693066599        0.164011693066599
                   0.1131      0.00154378154879149       0.0015437815487817     0.000513027086303575      9.3914840556183e-05     9.39148405554936e-05     2.88181238813406e-05          4.4448032004331        0.246669738088009        0.246669738089472        0.451641953570668        0.164011693066599        0.164011693066599        0.164011693066599
        0.113146296296296      0.00155443083168932       0.0015544308316886     0.000516880188307646     9.47617926402749e-05     9.47617926402243e-05     2.90742405450397e-05         4.45219574691035        0.245341389968193          0.2453413899683        0.450715592481141        0.164011693066599        0.164011693066599        0.164011693066599
        0.113192592592593      0.00156550892723504        0.001565508927239     0.000520882779551959     9.56424394217492e-05     9.56424394220299e-05     2.93396372441497e-05         4.46050442503225        0.243953053832009        0.243953053831421        0.449749527471895        0.164011693066599        0.164011693066599        0.164011693066599
        0.113238888888889      0.00157706696498365      0.00157706696498041     0.000525052571621295     9.65607707222975e-05     9.65607707220668e-05      2.9615384768424e-05         4.46988954494727        0.242497454942602        0.242497454943083        0.448739019762195        0.164011693066599        0.164011693066599        0.164011693066599
        0.113285185185185      0.00158916680755294      0.00158916680754565     0.000529410995999578     9.75216156674718e-05     9.75216156669509e-05     2.99027776426055e-05         4.48054596978657        0.240965783260972        0.240965783262051          0.4476783382861        0.164011693066599        0.164011693066599        0.164011693066599
        0.113331481481481      0.00160188443681959      0.00160188443681248     0.000533984378872663     9.85309081116009e-05     9.85309081110909e-05     3.02034046489641e-05         4.49271574737644        0.239347207597458        0.239347207598508        0.446560447249029        0.164011693066599        0.164011693066599        0.164011693066599
        0.113377777777778      0.00161531482996896       0.0016153148299596     0.000538805633335854     9.95960691144453e-05     9.95960691137705e-05     3.05192503812348e-05         4.50674061927802        0.237628175572793        0.237628175574172        0.445376556488024        0.164011693066599        0.164011693066599        0.164011693066599
        0.113424074074074      0.00162957920935668      0.00162957920937578     0.000543916776369125       0.0001007265760374     0.000100726576038782     3.08528462526511e-05         4.52305903668541        0.235791372098547        0.235791372095741        0.444115453293406        0.164011693066599        0.164011693066599        0.164011693066599
         0.11347037037037      0.00164483623616452      0.00164483623614998     0.000549372816483931     0.000101934841934515     0.000101934841933457      3.1207503676269e-05         4.54230359550178         0.23381411018896        0.233814110191091        0.442762471415487        0.164011693066599        0.164011693066599        0.164011693066599
        0.113516666666667      0.00166130011042574      0.00166130011038559     0.000555248043023653     0.000103237638777754     0.000103237638774818     3.15876911972175e-05         4.56534098277242        0.231665727023219        0.231665727029094        0.441297824980168        0.164011693066599        0.164011693066599        0.164011693066599
        0.113562962962963      0.00167927434061907      0.00167927434061905     0.000561647697487277     0.000104658741118068     0.000104658741118067     3.19997331179803e-05         4.59352075479975        0.229302716417326        0.229302716417329        0.439693493995771        0.164011693066599        0.164011693066599        0.164011693066599
        0.113609259259259      0.00169919995085929      0.00169919995085934     0.000568724970947048     0.000106232773685351     0.000106232773685354     3.24528318044041e-05         4.62896518333644        0.226661800662956        0.226661800662949        0.437908823936929        0.164011693066599        0.164011693066599        0.164011693066599
        0.113655555555556      0.00172178410499057      0.00172178410499035     0.000576725455387257     0.000108015290757782     0.000108015290757765     3.29617264751835e-05         4.67541605055767        0.223641355551784        0.223641355551816        0.435878672893919        0.164011693066599        0.164011693066599        0.164011693066599
        0.113701851851852      0.00174826552160814      0.00174826552160779     0.000586079777223705     0.000110103788548948     0.000110103788548922     3.35522458120335e-05         4.74015910240685        0.220063104058073        0.220063104058123        0.433489093862244        0.164011693066599        0.164011693066599        0.164011693066599
        0.113748148148148      0.00178120761669173      0.00178120761669196     0.000597680071164812     0.000112700479602436     0.000112700479602454     3.42778686280006e-05         4.84071502766677        0.215557463223447        0.215557463223414        0.430504676994274        0.164011693066599        0.164011693066599        0.164011693066599
        0.113794444444444      0.00182794104694165      0.00182794104694316     0.000614081899800065     0.000116385532121598     0.000116385532121714     3.52917170636314e-05         5.03909618242433        0.209065128488559        0.209065128488341        0.426253803725706        0.164011693066599        0.164011693066599        0.164011693066599
        0.113840740740741       0.0020540165019007      0.00205401650190117     0.000693768943961877     0.000134579603644026     0.000134579603644065     4.01055477208394e-05         4.53989050297967        0.176374659823498        0.176374659823428        0.405816986858394        0.164011693066599        0.164011693066599        0.164011693066599
        0.113887037037037      0.00214423456031807      0.00214423456031769     0.000726876503179356     0.000142324922651344     0.000142324922651311     4.21524643866941e-05         2.91717512046062        0.163140559989508        0.163140559989566        0.398045326134414        0.164011693066599        0.164011693066599        0.164011693066599
        0.113933333333333      0.00218187784413294      0.00218187784413157     0.000741173053331744     0.000145708908071982     0.000145708908071862     4.30681119974778e-05          2.5493274343121         0.15768820159259        0.157688201592801        0.394933633662275        0.164011693066599        0.164011693066599        0.164011693066599
         0.11397962962963      0.00220867458937024      0.00220867458937011     0.000751570914610421     0.000148185023421527     0.000148185023421516     4.37497176902134e-05         2.34362923441999        0.153851678664463        0.153851678664482        0.392776324945729        0.164011693066599        0.164011693066599        0.164011693066599
        0.114025925925926      0.00223017206640168      0.00223017206640196     0.000760060903782649     0.000150215949516152     0.000150215949516177      4.4317061647943e-05         2.20423245402387        0.150807557695109        0.150807557695065         0.39108367472254        0.164011693066599        0.164011693066599        0.164011693066599
        0.114072222222222      0.00224843281524784      0.00224843281524779     0.000767384539938204     0.000151974313613671     0.000151974313613666     4.48147410456794e-05          2.1005991735681        0.148248952549734        0.148248952549743        0.389674108696689        0.164011693066599        0.164011693066599        0.164011693066599
        0.114118518518519      0.00226447848181193      0.00226447848181197     0.000773909602101863     0.000153545843441632     0.000153545843441636      4.5264864805516e-05         2.01915524786374         0.14602355873157        0.146023558731563        0.388457876386038        0.164011693066599        0.164011693066599        0.164011693066599
        0.114164814814815      0.00227889906543001      0.00227889906543829     0.000779848747664514     0.000154980155599874     0.000154980155600626     4.56802106643211e-05         1.95270963141935        0.144043261793899        0.144043261792574        0.387383232490587        0.164011693066599        0.164011693066599        0.164011693066599
        0.114211111111111      0.00229206588806085      0.00229206588803868     0.000785335765306585     0.000156308509848524     0.000156308509846496     4.60688111560966e-05          1.8970359906975        0.142252554790162        0.142252554793734        0.386417677243767        0.164011693066599        0.164011693066599        0.164011693066599
        0.114257407407407      0.00230423437711422      0.00230423437711598      0.00079046291713785     0.000157552463567186     0.000157552463567348     4.64362043949559e-05         1.84942472827002        0.140613166955704        0.140613166955419        0.385538866281182        0.164011693066599        0.164011693066599        0.164011693066599
        0.114303703703704       0.0023155853473346      0.00231558534733503     0.000795295489770433     0.000158727289039883     0.000158727289039923     4.67863062128533e-05         1.80805246232437          0.1390979836319        0.139097983631829        0.384731008637131        0.164011693066599        0.164011693066599        0.164011693066599
                  0.11435      0.00232625278757084      0.00232625278757175     0.000799881887835229     0.000159844316996159     0.000159844316996243     4.71220181606491e-05         1.77163575573261        0.137686886602831        0.137686886602683        0.383982415762033        0.164011693066599        0.164011693066599        0.164011693066599
        0.114396296296296      0.00233633901792305      0.00233633901792441     0.000804259091672378     0.000160912209332649     0.000160912209332776     4.74455556444907e-05         1.73923791241764        0.136364494235215        0.136364494234991        0.383284170937233        0.164011693066599        0.164011693066599        0.164011693066599
        0.114442592592593      0.00234592412706046      0.00234592412706365     0.000808456057849325     0.000161937752547956     0.000161937752548255     4.77586523427013e-05         1.71015772951202        0.135118752998158         0.13511875299763        0.382629301550918        0.164011693066599        0.164011693066599        0.164011693066599
        0.114488888888889        0.002355072096637       0.0023550720966303     0.000812495926980948     0.000162926373092285     0.000162926373091654     4.80626928892743e-05         1.68385460286435        0.133940022792529        0.133940022793642        0.382012242338291        0.164011693066599        0.164011693066599        0.164011693066599
        0.114535185185185      0.00236383493014235      0.00236383493014273     0.000816397512853861     0.000163882485108423     0.000163882485108459     4.83588023434284e-05         1.65990507121104        0.132820459852831        0.132820459852767         0.38142847378659        0.164011693066599        0.164011693066599        0.164011693066599
        0.114581481481481      0.00237225552756643      0.00237225552756792     0.000820176339686497      0.00016480973278208     0.000164809732782222     4.86479084972784e-05          1.6379736337259        0.131753586726627        0.131753586726377        0.380874270579751        0.164011693066599        0.164011693066599        0.164011693066599
        0.114627777777778      0.00238036973401277       0.0023803697340131     0.000823845381563643     0.000165711163151533     0.000165711163151565     4.89307862786586e-05         1.61778679676009        0.130733985667687        0.130733985667631        0.380346522430318        0.164011693066599        0.164011693066599        0.164011693066599
        0.114674074074074       0.0023882078370285      0.00238820783703422     0.000827415603100252     0.000166589352515863      0.00016658935251641     4.92080902098187e-05         1.59912219085791        0.129757074371027        0.129757074370061        0.379842603212894        0.164011693066599        0.164011693066599        0.164011693066599
         0.11472037037037       0.0023957956824132       0.0023957956824114     0.000830896362429888     0.000167446500701786     0.000167446500701613     4.94803785942171e-05          1.5817955479533        0.128818938737331        0.128818938737637        0.379360273514181        0.164011693066599        0.164011693066599        0.164011693066599
        0.114766666666667      0.00240315552005081       0.0024031555200504      0.00083429571684759      0.00016828450256717      0.00016828450256713     4.97481318556749e-05         1.56565553176778        0.127916206022906        0.127916206022977        0.378897606789139        0.164011693066599        0.164011693066599        0.164011693066599
        0.114812962962963      0.00241030665486428      0.00241030665486045     0.000837620658025695     0.000169105003060045     0.000169105003059676      5.0011766647179e-05         1.55056524148629        0.127045947162519        0.127045947163173        0.378452932575225        0.164011693066599        0.164011693066599        0.164011693066599
        0.114859259259259      0.00241726595515693      0.00241726595515525     0.000840877295778894     0.000169909440240966     0.000169909440240802     5.02716468704897e-05         1.53641852281807         0.12620560044455         0.12620560044484        0.378024792164937        0.164011693066599        0.164011693066599        0.164011693066599
        0.114905555555556      0.00242404825523129      0.00242404825523113     0.000844071003659547     0.000170699079385954     0.000170699079385938     5.05280924051936e-05         1.52311636233331        0.125392911008077        0.125392911008106        0.377611903520178        0.164011693066599        0.164011693066599        0.164011693066599
        0.114951851851852      0.00243066667569288      0.00243066667569063     0.000847206534770729     0.000171475040112345     0.000171475040112125     5.07813860482461e-05          1.5105791578791        0.124605882715451         0.12460588271584        0.377213133367826        0.164011693066599        0.164011693066599        0.164011693066599
        0.114998148148148      0.00243713288371294      0.00243713288371412     0.000850288115924179     0.000172238318449811     0.000172238318449926     5.10317791560734e-05         1.49873389179739        0.123842738991509        0.123842738991303        0.376827474544545        0.164011693066599        0.164011693066599        0.164011693066599
        0.115044444444444      0.00244345730436497      0.00244345730436441     0.000853319524101026     0.000172989804760875     0.000172989804760819     5.12794962238716e-05         1.48752133335792        0.123101891024526        0.123101891024625        0.376454027603853        0.164011693066599        0.164011693066599        0.164011693066599
        0.115090740740741      0.00244964929440408      0.00244964929440408     0.000856304149326642     0.000173730298483331      0.00017373029848333      5.1524738650022e-05         1.47688297974181        0.122381911604496        0.122381911604497        0.376091985700717        0.164011693066599        0.164011693066599        0.164011693066599
        0.115137037037037      0.00245571728673258      0.00245571728673072     0.000859245046970569     0.000174460520397292     0.000174460520397108     5.17676878670619e-05         1.46677060800081        0.121681513352215        0.121681513352541        0.375740622031426        0.164011693066599        0.164011693066599        0.164011693066599
        0.115183333333333      0.00246166891051317      0.00246166891051397     0.000862144981214487     0.000175181122822486     0.000175181122822566     5.20085079424302e-05         1.45714440545108        0.120999530619793        0.120999530619652        0.375399279395334        0.164011693066599        0.164011693066599        0.164011693066599
         0.11522962962963      0.00246751109236612      0.00246751109236526     0.000865006461690532     0.000175892698216589     0.000175892698216503     5.22473477702741e-05         1.44796323510067         0.12033490422758        0.120334904227733         0.37506736140464        0.164011693066599        0.164011693066599        0.164011693066599
        0.115275925925926      0.00247325014183415      0.00247325014183303     0.000867831774434517     0.000176595786438285     0.000176595786438174     5.24843429224622e-05         1.43919409376233        0.119686668569834        0.119686668570032        0.374744325061363        0.164011693066599        0.164011693066599        0.164011693066599
        0.115322222222222       0.0024788918241255      0.00247889182412464     0.000870623008219931     0.000177290880932327     0.000177290880932241     5.27196172228894e-05         1.43080461117525        0.119053940632828        0.119053940632981        0.374429674445633        0.164011693066599        0.164011693066599        0.164011693066599
        0.115368518518519      0.00248444142218529      0.00248444142218552     0.000873382077041686     0.000177978434007221     0.000177978434007244     5.29532840910214e-05         1.42277304136965        0.118435910622854        0.118435910622813        0.374122955328448        0.164011693066599        0.164011693066599        0.164011693066599
        0.115414814814815      0.00248990379033948      0.00248990379033969     0.000876110739553025     0.000178658861402415     0.000178658861402437     5.31854477034764e-05         1.41506801933145        0.117831833854675        0.117831833854636        0.373823750520233        0.164011693066599        0.164011693066599        0.164011693066599
        0.115461111111111      0.00249528340016181      0.00249528340016119      0.00087881061567128     0.000179332546187948     0.000179332546187886     5.34162039853298e-05         1.40766754600652        0.117241023824719         0.11724102382483        0.373531675893406        0.164011693066599        0.164011693066599        0.164011693066599
        0.115507407407407      0.00250058438078895      0.00250058438078723     0.000881483201194984     0.000179999842201293     0.000179999842201119     5.36456414833594e-05         1.40055477867028          0.1166628461052         0.11666284610551        0.373246376889473        0.164011693066599        0.164011693066599        0.164011693066599
        0.115553703703704      0.00250581055340497      0.00250581055340533     0.000884129880289107     0.000180661076978487     0.000180661076978523      5.3873842110589e-05         1.39370979160825        0.116096713136157        0.116096713136092        0.372967525529336        0.164011693066599        0.164011693066599        0.164011693066599
                   0.1156      0.00251096546214202      0.00251096546214282     0.000886751936690665     0.000181316554393215     0.000181316554393295     5.41008818156416e-05          1.3871158912606        0.115542079535248        0.115542079535105        0.372694817740283        0.164011693066599        0.164011693066599        0.164011693066599
        0.115646296296296      0.00251605240042704      0.00251605240042732     0.000889350563247981      0.00018196655689562     0.000181966556895649     5.43268311510057e-05          1.3807567463763        0.114998438118655        0.114998438118604        0.372427971072273        0.164011693066599        0.164011693066599        0.164011693066599
        0.115692592592593       0.0025210744348255      0.00252107443482563     0.000891926870573118     0.000182611347549296     0.000182611347549309     5.45517557895111e-05         1.37461892482124        0.114465316279694        0.114465316279669        0.372166722635415        0.164011693066599        0.164011693066599        0.164011693066599
        0.115738888888889      0.00252603442569171      0.00252603442569145      0.00089448189451756     0.000183251171789296     0.000183251171789268     5.47757169696015e-05         1.36868842338939        0.113942272863094        0.113942272863143        0.371910827313321        0.164011693066599        0.164011693066599        0.164011693066599
        0.115785185185185      0.00253093504566484      0.00253093504566386     0.000897016602878672     0.000183886259000223     0.000183886259000123      5.4998771895045e-05         1.36295491021485        0.113428895358558        0.113428895358738        0.371660056163436        0.164011693066599        0.164011693066599        0.164011693066599
        0.115831481481481       0.0025357787961186      0.00253577879611813     0.000899531901367461     0.000184516823920221     0.000184516823920173     5.52209740905319e-05         1.35740632243398        0.112924797403449        0.112924797403534        0.371414194994306        0.164011693066599        0.164011693066599        0.164011693066599
        0.115877777777778      0.00254056802176407      0.00254056802176362     0.000902028638897658     0.000185143067886541     0.000185143067886495       5.544237371656e-05         1.35203223323271        0.112429616566885        0.112429616566967        0.371173043104027        0.164011693066599        0.164011693066599        0.164011693066599
        0.115924074074074       0.0025453049236882      0.00254530492368858     0.000904507612313557     0.000185765179947598     0.000185765179947638     5.56630178507977e-05         1.34682361520263        0.111943012371025        0.111943012370954        0.370936412152899        0.164011693066599        0.164011693066599        0.164011693066599
         0.11597037037037      0.00254999157115815      0.00254999157115816     0.000906969570671061     0.000186383337872042     0.000186383337872042     5.58829507430092e-05         1.34177170165254        0.111464664495109        0.111464664495109        0.370704125144417        0.164011693066599        0.164011693066599        0.164011693066599
        0.116016666666667      0.00255462991208796      0.00255462991208775     0.000909415219031279     0.000186997709041209     0.000186997709041187     5.61022140405816e-05         1.33686772074094        0.110994271186879        0.110994271186918        0.370476015520789        0.164011693066599        0.164011693066599        0.164011693066599
        0.116062962962963      0.00255922178258448      0.00255922178258415     0.000911845221923136     0.000187608451265356     0.000187608451265321     5.63208469945638e-05         1.33210516163599        0.110531547809264        0.110531547809326        0.370251926339191        0.164011693066599        0.164011693066599        0.164011693066599
        0.116109259259259      0.00256376891548014      0.00256376891547995     0.000914260206437043     0.000188215713511876     0.000188215713511857     5.65388866435038e-05         1.32747672593496        0.110076225543584        0.110076225543619        0.370031709534919        0.164011693066599        0.164011693066599        0.164011693066599
        0.116155555555556      0.00256827294810239      0.00256827294810257     0.000916660765040919     0.000188819636569405     0.000188819636569424     5.67563679808289e-05         1.32297652078894        0.109628050206637        0.109628050206603        0.369815225251458        0.164011693066599        0.164011693066599        0.164011693066599
        0.116201851851852      0.00257273542934511      0.00257273542934497     0.000919047458146842     0.000189420353652907     0.000189420353652892     5.69733241074374e-05         1.31859592219947        0.109186781172622        0.109186781172649        0.369602341230548        0.164011693066599        0.164011693066599        0.164011693066599
        0.116248148148148       0.0025771578259588       0.0025771578259586     0.000921420816389731     0.000190017990939503     0.000190017990939482     5.71897863667977e-05         1.31433090677981        0.108752190418439        0.108752190418477        0.369392932268967        0.164011693066599        0.164011693066599        0.164011693066599
        0.116294444444444      0.00258154152846872      0.00258154152846859       0.0009237813427761     0.000190612668076394      0.00019061266807638     5.74057844727729e-05         1.31017585943878        0.108324061618246        0.108324061618271        0.369186879709131        0.164011693066599        0.164011693066599        0.164011693066599
        0.116340740740741      0.00258588785639614      0.00258588785639647     0.000926129514574215      0.00019120449862578     0.000191204498625815     5.76213466215962e-05         1.30612547619931        0.107902189350383        0.107902189350321        0.368984070988698        0.164011693066599        0.164011693066599        0.164011693066599
        0.116387037037037      0.00259019806316151       0.0025901980631618     0.000928465785095552     0.000191793590485355     0.000191793590485386     5.78364995977281e-05         1.30217698838039        0.107486378347478        0.107486378347423        0.368784399218194        0.164011693066599        0.164011693066599        0.164011693066599
        0.116433333333333      0.00259447334048948      0.00259447334048962     0.000930790585291145     0.000192380046264598     0.000192380046264612     5.80512688684669e-05         1.29832328464979        0.107076442825338        0.107076442825313        0.368587762801431        0.164011693066599        0.164011693066599        0.164011693066599
         0.11647962962963      0.00259871482244526      0.00259871482244532     0.000933104325213406      0.00019296396362956     0.000192963963629567     5.82656786705427e-05         1.29456105389619        0.106672205867899        0.106672205867886        0.368394065087933        0.164011693066599        0.164011693066599        0.164011693066599
        0.116525925925926      0.00260292358925045      0.00260292358925016      0.00093540739540569     0.000193545435631142     0.000193545435631112     5.84797520927344e-05         1.29088666180388        0.106273498841308        0.106273498841363        0.368203214044425        0.164011693066599        0.164011693066599        0.164011693066599
        0.116572222222222       0.0026071006705913       0.0026071006705913     0.000937700168094736     0.000194124550985775     0.000194124550985775     5.86935111461703e-05         1.28729649250362        0.105880160893146        0.105880160893147        0.368015121969896        0.164011693066599        0.164011693066599        0.164011693066599
        0.116618518518519      0.00261124704886178      0.00261124704886184     0.000939982998371784      0.00019470139435476     0.000194701394354767     5.89069768345381e-05         1.28378683438624        0.105492038453611        0.105492038453599        0.367829705216678        0.164011693066599        0.164011693066599        0.164011693066599
        0.116664814814815      0.00261536366206276      0.00261536366206287     0.000942256225243912     0.000195276046592242     0.000195276046592254     5.91201692163086e-05         1.28035492180486        0.105108984792726        0.105108984792704        0.367646883940879        0.164011693066599        0.164011693066599        0.164011693066599
        0.116711111111111       0.0026194514064387      0.00261945140643909     0.000944520172586422     0.000195848584969881     0.000195848584969923     5.93331074609448e-05         1.27699669273254        0.104730859619138        0.104730859619062        0.367466581875634        0.164011693066599        0.164011693066599        0.164011693066599
        0.116757407407407      0.00262351113903785      0.00262351113903783     0.000946775150076794     0.000196419083397691     0.000196419083397689     5.95458099044058e-05         1.27370998497136        0.104357528685466         0.10435752868547        0.367288726110897        0.164011693066599        0.164011693066599        0.164011693066599
        0.116803703703704      0.00262754367995791      0.00262754367995823     0.000949021454004959     0.000196987612615209     0.000196987612615243     5.97582940968994e-05          1.2704919282371        0.103988863446762          0.1039888634467        0.367113246900429        0.164011693066599        0.164011693066599        0.164011693066599
                  0.11685      0.00263154981450219      0.00263154981450188     0.000951259368057126     0.000197554240376699     0.000197554240376666     5.99705768493096e-05         1.26733866971713        0.103624740729439        0.103624740729499        0.366940077476418        0.164011693066599        0.164011693066599        0.164011693066599
        0.116896296296296      0.00263553029512576      0.00263553029512572     0.000953489164020352     0.000198119031617166     0.000198119031617162     6.01826742747439e-05         1.26424915637134        0.103265042434522         0.10326504243453        0.366769153882008        0.164011693066599        0.164011693066599        0.164011693066599
        0.116942592592593       0.0026394858433565       0.0026394858433569      0.00095571110248243      0.00019868204861878     0.000198682048618824     6.03946018301521e-05         1.26121991052408        0.102909655239868        0.102909655239789          0.3666004148068        0.164011693066599        0.164011693066599        0.164011693066599
        0.116988888888889      0.00264341715135571      0.00264341715135588      0.00095792543339108     0.000199243351141289     0.000199243351141307     6.06063743488764e-05         1.25824943216947        0.102558470367172        0.102558470367138        0.366433801451963        0.164011693066599        0.164011693066599        0.164011693066599
        0.117035185185185      0.00264732488368782       0.0026473248836876     0.000960132396704363     0.000199802996577646     0.000199802996577623     6.08180060796422e-05         1.25533648757356        0.102211383303178        0.102211383303219        0.366269257379129        0.164011693066599        0.164011693066599        0.164011693066599
        0.117081481481481      0.00265120967867413       0.0026512096786742     0.000962332222875195     0.000200361040067137     0.000200361040067144     6.10295107147299e-05         1.25247709932186        0.101868293597464        0.101868293597451        0.366106728393514        0.164011693066599        0.164011693066599        0.164011693066599
        0.117127777777778      0.00265507214983114      0.00265507214983112     0.000964525133375582     0.000200917534619867     0.000200917534619865     6.12409014210891e-05         1.24967130371281        0.101529104639488         0.10152910463949        0.365946162420711        0.164011693066599        0.164011693066599        0.164011693066599
        0.117174074074074      0.00265891288715652      0.00265891288715651     0.000966711341162502     0.000201472531226858     0.000201472531226857      6.1452190867798e-05         1.24691600872528        0.101193723461456        0.101193723461458        0.365787509396289        0.164011693066599        0.164011693066599        0.164011693066599
         0.11722037037037      0.00266273245833156      0.00266273245833131     0.000968891051113597     0.000202026078962986     0.000202026078962959     6.16633912517326e-05         1.24420962246467        0.100862060553977        0.100862060554026         0.36563072116258        0.164011693066599        0.164011693066599        0.164011693066599
        0.117266666666667      0.00266653140985217      0.00266653140985219     0.000971064460437403     0.000202578225083952     0.000202578225083955     6.18745143217507e-05         1.24155008176039        0.100534029692326        0.100534029692321        0.365475751371615        0.164011693066599        0.164011693066599        0.164011693066599
        0.117312962962963      0.00267031026810604      0.00267031026810594      0.00097323175906424     0.000203129015119068     0.000203129015119057      6.2085571401785e-05         1.23893697558324        0.100209547770136        0.100209547770156        0.365322555392924        0.164011693066599        0.164011693066599        0.164011693066599
        0.117359259259259      0.00267406954034079      0.00267406954034064     0.000975393129997269     0.000203678492953691     0.000203678492953674     6.22965734114447e-05         1.23636688046577       0.0998885346516881       0.0998885346517193        0.365171090230127        0.164011693066599        0.164011693066599        0.164011693066599
        0.117405555555556       0.0026778097156101      0.00267780971561013     0.000977548749655019     0.000204226700910708     0.000204226700910711     6.25075308862267e-05         1.23383884441446       0.0995709130257846       0.0995709130257797        0.365021314440115        0.164011693066599        0.164011693066599        0.164011693066599
        0.117451851851852      0.00268153126565084      0.00268153126565092     0.000979698788188997     0.000204773679825817     0.000204773679825826      6.2718453996216e-05          1.2313532238821       0.0992566082707269        0.099256608270711        0.364873188057966        0.164011693066599        0.164011693066599        0.164011693066599
        0.117498148148148      0.00268523464570297      0.00268523464570296     0.000981843409783038     0.000205319469117803     0.000205319469117802     6.29293525637136e-05         1.22890768153251       0.0989455483282552       0.0989455483282562        0.364726672526217        0.164011693066599        0.164011693066599        0.164011693066599
        0.117544444444444      0.00268892029527491      0.00268892029527481     0.000983982772927868     0.000205864106853988     0.000205864106853978     6.31402360793326e-05         1.22650109072059       0.0986376635861162       0.0986376635861357        0.364581730629715        0.164011693066599        0.164011693066599        0.164011693066599
        0.117590740740741      0.00269258863889315      0.00269258863889298      0.00098611703069534      0.00020640762981508     0.000206407629815061     6.33511137182224e-05         1.22413132821093       0.0983328867616276       0.0983328867616615        0.364438326431231        0.164011693066599        0.164011693066599        0.164011693066599
        0.117637037037037      0.00269624008676225      0.00269624008676238     0.000988246330976282     0.000206950073551148     0.000206950073551162     6.35619943539484e-05          1.2217985603452       0.0980311528012269        0.098031152801202        0.364296425214792        0.164011693066599        0.164011693066599        0.164011693066599
        0.117683333333333      0.00269987503543832      0.00269987503543831     0.000990370816725002     0.000207491472440087     0.000207491472440085     6.37728865729571e-05          1.2195012132302       0.0977323987754235       0.0977323987754269         0.36415599342834        0.164011693066599        0.164011693066599        0.164011693066599
         0.11772962962963      0.00270349386841312      0.00270349386841304     0.000992490759739823     0.000208031859737084     0.000208031859737075     6.39837986869041e-05          1.2172371960295       0.0974365637899965       0.0974365637900129        0.364016998633359        0.164011693066599        0.164011693066599        0.164011693066599
        0.117775925925926       0.0027070969567158      0.00270709695671566     0.000994606028332309     0.000208571267626914     0.000208571267626897      6.4194738745632e-05         1.21500661660459       0.0971435888919646       0.0971435888919944        0.363879409453535        0.164011693066599        0.164011693066599        0.164011693066599
        0.117822222222222      0.00271068465943178      0.00271068465943184     0.000996716883744797     0.000209109727267817     0.000209109727267823     6.44057023330758e-05          1.2128082386518       0.0968534169907811       0.0968534169907695        0.363743195530391        0.164011693066599        0.164011693066599        0.164011693066599
        0.117868518518519      0.00271425732424067      0.00271425732424062     0.000998823451257969     0.000209647268838282     0.000209647268838276      6.4616721313069e-05         1.21064107102045       0.0965659927741724       0.0965659927741836        0.363608327477113        0.164011693066599        0.164011693066599        0.164011693066599
        0.117914814814815      0.00271781528789595      0.00271781528789599      0.00100092585220248     0.000210183921578036      0.00021018392157804     6.48277909263159e-05         1.20850449882127       0.0962812626344342       0.0962812626344261        0.363474776837648        0.164011693066599        0.164011693066599        0.164011693066599
        0.117961111111111      0.00272135887667435      0.00272135887667433      0.00100302420412147     0.000210719713826329     0.000210719713826326     6.50389182833349e-05          1.2063977275584       0.0959991745995936        0.095999174599599        0.363342516048134        0.164011693066599        0.164011693066599        0.164011693066599
        0.118007407407407      0.00272488840682695      0.00272488840682701      0.00100511862093505     0.000211254673061034     0.000211254673061041     6.52501102846036e-05         1.20431931035188       0.0957196782630152       0.0957196782630028         0.36321151839835        0.164011693066599        0.164011693066599        0.164011693066599
        0.118053703703704      0.00272840418498743      0.00272840418498738      0.00100720921308702      0.00021178882593357     0.000211788825933565     6.54613736291224e-05         1.20226792644536       0.0954427247205567       0.0954427247205671        0.363081757996947        0.164011693066599        0.164011693066599        0.164011693066599
                   0.1181       0.0027319065085644       0.0027319065085642      0.00100929608768839      0.00021232219830258     0.000212322198302557     6.56727148228377e-05          1.2002442551109       0.0951682665099387       0.0951682665099799        0.362953209737638        0.164011693066599        0.164011693066599        0.164011693066599
