                   T[GeV]                nU[GeV^3]                nD[GeV^3]                nS[GeV^3]             nUBar[GeV^3]             nDBar[GeV^3]            nSBbar[GeV^3]                W[GeV^-2]               effMU[GeV]               effMD[GeV]               effMS[GeV]              effCPU[GeV]              effCPD[GeV]              effCPS[GeV]
                  0.06709       0.0025147004257666       0.0025147004257666     0.000207356129390359     3.19640695192898e-07     3.19640695192898e-07     1.59857343273958e-08         2.59956613229852        0.233512367342546        0.233512367342546        0.494386619712955        0.318435705524512        0.318435705524512        0.318435705524512
       0.0670993577981651       0.0025189087541342      0.00251890875413352     0.000207695658122601     3.20938961700642e-07      3.2093896170049e-07     1.60336868581808e-08         2.59782620006633        0.233254518804598        0.233254518804644        0.494300148169374        0.318435705524512        0.318435705524512        0.318435705524512
       0.0671087155963303      0.00252315543039613        0.002523155430396     0.000208037528141656     3.22250209193342e-07     3.22250209193314e-07     1.60819199377263e-08         2.59607223528574        0.232994108972088        0.232994108972097        0.494212914707022        0.318435705524512        0.318435705524512        0.318435705524512
       0.0671180733944954      0.00252744141646351      0.00252744141646409     0.000208381795218575     3.23574755511523e-07     3.23574755511653e-07     1.61304389131141e-08         2.59430535503923          0.2327310724973         0.23273107249726        0.494124900371732        0.318435705524512        0.318435705524512        0.318435705524512
       0.0671274311926605      0.00253176771509607      0.00253176771509535     0.000208728517466359     3.24912931921718e-07     3.24912931921557e-07     1.61792493449368e-08         2.59252309832296        0.232465341239808        0.232465341239856        0.494036085407224        0.318435705524512        0.318435705524512        0.318435705524512
       0.0671367889908257      0.00253613537137276      0.00253613537137241     0.000209077755429746      3.2626508370206e-07     3.26265083701981e-07     1.62283570158678e-08         2.59072495297709        0.232196844164647        0.232196844164671        0.493946449227089        0.318435705524512        0.318435705524512        0.318435705524512
       0.0671461467889908      0.00254054547525665      0.00254054547525692     0.000209429572231583     3.27631570990408e-07     3.27631570990469e-07     1.62777679438128e-08         2.58891516094991        0.231925507166247        0.231925507166228        0.493855970364635        0.318435705524512        0.318435705524512        0.318435705524512
        0.067155504587156      0.00254499916423635      0.00254499916423634     0.000209784033724865     3.29012769670949e-07     3.29012769670945e-07     1.63274883956237e-08         2.58708923182173        0.231651252886956        0.231651252886957         0.49376462642113        0.318435705524512        0.318435705524512        0.318435705524512
       0.0671648623853211      0.00254949762635926      0.00254949762635846     0.000210141208665388     3.30409072372361e-07     3.30409072372179e-07     1.63775249025701e-08         2.58525083095591        0.231374000508813        0.231374000508867          0.4936723940065        0.318435705524512        0.318435705524512        0.318435705524512
       0.0671742201834862      0.00255404210320427       0.0025540421032036     0.000210501168883007     3.31820889477469e-07     3.31820889477316e-07     1.64278842758268e-08         2.58339338146078        0.231093665549109        0.231093665549154        0.493579248681353        0.318435705524512        0.318435705524512        0.318435705524512
       0.0671835779816514      0.00255863389350769      0.00255863389350852     0.000210863989488012     3.33248650308799e-07      3.3324865030899e-07     1.64785736249046e-08         2.58152426652447        0.230810159611466         0.23081015961141        0.493485164885845        0.318435705524512        0.318435705524512        0.318435705524512
       0.0671929357798165      0.00256327435656506      0.00256327435656377      0.00021122974906706     3.34692804293151e-07     3.34692804292853e-07     1.65296003753917e-08          2.5796389249677        0.230523390151702        0.230523390151789        0.493390115873591        0.318435705524512        0.318435705524512        0.318435705524512
       0.0672022935779816      0.00256796491650561      0.00256796491650744     0.000211598529926687     3.36153822358647e-07     3.36153822359069e-07     1.65809722906693e-08          2.5777378135048        0.230233260184294         0.23023326018417        0.493294073627677        0.318435705524512        0.318435705524512        0.318435705524512
       0.0672116513761468      0.00257270706647483      0.00257270706647407      0.00021197041833296     3.37632198347287e-07     3.37632198347112e-07     1.66326974934933e-08         2.57581651288583        0.229939667994606        0.229939667994657        0.493197008779279        0.318435705524512        0.318435705524512        0.318435705524512
       0.0672210091743119      0.00257750237343714      0.00257750237343471     0.000212345504786444     3.39128450609939e-07     3.39128450609374e-07     1.66847844906031e-08         2.57388052243401         0.22964250680869        0.229642506808854        0.493098890513484        0.318435705524512        0.318435705524512        0.318435705524512
       0.0672303669724771      0.00258235248295305      0.00258235248295438     0.000212723884296193     3.40643123638608e-07     3.40643123638918e-07     1.67372421974525e-08         2.57192902077185        0.229341664464233        0.229341664464144        0.492999686476742        0.318435705524512        0.318435705524512        0.318435705524512
       0.0672397247706422      0.00258725912551736      0.00258725912551942     0.000213105656739805     3.42176790110092e-07     3.42176790110574e-07     1.67900799701105e-08         2.56996003840627        0.229037022975378        0.229037022975239         0.49289936265183        0.318435705524512        0.318435705524512        0.318435705524512
       0.0672490825688073      0.00259222412174632      0.00259222412174544     0.000213490927162759     3.43730052714628e-07      3.4373005271442e-07     1.68433076325025e-08         2.56797257304646        0.228728458174587        0.228728458174647        0.492797883258252        0.318435705524512        0.318435705524512        0.318435705524512
       0.0672584403669725      0.00259724938984014      0.00259724938984145      0.00021387980620381     3.45303546574939e-07     3.45303546575248e-07     1.68969355141078e-08         2.56596834381558        0.228415839199954        0.228415839199865        0.492695210604773        0.318435705524512        0.318435705524512        0.318435705524512
       0.0672677981651376      0.00260233695252773         0.00260233695253     0.000214272410492107     3.46897941610438e-07     3.46897941610976e-07     1.69509744856702e-08          2.5639440206803        0.228099028016559        0.228099028016405         0.49259130495497        0.318435705524512        0.318435705524512        0.318435705524512
       0.0672771559633027      0.00260748894504159      0.00260748894503926      0.00021466886310309     3.48513945215611e-07     3.48513945215056e-07     1.70054359999881e-08         2.56190524859707        0.227777878867184        0.227777878867341         0.49248612437179        0.318435705524512        0.318435705524512        0.318435705524512
       0.0672865137614679      0.00261270762411577      0.00261270762411638     0.000215069294073938     3.50152305261547e-07     3.50152305261693e-07     1.70603321378975e-08         2.55984594802481        0.227452237652715        0.227452237652674        0.492379624541116        0.318435705524512        0.318435705524512        0.318435705524512
        0.067295871559633      0.00261799537804588      0.00261799537804441     0.000215473840975763     3.51813813441334e-07      3.5181381344098e-07     1.71156756592682e-08         2.55776592630851        0.227121941239442        0.227121941239542        0.492271758575784        0.318435705524512        0.318435705524512        0.318435705524512
       0.0673052293577982      0.00262335473675416      0.00262335473675309     0.000215882649492353     3.53499308716786e-07     3.53499308716528e-07     1.71714800549608e-08         2.55566742539395        0.226786816764471        0.226786816764543        0.492162476819852        0.318435705524512        0.318435705524512        0.318435705524512
       0.0673145871559633      0.00262878838406615      0.00262878838406889     0.000216295874119045     3.55209681406759e-07      3.5520968140742e-07     1.72277596090497e-08         2.55354830740897        0.226446680789963        0.226446680789778        0.492051726609248        0.318435705524512        0.318435705524512        0.318435705524512
       0.0673239449541284      0.00263429917134706      0.00263429917134706     0.000216713678942751     3.56945877731924e-07     3.56945877731924e-07     1.72845294682193e-08         2.55141052780672        0.226101338363514        0.226101338363514        0.491939452004507        0.318435705524512        0.318435705524512        0.318435705524512
       0.0673333027522936      0.00263989013161606      0.00263989013161705     0.000217136238448034     3.58708904618233e-07     3.58708904618474e-07     1.73418057138809e-08         2.54925308921465        0.225750582043917         0.22575058204385        0.491825593517383        0.318435705524512        0.318435705524512        0.318435705524512
       0.0673426605504587      0.00264556449668963      0.00264556449668992     0.000217563738495944     3.60499835397092e-07     3.60499835397162e-07      1.7399605449096e-08         2.54707436978589        0.225394190719634        0.225394190719615        0.491710087775038        0.318435705524512        0.318435705524512        0.318435705524512
       0.0673520183486239      0.00265132571414694      0.00265132571414829     0.000217996377295268     3.62319815644802e-07     3.62319815645133e-07     1.74579468856077e-08         2.54487424211725        0.225031928436215        0.225031928436124        0.491592867192176        0.318435705524512        0.318435705524512        0.318435705524512
        0.067361376146789      0.00265717746990562      0.00265717746990393     0.000218434366687938     3.64170070604083e-07     3.64170070603667e-07     1.75168494575058e-08         2.54265354963687        0.224663542841126         0.22466354284124        0.491473859527668        0.318435705524512        0.318435705524512        0.318435705524512
       0.0673707339449541      0.00266312370953233      0.00266312370953204     0.000218877933369135     3.66051912535422e-07      3.6605191253535e-07      1.7576333930462e-08         2.54040803935782        0.224288763709903        0.224288763709922        0.491352987472912        0.318435705524512        0.318435705524512        0.318435705524512
       0.0673800917431193      0.00266916866543299      0.00266916866543111     0.000219327320438103     3.67966749788839e-07     3.67966749788369e-07     1.76364225392328e-08          2.5381438690913        0.223907301070257        0.223907301070385        0.491230168120269        0.318435705524512        0.318435705524512        0.318435705524512
       0.0673894495412844      0.00267531688610769      0.00267531688610352       0.0002197827890684     3.69916096704499e-07     3.69916096703453e-07      1.7697139136221e-08         2.53585801946919        0.223518843181022        0.223518843181303        0.491105312394221        0.318435705524512        0.318435705524512        0.318435705524512
       0.0673988073394495      0.00268157326995306      0.00268157326994666     0.000220244620437522     3.71901585007325e-07     3.71901585005712e-07     1.77585093628078e-08         2.53354816414749        0.223123054197198         0.22312305419763         0.49097832439281        0.318435705524512        0.318435705524512        0.318435705524512
       0.0674081651376147      0.00268794310258461      0.00268794310258143     0.000220713117858203     3.73924976499564e-07     3.73924976498759e-07     1.78205608388953e-08         2.53121812999998        0.222719571589355         0.22271957158957        0.490849100663057        0.318435705524512        0.318435705524512        0.318435705524512
       0.0674175229357798      0.00269443210171445      0.00269443210171934      0.00022118860933689     3.75988178139357e-07     3.75988178140601e-07     1.78833233895931e-08         2.52886724677217        0.222308003043198        0.222308003042868        0.490717529326178        0.318435705524512        0.318435705524512        0.318435705524512
        0.067426880733945      0.00270104646627325      0.00270104646627089     0.000221671450378916     3.78093258761569e-07     3.78093258760967e-07     1.79468292943957e-08         2.52648990334493        0.221887923061298        0.221887923061457        0.490583489123837        0.318435705524512        0.318435705524512        0.318435705524512
       0.0674362385321101      0.00270779293456597      0.00270779293456798     0.000222162027308058     3.80242468754862e-07     3.80242468755378e-07     1.80111135814024e-08         2.52408785982811        0.221458868941114        0.221458868940978          0.4904468482861        0.318435705524512        0.318435705524512        0.318435705524512
       0.0674455963302752      0.00271467885309841      0.00271467885309979     0.000222660761187802     3.82438263253718e-07     3.82438263254074e-07      1.8076214374329e-08         2.52166673692899        0.221020336015887        0.221020336015794        0.490307463191692        0.318435705524512        0.318435705524512        0.318435705524512
       0.0674549541284404      0.00272171225018812      0.00272171225018898     0.000223168112027353     3.84683327483795e-07     3.84683327484019e-07     1.81421732663443e-08         2.51922642157252        0.220571772553101        0.220571772553042        0.490165176944309        0.318435705524512        0.318435705524512        0.318435705524512
       0.0674643119266055      0.00272890193265713      0.00272890193265762     0.000223684584291423     3.86980609162307e-07     3.86980609162435e-07     1.82090358063508e-08         2.51675735677691         0.22011257306917        0.220112573069137        0.490019817484445        0.318435705524512        0.318435705524512        0.318435705524512
       0.0674736697247706      0.00273625758881906      0.00273625758882064     0.000224210732777638     3.89333353873547e-07     3.89333353873961e-07     1.82768520203456e-08         2.51426806267708         0.21964207119019        0.219642071190083        0.489871195596956        0.318435705524512        0.318435705524512        0.318435705524512
       0.0674830275229358      0.00274378991790719      0.00274378991790726     0.000224747169995397     3.91745148924433e-07      3.9174514892445e-07     1.83456770634638e-08         2.51175928258083        0.219159530689725        0.219159530689721        0.489719102393637        0.318435705524512        0.318435705524512        0.318435705524512
       0.0674923853211009      0.00275151078172184      0.00275151078172416     0.000225294574813447      3.9421997498616e-07     3.94219974986776e-07     1.84155719844745e-08          2.5092341704718        0.218664134980416        0.218664134980259        0.489563306368813        0.318435705524512        0.318435705524512        0.318435705524512
       0.0675017431192661      0.00275943338377558      0.00275943338377629     0.000225853702676444     3.96762267364937e-07     3.96762267365128e-07     1.84866046291988e-08         2.50668609344474        0.218154974691488        0.218154974691439        0.489403549926446        0.318435705524512        0.318435705524512        0.318435705524512
       0.0675111009174312      0.00276757249002661      0.00276757249002529     0.000226425398187134     3.99376991234123e-07     3.99376991233769e-07      1.8558850751504e-08         2.50412421170882        0.217631032364321        0.217631032364411         0.48923954509552        0.318435705524512        0.318435705524512        0.318435705524512
       0.0675204587155963      0.00277594469766593      0.00277594469767033      0.00022701061042952     4.02069733363045e-07     4.02069733364231e-07     1.86323953657612e-08         2.50154399937493        0.217091163809333        0.217091163809035        0.489070968313636        0.318435705524512        0.318435705524512        0.318435705524512
       0.0675298165137615      0.00278456875938573      0.00278456875938733     0.000227610411453438     4.04846813341793e-07     4.04846813342228e-07     1.87073343788859e-08         2.49895675240622        0.216534075596442        0.216534075596333        0.488897454146684        0.318435705524512        0.318435705524512        0.318435705524512
       0.0675391743119266       0.0027934659940106      0.00279346599400621     0.000228226019679296     4.07715423965329e-07      4.0771542396413e-07     1.87837766539482e-08         2.49636657530353        0.215958296554004        0.215958296554301        0.488718587323241        0.318435705524512        0.318435705524512        0.318435705524512
       0.0675485321100917      0.00280266079398878      0.00280266079397914     0.000228858828821691     4.10683805477229e-07     4.10683805474579e-07     1.88618465607499e-08         2.49377670722196        0.215362142518709        0.215362142519363        0.488533892906344        0.318435705524512        0.318435705524512        0.318435705524512
       0.0675578899082569      0.00281218127601312      0.00281218127600379     0.000229510444964514     4.13761468744473e-07     4.13761468741889e-07     1.89416872423148e-08         2.49118517496892        0.214743671137244        0.214743671137877        0.488342823686818        0.318435705524512        0.318435705524512        0.318435705524512
        0.067567247706422      0.00282206010720774       0.0028220601072123     0.000230182733645095     4.16959479707157e-07     4.16959479708429e-07     1.90234647631016e-08         2.48861269979577        0.214100624430912        0.214100624430602        0.488144744193909        0.318435705524512        0.318435705524512        0.318435705524512
       0.0675766055045872      0.00283233559399317      0.00283233559399963     0.000230877881890429     4.20290833960018e-07     4.20290833961829e-07     1.91073735698347e-08         2.48606248663825        0.213430353086777        0.213430353086339        0.487938909615281        0.318435705524512        0.318435705524512        0.318435705524512
       0.0675859633027523       0.0028430531175336      0.00284305311752499     0.000231598480004331     4.23770951793087e-07     4.23770951790652e-07      1.9193643688931e-08         2.48355523514455        0.212729716593309        0.212729716593894        0.487724438026581        0.318435705524512        0.318435705524512        0.318435705524512
       0.0675953211009174      0.00285426706447819      0.00285426706448286     0.000232347631573075     4.27418345431707e-07     4.27418345433037e-07      1.9282550403575e-08         2.48110906363522        0.211994948845189        0.211994948844872        0.487500273060754        0.318435705524512        0.318435705524512        0.318435705524512
       0.0676046788990826       0.0028660435047417      0.00286604350474357     0.000233129105997699     4.31255544822361e-07     4.31255544822897e-07     1.93744276630787e-08         2.47874455350787        0.211221471686402        0.211221471686275        0.487265132139609        0.318435705524512        0.318435705524512        0.318435705524512
       0.0676140366972477      0.00287846394922022      0.00287846394925463     0.000233947552568226     4.35310400395915e-07     4.35310400405887e-07     1.94696868969694e-08         2.47649886162212        0.210403633084204        0.210403633081862        0.487017433878254        0.318435705524512        0.318435705524512        0.318435705524512
       0.0676233944954128      0.00289163081668096      0.00289163081668808     0.000234808811862621     4.39617981029101e-07     4.39617981031184e-07     1.95688443682892e-08         2.47443159866235         0.20953432602861        0.209534326028125        0.486755192512396        0.318435705524512        0.318435705524512        0.318435705524512
        0.067632752293578      0.00290567561649131      0.00290567561649719     0.000235720381846668     4.44223421516594e-07     4.44223421518331e-07     1.96725620994242e-08         2.47260599878766            0.20860441775        0.208604417749599        0.486475859974836        0.318435705524512        0.318435705524512        0.318435705524512
       0.0676421100917431      0.00292077175443482      0.00292077175439956     0.000236692147268837     4.49186386337051e-07     4.49186386326531e-07     1.97817118840107e-08         2.47113987769661        0.207601855963751        0.207601855966158        0.486176078847003        0.318435705524512        0.318435705524512        0.318435705524512
       0.0676514678899083      0.00293715542954747      0.00293715542953909     0.000237737569940107      4.5458837495896e-07     4.54588374956432e-07     1.98974797077242e-08         2.47019139665683        0.206510209324213        0.206510209324786        0.485851279530601        0.318435705524512        0.318435705524512        0.318435705524512
       0.0676608256880734      0.00295516204862339      0.00295516204862983     0.000238875762852842      4.6054548139863e-07     4.60545481400599e-07     2.00215476204309e-08         2.47002120613946        0.205306122304676        0.205306122304235        0.485494978680664        0.318435705524512        0.318435705524512        0.318435705524512
       0.0676701834862385      0.00297529455275669      0.00297529455277014      0.00024013538230603     4.67232412722262e-07     4.67232412726426e-07     2.01564348869257e-08         2.47110570467553        0.203954535582541        0.203954535581619        0.485097463831978        0.318435705524512        0.318435705524512        0.318435705524512
       0.0676795412844037      0.00299837989533211      0.00299837989533163     0.000241563508929041     4.74937148598397e-07     4.74937148598247e-07     2.03062753962992e-08         2.47428868362393        0.202397748153401        0.202397748153434        0.484642784272478        0.318435705524512        0.318435705524512        0.318435705524512
       0.0676888990825688      0.00302588064989013      0.00302588064989097      0.00024324349420654      4.8417285895982e-07     4.84172858960087e-07     2.04783825573973e-08         2.48141866580595        0.200533522465205        0.200533522465147        0.484102761808541        0.318435705524512        0.318435705524512        0.318435705524512
       0.0676982568807339       0.0030610375141084      0.00306103751410764     0.000245359909456626     4.96081848318138e-07     4.96081848317889e-07     2.06889320059604e-08         2.49755791168666        0.198134994623357         0.19813499462341        0.483415062145949        0.318435705524512        0.318435705524512        0.318435705524512
       0.0677076146788991      0.00311442149497926      0.00311442149496644     0.000248514933180165     5.14424545508737e-07     5.14424545504383e-07     2.09906457431988e-08         2.54533832144035        0.194460332113613        0.194460332114505        0.482376810556446        0.318435705524512        0.318435705524512        0.318435705524512
       0.0677169724770642      0.00337304196198619       0.0033730419619777     0.000263398473424504     6.10915901586326e-07     6.10915901582886e-07     2.23200454256916e-08         1.99531170892432        0.176136177172475        0.176136177173092        0.477465507701643        0.318435705524512        0.318435705524512        0.318435705524512
       0.0677263302752294       0.0034372935361697      0.00343729353618057     0.000267220990244268     6.38175229551942e-07      6.3817522955655e-07     2.26846311966389e-08         1.70876773359697        0.171468217674794        0.171468217673994        0.476281013054469        0.318435705524512        0.318435705524512        0.318435705524512
       0.0677356880733945      0.00347208240846129      0.00347208240845282     0.000269358172665941     6.53773509515346e-07     6.53773509511656e-07     2.29020238168407e-08         1.59864704160414        0.168926296212711         0.16892629621334        0.475646507518272        0.318435705524512        0.318435705524512        0.318435705524512
       0.0677450458715596      0.00349762449095658      0.00349762449095707     0.000270966455815865     6.65661042021417e-07     6.65661042021634e-07     2.30733817473599e-08         1.53077572540033        0.167054579321796        0.167054579321759        0.475183860999342        0.318435705524512        0.318435705524512        0.318435705524512
       0.0677544036697248      0.00351831045105642      0.00351831045113745     0.000272297111239426     6.75585005715237e-07     6.75585005751779e-07     2.32206646730771e-08         1.48221686413409         0.16553580064272        0.165535800636637        0.474811214338081        0.318435705524512        0.318435705524512        0.318435705524512
       0.0677637614678899      0.00353589904984812      0.00353589904985115     0.000273450681588416     6.84248443849359e-07     6.84248443850747e-07     2.33526495816329e-08         1.44476692684192        0.164242695795849         0.16424269579562        0.474495862477021        0.318435705524512        0.318435705524512        0.318435705524512
        0.067773119266055      0.00355133728093156      0.00355133728091705     0.000274481430650308      6.9203359670896e-07     6.92033596702241e-07     2.34740715925344e-08         1.41445468246182        0.163106536751996        0.163106536753096        0.474220204198957        0.318435705524512        0.318435705524512        0.318435705524512
       0.0677824770642202      0.00356517117560893      0.00356517117562147     0.000275420593419667     6.99161147655097e-07     6.99161147660966e-07     2.35876529333254e-08         1.38912768334763        0.162087674624408        0.162087674623455         0.47397411342426        0.318435705524512        0.318435705524512        0.318435705524512
       0.0677918348623853      0.00357775511598885      0.00357775511597726     0.000276288443443631     7.05774893041199e-07     7.05774893035721e-07     2.36951590095793e-08         1.36745924837662        0.161160342600855        0.161160342601739        0.473751025711247        0.318435705524512        0.318435705524512        0.318435705524512
       0.0678011926605505      0.00358933333165829      0.00358933333164058     0.000277098952097523     7.11974266850492e-07     7.11974266842039e-07     2.37978053914202e-08         1.34859165634892        0.160306762330845          0.1603067623322        0.473546421922146        0.318435705524512        0.318435705524512        0.318435705524512
       0.0678105504587156      0.00360008199597629      0.00360008199599083     0.000277862196655912     7.17831208022301e-07     7.17831208029305e-07     2.38964680911695e-08         1.33193154652182        0.159514095987097        0.159514095985981        0.473357045476912        0.318435705524512        0.318435705524512        0.318435705524512
       0.0678199082568807      0.00361013279735044      0.00361013279734844     0.000278585708929227     7.23399633366989e-07     7.23399633366017e-07     2.39918012844479e-08         1.31705304193352        0.158772738043354        0.158772738043508        0.473180464382709        0.318435705524512        0.318435705524512        0.318435705524512
       0.0678292660550459      0.00361958703887058      0.00361958703888598     0.000279275282101282     7.28721120082183e-07      7.2872112008972e-07     2.40843077125815e-08         1.30364024181388         0.15807529256338        0.158075292562192        0.473014809440161        0.318435705524512        0.318435705524512        0.318435705524512
        0.067838623853211      0.00362852449065412      0.00362852449065903     0.000279935477281463     7.33828480285561e-07     7.33828480287985e-07     2.41743828630652e-08          1.2914537255868        0.157415930705269        0.157415930704889        0.472858609984651        0.318435705524512        0.318435705524512        0.318435705524512
       0.0678479816513761      0.00363700921808612      0.00363700921810196     0.000280569957048492     7.38748120857962e-07     7.38748120865834e-07     2.42623440510043e-08         1.28030583024858        0.156789967346274        0.156789967345045        0.472710685816455        0.318435705524512        0.318435705524512        0.318435705524512
       0.0678573394495413      0.00364509352514284      0.00364509352514716     0.000281181711085835     7.43501641574939e-07     7.43501641577099e-07     2.43484500814219e-08         1.27004892567302        0.156193574535976         0.15619357453564        0.472570074119872        0.318435705524512        0.318435705524512        0.318435705524512
       0.0678666972477064      0.00365282073602263      0.00365282073602122     0.000281773215379371     7.48106966222905e-07     7.48106966222192e-07     2.44329151192151e-08         1.26056411138799        0.155623579150108        0.155623579150218        0.472435977949489        0.318435705524512        0.318435705524512        0.318435705524512
       0.0678760550458716      0.00366022717703719      0.00366022717703847     0.000282346545614266     7.52579148434583e-07     7.52579148435232e-07     2.45159185622017e-08         1.25175502117825        0.155077318715235        0.155077318715135        0.472307729540243        0.318435705524512        0.318435705524512        0.318435705524512
       0.0678854128440367      0.00366734364344091      0.00366734364344333      0.00028290346111267     7.56930970101389e-07     7.56930970102622e-07      2.4597612348034e-08         1.24353881584209        0.154552534588033        0.154552534587844        0.472184763174065        0.318435705524512        0.318435705524512        0.318435705524512
       0.0678947706422018      0.00367419649073335      0.00367419649073479     0.000283445467275213     7.61173386630936e-07     7.61173386631679e-07      2.4678126386456e-08         1.23585172018821        0.154047292473925        0.154047292473812        0.472066594998061        0.318435705524512        0.318435705524512        0.318435705524512
        0.067904128440367       0.0036808084645134      0.00368080846451409     0.000283973863055803     7.65315865859678e-07     7.65315865860036e-07     2.47575726874186e-08         1.22863437071197        0.153559921965462        0.153559921965407        0.471952807685245        0.318435705524512        0.318435705524512        0.318435705524512
       0.0679134862385321       0.0036871993528907       0.0036871993528922     0.000284489778301991     7.69366656014691e-07     7.69366656015471e-07     2.48360486088359e-08         1.22183812513714        0.153088968924331        0.153088968924213        0.471843038387263        0.318435705524512        0.318435705524512        0.318435705524512
       0.0679228440366973      0.00369338648274497      0.00369338648274771     0.000284994202130763     7.73332988282125e-07     7.73332988283553e-07      2.4913639320602e-08         1.21542368103171        0.152633159324698        0.152633159324482        0.471736969566743        0.318435705524512        0.318435705524512        0.318435705524512
       0.0679322018348624      0.00369938512427275      0.00369938512427175     0.000285488006080397     7.77221243301774e-07     7.77221243301246e-07     2.49904198164428e-08         1.20935404082315        0.152191369703674        0.152191369703754        0.471634321532728        0.318435705524512        0.318435705524512        0.318435705524512
       0.0679415596330275      0.00370520881098126      0.00370520881098126     0.000285971962412436     7.81037082576432e-07     7.81037082576435e-07     2.50664565027499e-08         1.20359825953009        0.151762603801136        0.151762603801136        0.471534846537185        0.318435705524512        0.318435705524512        0.318435705524512
       0.0679509174311927       0.0037108695992152      0.00371086959921301     0.000286446758955862     7.84785555206277e-07     7.84785555205115e-07      2.5141808486758e-08         1.19812939613393        0.151345973603837         0.15134597360401        0.471438323988962        0.318435705524512        0.318435705524512        0.318435705524512
       0.0679602752293578      0.00371637827980974      0.00371637827980875     0.000286913011212831     7.88471184971551e-07     7.88471184971019e-07     2.52165286265088e-08          1.1929244451831        0.150940683882907        0.150940683882986        0.471344556551421        0.318435705524512        0.318435705524512        0.318435705524512
       0.0679696330275229      0.00372174455508947      0.00372174455508887     0.000287371272483616      7.9209804354277e-07     7.92098043542449e-07     2.52906644093101e-08         1.18796002764519        0.150546019241479        0.150546019241527        0.471253366882824        0.318435705524512        0.318435705524512        0.318435705524512
       0.0679789908256881      0.00372697718207735      0.00372697718207682     0.000287822042053394     7.95669809332255e-07     7.95669809331973e-07     2.53642586607589e-08         1.18321847345291        0.150161333654268         0.15016133365431         0.47116459499695        0.318435705524512        0.318435705524512        0.318435705524512
       0.0679883486238532      0.00373208409590669      0.00373208409590385     0.000288265772252466     7.99189818702295e-07     7.99189818700755e-07     2.54373501569313e-08          1.1786833965623        0.149786041426361        0.149786041426588        0.471078095992176        0.318435705524512        0.318435705524512        0.318435705524512
       0.0679977064220184      0.00373707251023522      0.00373707251023569     0.000288702874195142     8.02661107248081e-07     8.02661107248338e-07     2.55099741208216e-08         1.17434003219205        0.149419609856333        0.149419609856295        0.470993738201766        0.318435705524512        0.318435705524512        0.318435705524512
       0.0680070642201835      0.00374194900629855        0.003741949006299     0.000289133722874162     8.06086446955627e-07     8.06086446955872e-07       2.558216266403e-08            1.17017426584        0.149061552700087        0.149061552700051        0.470911401557575        0.318435705524512        0.318435705524512        0.318435705524512
       0.0680164220183486      0.00374671960422422      0.00374671960422352     0.000289558661234653     8.09468375420104e-07     8.09468375419719e-07      2.5653945138503e-08         1.16617383964677        0.148711424964484         0.14871142496454        0.470830976276139        0.318435705524512        0.318435705524512        0.318435705524512
       0.0680257798165138      0.00375138982845573      0.00375138982845665     0.000289978003917287      8.1280922325369e-07     8.12809223254198e-07     2.57253484609539e-08         1.16232883204612        0.148368818098842        0.148368818098768        0.470752361657675        0.318435705524512        0.318435705524512        0.318435705524512
       0.0680351376146789      0.00375596476066898      0.00375596476066859     0.000290392040280791     8.16111135845198e-07     8.16111135844984e-07      2.5796397373683e-08         1.15862811552592        0.148033356126771        0.148033356126802        0.470675465112212        0.318435705524512        0.318435705524512        0.318435705524512
        0.068044495412844        0.003760449088026      0.00376044908802445     0.000290801037162017     8.19376093559166e-07     8.19376093558303e-07     2.58671146834855e-08         1.15506344516759        0.147704692099802        0.147704692099927        0.470600201273966        0.318435705524512        0.318435705524512        0.318435705524512
       0.0680538532110092      0.00376484714334914      0.00376484714334926     0.000291205241170557     8.22605928339801e-07     8.22605928339867e-07      2.5937521459623e-08         1.15162572667452        0.147382505155668        0.147382505155658        0.470526491262944        0.318435705524512        0.318435705524512        0.318435705524512
       0.0680632110091743      0.00376916294043307      0.00376916294043328     0.000291604880706158     8.25802338348417e-07     8.25802338348538e-07     2.60076372078794e-08         1.14830765638528        0.147066497930096        0.147066497930078        0.470454262036241        0.318435705524512        0.318435705524512        0.318435705524512
       0.0680725688073395       0.0037734002065825      0.00377340020658178     0.000292000167820622     8.28966901696485e-07     8.28966901696078e-07     2.60774800317425e-08         1.14510259299208        0.146756394158896        0.146756394158955        0.470383445791835        0.318435705524512        0.318435705524512        0.318435705524512
       0.0680819266055046      0.00377756240865399      0.00377756240865349     0.000292391299703561     8.32101087097863e-07     8.32101087097583e-07     2.61470667600681e-08         1.14200422820733        0.146451936776244        0.146451936776284         0.47031397948948        0.318435705524512        0.318435705524512        0.318435705524512
       0.0680912844036697      0.00378165277808155      0.00378165277808097     0.000292778460112705      8.3520626442158e-07     8.35206264421255e-07     2.62164130707292e-08         1.13900645319622        0.146152886070522        0.146152886070569        0.470245804392619        0.318435705524512        0.318435705524512        0.318435705524512
       0.0681006422018349      0.00378567433191624       0.0037856743319165     0.000293161820576436     8.38283713417802e-07     8.38283713417953e-07     2.62855335941407e-08         1.13610378991684        0.145859018141324        0.145859018141302        0.470178865681878        0.318435705524512        0.318435705524512        0.318435705524512
                  0.06811      0.00378962989216375      0.00378962989216462     0.000293541541498214     8.41335372574118e-07     8.41335372574613e-07     2.63544420085546e-08         1.13329123567603        0.145570123475652        0.145570123475582        0.470113112101097        0.318435705524512        0.318435705524512        0.318435705524512
