                   T[GeV]                nU[GeV^3]                nD[GeV^3]                nS[GeV^3]             nUBar[GeV^3]             nDBar[GeV^3]            nSBbar[GeV^3]                W[GeV^-2]               effMU[GeV]               effMD[GeV]               effMS[GeV]              effCPU[GeV]              effCPD[GeV]              effCPS[GeV]
                   0.0621      0.00152776235111599      0.00152776235111598      0.00011191067593134     7.41032687770836e-08     7.41032687770824e-08     3.98714766605751e-09         7.78729529221813        0.289337720768795        0.289337720768797        0.515257334646596        0.318435705524512        0.318435705524512        0.318435705524512
       0.0621384615384615      0.00153232367613547      0.00153232367613547     0.000112394151094196     7.48553184232856e-08     7.48553184232857e-08       4.030055231564e-09         7.80556459410469        0.289096163677714        0.289096163677714        0.515158502584921        0.318435705524512        0.318435705524512        0.318435705524512
       0.0621769230769231      0.00153690594251053      0.00153690594251032     0.000112879795721853     7.56151080351007e-08      7.5615108035086e-08     4.07339622409932e-09         7.82399336626391        0.288853385163301        0.288853385163317        0.515059237079308        0.318435705524512        0.318435705524512        0.318435705524512
       0.0622153846153846          0.0015415093626      0.00154150936260007     0.000113367625814727     7.63827289979378e-08     7.63827289979431e-08     4.11717498116658e-09         7.84258424219519         0.28860937188186        0.288609371881854        0.514959533827313        0.318435705524512        0.318435705524512        0.318435705524512
       0.0622538461538462      0.00154613415261385      0.00154613415261382     0.000113857657621996     7.71582741620067e-08     7.71582741620049e-08     4.16139589037076e-09         7.86133983399247        0.288364110239997        0.288364110239999        0.514859388448449        0.318435705524512        0.318435705524512        0.318435705524512
       0.0622923076923077      0.00155078053264526      0.00155078053264535     0.000114349907645059     7.79418378717185e-08     7.79418378717249e-08     4.20606339017072e-09         7.88026271504682        0.288117586393275        0.288117586393268        0.514758796483929        0.318435705524512        0.318435705524512        0.318435705524512
       0.0623307692307692      0.00155544872678981       0.0015554487267902      0.00011484439264451     7.87335160020185e-08     7.87335160020469e-08     4.25118197077567e-09         7.89935549516452        0.287869786238178        0.287869786238148        0.514657753394136        0.318435705524512        0.318435705524512        0.318435705524512
       0.0623692307692308      0.00156013896321257      0.00156013896321252     0.000115341129644957     7.95334059918525e-08     7.95334059918485e-08     4.29675617497635e-09         7.91862196999543        0.287620695408118        0.287620695408122        0.514556254557578        0.318435705524512        0.318435705524512        0.318435705524512
       0.0624076923076923      0.00156485147428161      0.00156485147428161     0.000115840135942899     8.03416068832919e-08     8.03416068832919e-08     4.34279059910707e-09         7.93806034080201        0.287370299264363        0.287370299264363        0.514454295267895        0.318435705524512        0.318435705524512        0.318435705524512
       0.0624461538461538      0.00156958649666326      0.00156958649666363     0.000116341429112709     8.11582193588535e-08     8.11582193588815e-08     4.38928989395376e-09         7.95767717306679        0.287118582889961        0.287118582889932        0.514351870732186        0.318435705524512        0.318435705524512        0.318435705524512
       0.0624846153846154      0.00157434427144236       0.0015743442714419     0.000116845027014082     8.19833457816097e-08     8.19833457815759e-08     4.43625876573445e-09          7.9774774929036        0.286865531081766          0.2868655310818        0.514248976068442        0.318435705524512        0.318435705524512        0.318435705524512
       0.0625230769230769       0.0015791250442416      0.00157912504424133     0.000117350947799442     8.28170902362528e-08     8.28170902362324e-08     4.48370197709709e-09         7.99746096223211        0.286611128342587        0.286611128342608         0.51414560630309        0.318435705524512        0.318435705524512        0.318435705524512
       0.0625615384615385      0.00158392906531741      0.00158392906531689     0.000117859209920008     8.36595585694384e-08     8.36595585693986e-08     4.53162434808333e-09         8.01763105312783        0.286355358875168        0.286355358875208        0.514041756369471        0.318435705524512        0.318435705524512        0.318435705524512
                   0.0626      0.00158875658972792      0.00158875658972784     0.000118369832135866     8.45108584366342e-08     8.45108584366287e-08     4.58003075726695e-09         8.03799106911441        0.286098206570701        0.286098206570707        0.513937421103823        0.318435705524512        0.318435705524512        0.318435705524512
       0.0626384615384615      0.00159360787742566      0.00159360787742573     0.000118882833521904     8.53710993444497e-08     8.53710993444555e-08     4.62892614275205e-09         8.05854402593068        0.285839655003133        0.285839655003128           0.513832595244        0.318435705524512        0.318435705524512        0.318435705524512
       0.0626769230769231      0.00159848319339681      0.00159848319339688      0.00011939823347664     8.62403926976149e-08     8.62403926976202e-08     4.67831550330326e-09         8.07929317383615        0.285579687419965         0.28557968741996        0.513727273426419        0.318435705524512        0.318435705524512        0.318435705524512
       0.0627153846153846      0.00160338280782706       0.0016033828078271     0.000119916051731783     8.71188518492869e-08     8.71188518492894e-08     4.72820389952799e-09         8.10024187485765        0.285318286731075        0.285318286731073        0.513621450182637        0.318435705524512        0.318435705524512        0.318435705524512
       0.0627538461538462      0.00160830699620513      0.00160830699620471     0.000120436308359373      8.8006592147796e-08     8.80065921477622e-08     4.77859645498379e-09          8.1213933613736        0.285055435502331        0.285055435502363        0.513515119937549        0.318435705524512        0.318435705524512        0.318435705524512
       0.0627923076923077      0.00161325603950166      0.00161325603950117     0.000120959023782349     8.89037309905595e-08     8.89037309905205e-08     4.82949835744515e-09         8.14275110159464        0.284791115943523         0.28479111594356        0.513408277005512        0.318435705524512        0.318435705524512        0.318435705524512
       0.0628307692307692      0.00161823022430668      0.00161823022430646     0.000121484218783158     8.98103878761568e-08     8.98103878761388e-08     4.88091486011613e-09         8.16431863207267        0.284525309899499        0.284525309899516        0.513300915587803        0.318435705524512        0.318435705524512        0.318435705524512
       0.0628692307692308      0.00162322984300264      0.00162322984300289     0.000122011914514271     9.07266844606384e-08     9.07266844606583e-08     4.93285128294373e-09         8.18609956467254        0.284257998838652        0.284257998838634        0.513193029768973        0.318435705524512        0.318435705524512        0.318435705524512
       0.0629076923076923      0.00162825519391227      0.00162825519391228     0.000122542132507492     9.16527446133236e-08     9.16527446133243e-08      4.9853130139079e-09         8.20809758242267        0.283989163843373        0.283989163843373        0.513084613514074        0.318435705524512        0.318435705524512        0.318435705524512
       0.0629461538461538      0.00163330658148318       0.0016333065814833     0.000123074894685166      9.2588694477096e-08     9.25886944771059e-08      5.0383055104155e-09         8.23031645462447        0.283718785597774        0.283718785597765        0.512975660664787        0.318435705524512        0.318435705524512        0.318435705524512
       0.0629846153846154      0.00163838431646009      0.00163838431646005     0.000123610223370757     9.35346625293256e-08      9.3534662529322e-08     5.09183430069522e-09         8.25276012194329        0.283446844376417        0.283446844376421        0.512866164936076        0.318435705524512        0.318435705524512        0.318435705524512
       0.0630230769230769      0.00164348871607285       0.0016434887160731     0.000124148141300495     9.44907796457779e-08     9.44907796457993e-08     5.14590498526592e-09         8.27543270250105        0.283173320031904        0.283173320031885        0.512756119912277        0.318435705524512        0.318435705524512        0.318435705524512
       0.0630615384615385      0.00164862010423064      0.00164862010423033     0.000124688671634933     9.54571791667983e-08      9.5457179166772e-08     5.20052323842977e-09         8.29833796137166        0.282898191982069        0.282898191982092         0.51264551904338        0.318435705524512        0.318435705524512        0.318435705524512
                   0.0631      0.00165377881170666      0.00165377881170613     0.000125231837970852     9.64339969645258e-08     9.64339969644809e-08     5.25569480981097e-09         8.32148011003319        0.282621439197949        0.282621439197988        0.512534355641206        0.318435705524512        0.318435705524512        0.318435705524512
       0.0631384615384615      0.00165896517635345      0.00165896517635336     0.000125777664354026     9.74213715145732e-08     9.74213715145655e-08      5.3114255259615e-09          8.3448636183276        0.282343040189517        0.282343040189524        0.512422622875189        0.318435705524512        0.318435705524512        0.318435705524512
       0.0631769230769231       0.0016641795433292      0.00166417954332925      0.00012632617529303     9.84194439706782e-08     9.84194439706823e-08     5.36772129204481e-09         8.36849278147492        0.282062972990669        0.282062972990665        0.512310313767666        0.318435705524512        0.318435705524512        0.318435705524512
       0.0632153846153846       0.0016694222652945       0.0016694222652947     0.000126877395771567     9.94283582389024e-08     9.94283582389197e-08     5.42458809349043e-09         8.39237213247515         0.28178121514649        0.281781215146475        0.512197421190191        0.318435705524512        0.318435705524512        0.318435705524512
       0.0632538461538462      0.00167469370267359      0.00167469370267339     0.000127431351264166      1.0044826105954e-07     1.00448261059523e-07     5.48203199782802e-09         8.41650633017546        0.281497743695777        0.281497743695792        0.512083937857966        0.318435705524512        0.318435705524512        0.318435705524512
       0.0632923076923077      0.00167999422385517      0.00167999422385517     0.000127988067748857     1.01479302086084e-07     1.01479302086084e-07     5.54005915642821e-09         8.44090010058529        0.281212535158138        0.281212535158138        0.511969856326231        0.318435705524512        0.318435705524512        0.318435705524512
       0.0633307692307692      0.00168532420550506      0.00168532420550548     0.000128547571725318     1.02521633976321e-07     1.02521633976358e-07     5.59867580651976e-09         8.46555835911684        0.280925565512844        0.280925565512813        0.511855168983532        0.318435705524512        0.318435705524512        0.318435705524512
       0.0633692307692308      0.00169068403274857      0.00169068403274872     0.000129109890227453     1.03575412474499e-07     1.03575412474512e-07      5.6578882730027e-09         8.49048609276573        0.280636810187467        0.280636810187455        0.511739868048488        0.318435705524512        0.318435705524512        0.318435705524512
       0.0634076923076923      0.00169607409951816      0.00169607409951852     0.000129675050842986     1.04640796510671e-07     1.04640796510704e-07     5.71770297061169e-09         8.51568855716546        0.280346244034288        0.280346244034261        0.511623945562523        0.318435705524512        0.318435705524512        0.318435705524512
       0.0634461538461538      0.00170149480876423      0.00170149480876487     0.000130243081727771     1.05717948290614e-07     1.05717948290672e-07     5.77812640588871e-09         8.54117089810081        0.280053841316988         0.28005384131694        0.511507393385932        0.318435705524512        0.318435705524512        0.318435705524512
       0.0634846153846154       0.0017069465728234      0.00170694657282372     0.000130814011626909      1.0680703340272e-07     1.06807033402749e-07     5.83916517950401e-09         8.56693864138314        0.279759575685718        0.279759575685694        0.511390203190086        0.318435705524512        0.318435705524512        0.318435705524512
       0.0635230769230769       0.0017124298136494      0.00171242981364958     0.000131387869889879      1.0790822091547e-07     1.07908220915487e-07     5.90082598835534e-09         8.59299740702928        0.279463420162473         0.27946342016246        0.511272366453374        0.318435705524512        0.318435705524512        0.318435705524512
       0.0635615384615385        0.001717944963203      0.00171794496320306     0.000131964686493457     1.09021683492519e-07     1.09021683492524e-07     5.96311562806786e-09          8.6193529000937        0.279165347114761        0.279165347114757        0.511153874452738        0.318435705524512        0.318435705524512        0.318435705524512
                   0.0636      0.00172349246372842      0.00172349246372866     0.000132544492058958     1.10147597500662e-07     1.10147597500684e-07     6.02604099528688e-09         8.64601105169042        0.278865328237798         0.27886532823778        0.511034718258771        0.318435705524512        0.318435705524512        0.318435705524512
       0.0636384615384615      0.00172907276814179      0.00172907276814197     0.000133127317875524     1.11286143131601e-07     1.11286143131618e-07     6.08960909029949e-09         8.67297794988956        0.278563334528504        0.278563334528491        0.510914888727476        0.318435705524512        0.318435705524512        0.318435705524512
       0.0636769230769231      0.00173468634036541      0.00173468634036504     0.000133713195920643     1.12437504522286e-07     1.12437504522251e-07     6.15382701958523e-09         8.70025983673528        0.278259336263631        0.278259336263658        0.510794376493874        0.318435705524512        0.318435705524512        0.318435705524512
       0.0637153846153846      0.00174033365572143       0.0017403336557209     0.000134302158884008     1.13601869884615e-07     1.13601869884563e-07     6.21870199857788e-09          8.7278631649645         0.27795330297361        0.277953302973649        0.510673171963898        0.318435705524512        0.318435705524512        0.318435705524512
       0.0637538461538462      0.00174601520132921      0.00174601520132904      0.00013489424019125     1.14779431639503e-07     1.14779431639486e-07     6.28424135448289e-09         8.75579461168836        0.277645203416253        0.277645203416266        0.510551265306618        0.318435705524512        0.318435705524512        0.318435705524512
       0.0637923076923077      0.00175173147651005      0.00175173147651031     0.000135489474028869     1.15970386555835e-07      1.1597038655586e-07     6.35045252921339e-09         8.78406100321522        0.277335005550037        0.277335005550018        0.510428646446024        0.318435705524512        0.318435705524512        0.318435705524512
       0.0638307692307692      0.00175748299321746      0.00175748299321746     0.000136087895370044     1.17174935896247e-07     1.17174935896247e-07     6.41734308243321e-09         8.81267072666278        0.277022676505634        0.277022676505634        0.510305305052569        0.318435705524512        0.318435705524512        0.318435705524512
       0.0638692307692308       0.0017632702765068      0.00176327027650674      0.00013668954000302     1.18393285571408e-07     1.18393285571401e-07     6.48492069479168e-09         8.84162989818708        0.276708182554691        0.276708182554695        0.510181230533525        0.318435705524512        0.318435705524512        0.318435705524512
       0.0639076923076923      0.00176909386499111      0.00176909386499113     0.000137294444558635     1.19625646297808e-07      1.1962564629781e-07     6.55319317118956e-09         8.87094662328313        0.276391489079764        0.276391489079763        0.510056412024118        0.318435705524512        0.318435705524512        0.318435705524512
       0.0639461538461538      0.00177495431133723      0.00177495431133711     0.000137902646540485     1.20872233764629e-07     1.20872233764616e-07     6.62216844424625e-09         8.90062507854301        0.276072560541442        0.276072560541451        0.509930838377473        0.318435705524512        0.318435705524512        0.318435705524512
       0.0639846153846154      0.00178085218279731      0.00178085218279808     0.000138514184356647     1.22133268809553e-07     1.22133268809632e-07     6.69185457792183e-09          8.9306770849021        0.275751360443028        0.275751360442971        0.509804498153994        0.318435705524512        0.318435705524512        0.318435705524512
       0.0640230769230769      0.00178678806171445      0.00178678806171366     0.000139129097350733     1.23408977597619e-07     1.23408977597539e-07     6.76225977118869e-09         8.96110990275024        0.275427851297281        0.275427851297338         0.50967737961146        0.318435705524512        0.318435705524512        0.318435705524512
       0.0640615384615385       0.0017927625461764      0.00179276254617611       0.0001397474258402     1.24699591821173e-07     1.24699591821143e-07     6.83339236214614e-09         8.99193114300901        0.275101994582504        0.275101994582526        0.509549470691395        0.318435705524512        0.318435705524512        0.318435705524512
                   0.0641      0.00179877625050386      0.00179877625050452     0.000140369211147147     1.26005348889193e-07     1.26005348889262e-07     6.90526083185582e-09         9.02315098773002        0.274773750710881        0.274773750710833        0.509420759010028        0.318435705524512        0.318435705524512        0.318435705524512
       0.0641384615384615      0.00180482980594456      0.00180482980594465     0.000140994495639096     1.27326492144381e-07      1.2732649214439e-07      6.9778738087645e-09         9.05477645422781         0.27444307898197        0.274443078981964        0.509291231844042        0.318435705524512        0.318435705524512        0.318435705524512
       0.0641769230769231      0.00181092386133643      0.00181092386133635     0.000141623322768997     1.28663271084269e-07     1.28663271084261e-07      7.0512400731922e-09         9.08681734450033        0.274109937538672        0.274109937538678        0.509160876117183        0.318435705524512        0.318435705524512        0.318435705524512
       0.0642153846153846      0.00181705908374527      0.00181705908374526     0.000142255737114079     1.30015941586991e-07      1.3001594158699e-07     7.12536856186483e-09         9.11928673718771        0.273774283325225        0.273774283325226        0.509029678387938        0.318435705524512        0.318435705524512        0.318435705524512
       0.0642538461538462        0.001823236159242      0.00182323615924167     0.000142891784421903     1.31384766159651e-07     1.31384766159615e-07     7.20026837292096e-09         9.15219074862749        0.273436072035267         0.27343607203529        0.508897624833673        0.318435705524512        0.318435705524512        0.318435705524512
       0.0642923076923077      0.00182945579364631      0.00182945579364589     0.000143531511655345     1.32770014191528e-07     1.32770014191483e-07     7.27594877098189e-09           9.185541018229         0.27309525806256         0.27309525806259        0.508764701235841        0.318435705524512        0.318435705524512        0.318435705524512
       0.0643307692307692      0.00183571871331973      0.00183571871331982     0.000144174967040145     1.34171962221336e-07     1.34171962221345e-07      7.3524191924737e-09          9.2193479482069        0.272751794448352        0.272751794448346        0.508630892964285        0.318435705524512        0.318435705524512        0.318435705524512
       0.0643692307692308      0.00184202566605009      0.00184202566605071     0.000144822200117544      1.3559089422377e-07     1.35590894223837e-07     7.42968925134014e-09         9.25362121566315         0.27240563282236        0.272405632822316        0.508496184959285        0.318435705524512        0.318435705524512        0.318435705524512
       0.0644076923076923      0.00184837742186761      0.00184837742186681     0.000145473261793773     1.37027101898422e-07     1.37027101898332e-07     7.50776874472716e-09         9.28837547309393        0.272056723348934        0.272056723348992        0.508360561715868        0.318435705524512        0.318435705524512        0.318435705524512
       0.0644461538461538      0.00185477477406784      0.00185477477406682     0.000146128204400803     1.38480884991972e-07     1.38480884991857e-07     7.58666765939621e-09         9.32362146097126        0.271705014658538        0.271705014658612         0.50822400726259        0.318435705524512        0.318435705524512        0.318435705524512
       0.0644846153846154      0.00186121854013477      0.00186121854013394     0.000146787081751916       1.399525516205e-07     1.39952551620406e-07       7.666396178018e-09          9.3593660916956         0.27135045378671         0.27135045378677        0.508086505143745        0.318435705524512        0.318435705524512        0.318435705524512
       0.0645230769230769      0.00186770956283348      0.00186770956283432     0.000147449949206698     1.41442418622551e-07     1.41442418622647e-07      7.7469646861203e-09         9.39562997869646        0.270992986101075        0.270992986101015        0.507948038397144        0.318435705524512        0.318435705524512        0.318435705524512
       0.0645615384615385       0.0018742487112876      0.00187424871128848     0.000148116863735267     1.42950811923147e-07     1.42950811923248e-07     7.82838377916397e-09         9.43242265000812        0.270632555229752        0.270632555229689         0.50780858953299        0.318435705524512        0.318435705524512        0.318435705524512
                   0.0646      0.00188083688210697      0.00188083688210667     0.000148787883986567     1.44478066916702e-07     1.44478066916668e-07     7.91066427000963e-09         9.46975789148692        0.270269102986454        0.270269102986475        0.507668140511303        0.318435705524512        0.318435705524512        0.318435705524512
       0.0646384615384615      0.00188747500072261      0.00188747500072199     0.000149463070366625     1.46024528888163e-07     1.46024528888091e-07     7.99381719710958e-09          9.5076502468351        0.269902569281012        0.269902569281056         0.50752667271481        0.318435705524512        0.318435705524512        0.318435705524512
       0.0646769230769231      0.00189416402258896      0.00189416402258898     0.000150142485111241     1.47590553433978e-07      1.4759055343398e-07     8.07785383259753e-09         9.54611465916973        0.269532892039791        0.269532892039789        0.507384166925616        0.318435705524512        0.318435705524512        0.318435705524512
       0.0647153846153846      0.00190090493459675      0.00190090493459731     0.000150826192369874     1.49176506923612e-07     1.49176506923679e-07     8.16278569119228e-09         9.58516691134919        0.269160007111331        0.269160007111291        0.507240603296791        0.318435705524512        0.318435705524512        0.318435705524512
       0.0647538461538462      0.00190769875655918      0.00190769875655996     0.000151514258293822     1.50782766987137e-07     1.50782766987231e-07      8.2486245395609e-09         9.62482142933009        0.268783848167129        0.268783848167074        0.507095961322627        0.318435705524512        0.318435705524512        0.318435705524512
       0.0647923076923077      0.00191454654270206      0.00191454654270217     0.000152206751125622       1.524097230216e-07     1.52409723021614e-07      8.3353824059835e-09          9.6650943389087        0.268404346602531        0.268404346602523        0.506950219809217        0.318435705524512        0.318435705524512        0.318435705524512
       0.0648307692307692       0.0019214493833688      0.00192144938336987     0.000152903741299807     1.54057776742813e-07     1.54057776742943e-07     8.42307159089523e-09         9.70600531123417        0.268021431422672        0.268021431422596        0.506803356840126        0.318435705524512        0.318435705524512        0.318435705524512
       0.0648692307692308      0.00192840840677814      0.00192840840677957     0.000153605301546934     1.55727342764794e-07     1.55727342764971e-07     8.51170467787899e-09          9.7475688257812        0.267635029125115        0.267635029125013        0.506655349741466        0.318435705524512        0.318435705524512        0.318435705524512
       0.0649076923076923      0.00193542478071018      0.00193542478070895     0.000154311506995839     1.57418849192567e-07     1.57418849192414e-07     8.60129454483474e-09          9.7898052490375        0.267245063588031        0.267245063588118        0.506506175049029        0.318435705524512        0.318435705524512        0.318435705524512
       0.0649461538461538      0.00194249971476425      0.00194249971476363     0.000155022435304642     1.59132738309659e-07      1.5913273830958e-07      8.6918543770702e-09         9.83273466350934        0.266851455918126        0.266851455918171        0.506355808461801        0.318435705524512        0.318435705524512        0.318435705524512
       0.0649846153846154      0.00194963446225797      0.00194963446225819     0.000155738166775182     1.60869467247388e-07     1.60869467247415e-07     8.78339767977957e-09         9.87637870304953        0.266454124324664        0.266454124324649        0.506204224805382        0.318435705524512        0.318435705524512        0.318435705524512
       0.0650230769230769      0.00195683032245271      0.00195683032245311     0.000156458784485254     1.62629508722058e-07     1.62629508722109e-07     8.87593829186438e-09         9.92075321642957        0.266052983970752        0.266052983970724        0.506051397987606        0.318435705524512        0.318435705524512        0.318435705524512
       0.0650615384615385      0.00196408864307823      0.00196408864307971     0.000157184374436674     1.64413351840143e-07     1.64413351840333e-07     8.96949040103017e-09         9.96588475462231         0.26564794680398        0.265647946803876        0.505897300947612        0.318435705524512        0.318435705524512        0.318435705524512
                   0.0651      0.00197141082271655      0.00197141082271684     0.000157915025698114     1.66221502917682e-07     1.66221502917718e-07     9.06406855896939e-09         10.0117978349804        0.265238921397647        0.265238921397627        0.505741905609177        0.318435705524512        0.318435705524512        0.318435705524512
       0.0651384615384615      0.00197879831368032      0.00197879831367972     0.000158650830573772     1.68054486397683e-07     1.68054486397605e-07     9.15968769845415e-09         10.0585069689793        0.264825812757555        0.264825812757597        0.505585182822664        0.318435705524512        0.318435705524512        0.318435705524512
       0.0651769230769231      0.00198625262479806      0.00198625262479643     0.000159391884769043     1.69912845792964e-07     1.69912845792747e-07     9.25636315069993e-09         10.1060457443997        0.264408522136088        0.264408522136204        0.505427102310336        0.318435705524512        0.318435705524512        0.318435705524512
       0.0652153846153846      0.00199377532457185      0.00199377532457231     0.000160138287577296     1.71797144717564e-07     1.71797144717625e-07     9.35411066443626e-09         10.1544392454516        0.263986946820631        0.263986946820599        0.505267632602994        0.318435705524512        0.318435705524512        0.318435705524512
       0.0652538461538461      0.00200136804457132      0.00200136804457176     0.000160890142078519     1.73707967993175e-07     1.73707967993234e-07     9.45294642619127e-09         10.2037148142508        0.263560979906053        0.263560979906022        0.505106740972806        0.318435705524512        0.318435705524512        0.318435705524512
       0.0652923076923077      0.00200903248289478      0.00200903248289659     0.000161647555346033     1.75645922811374e-07     1.75645922811619e-07     9.55288708159672e-09         10.2539019556601        0.263130510063239        0.263130510063112        0.504944393364372        0.318435705524512        0.318435705524512        0.318435705524512
       0.0653307692307692      0.00201677040811745      0.00201677040811612     0.000162410638677156     1.77611640012036e-07     1.77611640011853e-07     9.65394975870778e-09         10.3050259098657        0.262695421274105        0.262695421274199        0.504780554316301        0.318435705524512        0.318435705524512        0.318435705524512
       0.0653692307692308      0.00202458366332074       0.0020245836633216     0.000163179507832749     1.79605775428056e-07     1.79605775428175e-07     9.75615209248575e-09         10.3571240016355        0.262255592561787        0.262255592561727        0.504615186881034        0.318435705524512        0.318435705524512        0.318435705524512
       0.0654076923076923       0.0020324741706489      0.00203247417064837     0.000163954283303316     1.81629011362008e-07     1.81629011361934e-07     9.85951225156231e-09         10.4102307949315        0.261810897684661        0.261810897684698        0.504448252534385        0.318435705524512        0.318435705524512        0.318435705524512
       0.0654461538461538      0.00204044393604638      0.00204044393604655     0.000164735090589224     1.83682058153201e-07     1.83682058153226e-07     9.96404896659446e-09          10.464375115047        0.261361204818666        0.261361204818654        0.504279711081229        0.318435705524512        0.318435705524512        0.318435705524512
       0.0654846153846154      0.00204849505438866      0.00204849505439057     0.000165522060502264     1.85765655870084e-07     1.85765655870357e-07     1.00697815607075e-08         10.5195959319294        0.260906376213037        0.260906376212903        0.504109520554022        0.318435705524512        0.318435705524512        0.318435705524512
       0.0655230769230769      0.00205662971511935      0.00205662971511819     0.000166315329497005     1.87880576151092e-07     1.87880576150925e-07     1.01767299826204e-08         10.5759330651681        0.260446267811629        0.260446267811711        0.503937637100365        0.318435705524512        0.318435705524512        0.318435705524512
       0.0655615384615385         0.00206485020822      0.00206485020822057     0.000167115040021497     1.90027624177074e-07     1.90027624177157e-07     1.02849148418886e-08         10.6334320381512        0.259980728852125        0.259980728852086        0.503764014865063        0.318435705524512        0.318435705524512        0.318435705524512
                   0.0656      0.00207315893086848      0.00207315893087181     0.000167921340907947     1.92207640834592e-07     1.92207640835079e-07     1.03943574476322e-08         10.6921270328842        0.259509601418288        0.259509601418055        0.503588605857044        0.318435705524512        0.318435705524512        0.318435705524512
       0.0656384615384615      0.00208155839446837      0.00208155839446905     0.000168734387784561     1.94421505034183e-07     1.94421505034284e-07     1.05050798496736e-08         10.7520623150094        0.259032719967623        0.259032719967575        0.503411359810696        0.318435705524512        0.318435705524512        0.318435705524512
       0.0656769230769231      0.00209005123221054      0.00209005123220946     0.000169554343521206     1.96670136216255e-07     1.96670136216094e-07     1.06171048829673e-08         10.8132938321854        0.258549910823242        0.258549910823317        0.503232224035889        0.318435705524512        0.318435705524512        0.318435705524512
       0.0657153846153846      0.00209864020779265      0.00209864020779057     0.000170381378736995     1.98954497149472e-07      1.9895449714916e-07     1.07304562172388e-08         10.8758719505905        0.258060991586428        0.258060991586572        0.503051143243861        0.318435705524512        0.318435705524512        0.318435705524512
       0.0657538461538461       0.0021073282241532      0.00210732822415455     0.000171215672314745     2.01275596865697e-07     2.01275596865901e-07     1.08451584084518e-08          10.939847329155        0.257565770549804        0.257565770549711        0.502868059375799        0.318435705524512        0.318435705524512        0.318435705524512
       0.0657923076923077      0.00211611833377247      0.00211611833377354     0.000172057412002109     2.03634493976617e-07     2.03634493976781e-07     1.09612369573421e-08         11.0052747319365        0.257064046003023        0.257064046002948        0.502682911396739        0.318435705524512        0.318435705524512        0.318435705524512
       0.0658307692307692      0.00212501374932554      0.00212501374932735     0.000172906795035045     2.06032300207791e-07      2.0603230020807e-07     1.10787183710601e-08         11.0722112495321        0.256555605515788        0.256555605515663        0.502495635086119        0.318435705524512        0.318435705524512        0.318435705524512
       0.0658692307692308      0.00213401785575807      0.00213401785576073     0.000173764028843925     2.08470184329865e-07     2.08470184330281e-07     1.11976302319818e-08         11.1407264208928        0.256040225123873        0.256040225123688        0.502306162797207        0.318435705524512        0.318435705524512        0.318435705524512
       0.0659076923076923      0.00214313422342004      0.00214313422341981     0.000174629331819751     2.10949376454209e-07     2.10949376454173e-07     1.13180012724476e-08         11.2108995904249        0.255517668443718        0.255517668443734         0.50211442319706        0.318435705524512        0.318435705524512        0.318435705524512
       0.0659461538461538      0.00215236662223167      0.00215236662223081     0.000175502934143035     2.13471172711397e-07      2.1347117271126e-07     1.14398614557951e-08         11.2827796970644         0.25498768571757         0.25498768571763        0.501920340986697        0.318435705524512        0.318435705524512        0.318435705524512
       0.0659846153846154      0.00216171903773706      0.00216171903773856     0.000176385078718484      2.1603694047392e-07      2.1603694047416e-07     1.15632420667855e-08         11.3564589085534         0.25445001273004        0.254450012729936        0.501723836582571        0.318435705524512        0.318435705524512        0.318435705524512
       0.0660230769230769      0.00217119568844461      0.00217119568844275     0.000177276022187463     2.18648124060655e-07     2.18648124060352e-07     1.16881758098634e-08         11.4320253058394        0.253904369638004        0.253904369638133        0.501524825773703        0.318435705524512        0.318435705524512        0.318435705524512
       0.0660615384615385       0.0021808010454712      0.00218080104547283     0.000178176036070693      2.2130625112059e-07     2.21306251120856e-07     1.18146969190651e-08         11.5095533037354        0.253350459643729        0.253350459643617        0.501323219331732        0.318435705524512        0.318435705524512        0.318435705524512
                   0.0661      0.00219053985349521       0.0021905398534986     0.000179085407991612     2.24012939576058e-07     2.24012939576618e-07     1.19428412766051e-08         11.5891442394286        0.252787967580234        0.252787967580001        0.501118922598288        0.318435705524512        0.318435705524512        0.318435705524512
       0.0661384615384615      0.00220041715505863      0.00220041715506223     0.000180004443087044     2.26769905503102e-07     2.26769905503703e-07     1.20726465477363e-08         11.6708968435815        0.252216558268235        0.252216558267987        0.500911835002721        0.318435705524512        0.318435705524512        0.318435705524512
       0.0661769230769231      0.00221043831700464      0.00221043831700791     0.000180933465547227     2.29578971807888e-07     2.29578971808439e-07     1.22041523284693e-08         11.7549205017249        0.251635874728876        0.251635874728651        0.500701849539024        0.318435705524512        0.318435705524512        0.318435705524512
       0.0662153846153846      0.00222060905972623      0.00222060905972464     0.000181872820316164     2.32442077868588e-07     2.32442077868315e-07     1.23374003087326e-08         11.8413284953716        0.251045536205806        0.251045536205916        0.500488852190082        0.318435705524512        0.318435705524512        0.318435705524512
       0.0662538461538461      0.00223093549097367      0.00223093549097651     0.000182822875054463     2.35361290510703e-07     2.35361290511192e-07     1.24724344586367e-08         11.9302809615049        0.250445135876641        0.250445135876446        0.500272721256078        0.318435705524512        0.318435705524512        0.318435705524512
       0.0662923076923077      0.00224142414281239      0.00224142414281033     0.000183784022284333     2.38338816165279e-07      2.3833881616492e-07     1.26093012330314e-08         12.0218349937199        0.249834238351209        0.249834238351351        0.500053326626734        0.318435705524512        0.318435705524512        0.318435705524512
       0.0663307692307692      0.00225208201356146       0.0022520820135637     0.000184756681825574     2.41377014616349e-07     2.41377014616743e-07     1.27480498026616e-08         12.1162227491115        0.249212376830913         0.24921237683076        0.499830528952111        0.318435705524512        0.318435705524512        0.318435705524512
       0.0663692307692308      0.00226291661550862      0.00226291661551135     0.000185741303559488     2.44478414594948e-07     2.44478414595433e-07     1.28887323154912e-08          12.213565164801         0.24857904987501        0.248579049874823        0.499604178700209        0.318435705524512        0.318435705524512        0.318435705524512
       0.0664076923076923      0.00227393602839716      0.00227393602839371     0.000186738370530543     2.47645731355815e-07     2.47645731355195e-07     1.30314041899676e-08         12.3140324986347        0.247933717774508        0.247933717774744        0.499374115102193        0.318435705524512        0.318435705524512        0.318435705524512
       0.0664461538461538      0.00228514896111464      0.00228514896110625     0.000187748402518205     2.50881886827197e-07     2.50881886825676e-07      1.3176124450866e-08         12.4178423903126        0.247275798367351        0.247275798367925        0.499140164932825        0.318435705524512        0.318435705524512        0.318435705524512
       0.0664846153846154      0.00229656482081074      0.00229656482080417     0.000188771960039901     2.54190032389774e-07     2.54190032388569e-07     1.33229561064261e-08          12.525164318101         0.24660466234814        0.246604662348589        0.498902141150537        0.318435705524512        0.318435705524512        0.318435705524512
       0.0665230769230769      0.00230819379416492      0.00230819379416735     0.000189809649047669     2.57573575365471e-07     2.57573575365921e-07     1.34719665873216e-08         12.6362625109881        0.245919627749458        0.245919627749292        0.498659841290616        0.318435705524512        0.318435705524512        0.318435705524512
       0.0665615384615385      0.00232004693858423      0.00232004693857242     0.000190862126204287     2.61036209095655e-07     2.61036209093442e-07     1.36232282413715e-08         12.7513659696653        0.245219953746848        0.245219953747655        0.498413045671831        0.318435705524512        0.318435705524512        0.318435705524512
                   0.0666      0.00233213628956684      0.00233213628957019     0.000191930105089031     2.64581948082928e-07     2.64581948083564e-07     1.37768189117149e-08         12.8707665802389        0.244504833360995        0.244504833360766        0.498161515276195        0.318435705524512        0.318435705524512        0.318435705524512
       0.0666384615384615        0.002344474984895       0.0023444749848957     0.000193014363360703     2.68215168742879e-07     2.68215168743014e-07      1.3932822603555e-08         12.9947496186693        0.243773385011805        0.243773385011757         0.49790498930534        0.318435705524512        0.318435705524512        0.318435705524512
       0.0666769230769231      0.00235707740790894      0.00235707740790758     0.000194115751039382     2.71940656678063e-07     2.71940656677799e-07     1.40913302546968e-08         13.1236650932626        0.243024642769738        0.243024642769831        0.497643182361218        0.318435705524512        0.318435705524512        0.318435705524512
       0.0667153846153846      0.00236995935986761      0.00236995935986381     0.000195235200434797     2.75763663001633e-07     2.75763663000889e-07     1.42524406531535e-08         13.2577167482147        0.242257544621148        0.242257544621406        0.497375781047289        0.318435705524512        0.318435705524512        0.318435705524512
       0.0667538461538461      0.00238313825889714      0.00238313825888873     0.000196373737624401     2.79689970012804e-07     2.79689970011137e-07     1.44162614999921e-08         13.3978441064804        0.241470918916129        0.241470918916701         0.49710244005893        0.318435705524512        0.318435705524512        0.318435705524512
       0.0667923076923077      0.00239663337887548      0.00239663337888449     0.000197532496213238     2.83725969756213e-07     2.83725969758018e-07     1.45829106781303e-08         13.5437535156966        0.240663468086454        0.240663468085842        0.496822777484504        0.318435705524512        0.318435705524512        0.318435705524512
       0.0668307692307692      0.00241046613560051      0.00241046613560054     0.000198712733809262     2.87878758151309e-07     2.87878758151316e-07     1.47525177677741e-08         13.6965986818283         0.23983374912953        0.239833749129527        0.496536369176708        0.318435705524512        0.318435705524512        0.318435705524512
       0.0668692307692308      0.00242466042920998      0.00242466042922049     0.000199915851734885     2.92156248019456e-07     2.92156248021614e-07     1.49252258575713e-08         13.8567409359335        0.238980150241386        0.238980150240673        0.496242742027434        0.318435705524512        0.318435705524512        0.318435705524512
       0.0669076923076923      0.00243924306433298      0.00243924306433505     0.000201143419181684     2.96567307333927e-07     2.96567307334358e-07     1.51011937554772e-08         14.0249392577429        0.238100862129078        0.238100862128937        0.495941365708417        0.318435705524512        0.318435705524512        0.318435705524512
       0.0669461538461538      0.00245424425721819      0.00245424425722321     0.000202397202378773     3.01121927173216e-07     3.01121927174273e-07     1.52805986586218e-08         14.2019347846236        0.237193843359154        0.237193843358813        0.495631642725949        0.318435705524512        0.318435705524512        0.318435705524512
       0.0669846153846154      0.00246969827396734       0.0024696982739791     0.000203679201238525     3.05831431896615e-07     3.05831431899124e-07     1.54636394914015e-08         14.3886250916091        0.236256776725298        0.236256776724501        0.495312895881469        0.318435705524512        0.318435705524512        0.318435705524512
       0.0670230769230769       0.0024856442154404      0.00248564421544915     0.000204991694444848     3.10708739396734e-07     3.10708739398627e-07     1.56505410129613e-08         14.5860919766347         0.23528701554604        0.235287015545448        0.494984352889224        0.318435705524512        0.318435705524512        0.318435705524512
       0.0670615384615385      0.00250212701896488      0.00250212701895555     0.000206337296927367     3.15768692375757e-07     3.15768692373712e-07      1.5841559034156e-08         14.7956097793228        0.234281515088272        0.234281515088903        0.494645126729642        0.318435705524512        0.318435705524512        0.318435705524512
                   0.0671      0.00251919873344436      0.00251919873343579     0.000207719033002012     3.21028481318514e-07     3.21028481316608e-07     1.60369870467923e-08         15.0185926617499        0.233236745207534        0.233236745208114        0.494294190670856        0.318435705524512        0.318435705524512        0.318435705524512
       0.0671384615384615        0.002536920178452      0.00253692017844028     0.000209140431476275     3.26508195000272e-07      3.2650819499763e-07     1.62371648218854e-08         15.2568196389901        0.232148576601595        0.232148576602387        0.493930345772306        0.318435705524512        0.318435705524512        0.318435705524512
       0.0671769230769231      0.00255536312099001      0.00255536312099224     0.000210605650385057     3.32231544830335e-07     3.32231544830846e-07     1.64424896683458e-08         15.5123249900435        0.231012131450589        0.231012131450438        0.493552178296752        0.318435705524512        0.318435705524512        0.318435705524512
       0.0672153846153846      0.00257461321322731      0.00257461321321989      0.00021211964519504      3.3822684195422e-07     3.38226841952496e-07     1.66534315723707e-08         15.7879033037844        0.229821581701687        0.229821581702189        0.493158002227831        0.318435705524512        0.318435705524512        0.318435705524512
       0.0672538461538462      0.00259477398817268       0.0025947739881839     0.000213688397532469     3.44528331093182e-07     3.44528331095828e-07     1.68705537543134e-08         16.0864266163271        0.228569874460304        0.228569874459546        0.492745781189309        0.318435705524512        0.318435705524512        0.318435705524512
       0.0672923076923077        0.002615972474113      0.00261597247412257     0.000215319236352901     3.51178066138813e-07      3.5117806614111e-07     1.70945414626378e-08          16.412207995272        0.227248345819068        0.227248345818421        0.492313018765522        0.318435705524512        0.318435705524512        0.318435705524512
       0.0673307692307692      0.00263836726153266      0.00263836726152533     0.000217021299216537     3.58228611423191e-07     3.58228611421402e-07     1.73262432468473e-08         16.7704451697896        0.225846165490109        0.225846165490604        0.491856601034643        0.318435705524512        0.318435705524512        0.318435705524512
       0.0673692307692308      0.00266216046601126      0.00266216046602041      0.00021880621599226     3.65747057456739e-07     3.65747057459013e-07     1.75667320095125e-08         17.1678469156205        0.224349512419951        0.224349512419332        0.491372563260027        0.318435705524512        0.318435705524512        0.318435705524512
       0.0674076923076923      0.00268761617481499      0.00268761617477167     0.000220689162642184     3.73821227222864e-07     3.73821227211899e-07     1.78173989046364e-08         17.6138695982851        0.222740302333398        0.222740302336325        0.490855730378529        0.318435705524512        0.318435705524512        0.318435705524512
       0.0674461538461539      0.00271509017123918      0.00271509017127877     0.000222690558526975     3.82569706783716e-07     3.82569706793939e-07     1.80801042758685e-08         18.1217865800682        0.220994135079018        0.220994135076341        0.490299138245736        0.318435705524512        0.318435705524512        0.318435705524512
       0.0674846153846154      0.00274508641997952      0.00274508641997949     0.000224839264499275     3.92160536579238e-07      3.9216053657923e-07     1.83574600395092e-08         18.7104372464866         0.21907639784057        0.219076397840572        0.489692933460268        0.318435705524512        0.318435705524512        0.318435705524512
       0.0675230769230769      0.00277833142325646      0.00277833142325656     0.000227176911365006     4.02837953719316e-07     4.02837953719343e-07     1.86532177757085e-08         19.4100527173684        0.216937088006989        0.216937088006983        0.489022934326216        0.318435705524512        0.318435705524512        0.318435705524512
       0.0675615384615385      0.00281598848928857      0.00281598848928922     0.000229770000816542     4.14993402125167e-07      4.1499340212535e-07      1.8973331936953e-08         20.2706683176305        0.214496002951758        0.214496002951714        0.488266463678783        0.318435705524512        0.318435705524512        0.318435705524512
                   0.0676      0.00286008057522164      0.00286008057522244     0.000232734076552245      4.2931170254918e-07     4.29311702549409e-07     1.93280953706962e-08         21.3872496662094        0.211613354166259        0.211613354166205        0.487384159932399        0.318435705524512        0.318435705524512        0.318435705524512
       0.0676384615384615      0.00291474850126027      0.00291474850126805     0.000236305396944226     4.47204538540047e-07     4.47204538542357e-07     1.97384466715178e-08         22.9749278255946        0.208002247825055        0.208002247824525         0.48629563221445        0.318435705524512        0.318435705524512        0.318435705524512
       0.0676769230769231      0.00299155563744571      0.00299155563748068     0.000241143100479263     4.72655231171767e-07     4.72655231182712e-07     2.02625066231415e-08         25.7372425317368        0.202858724698219        0.202858724695817        0.484777063479826        0.318435705524512        0.318435705524512        0.318435705524512
       0.0677153846153846      0.00334901921232551      0.00334901921231641     0.000261999542839196     6.01166883618928e-07     6.01166883615309e-07     2.21925467105085e-08         34.9450717391231          0.1778713184392        0.177871318439857        0.477912377964521        0.318435705524512        0.318435705524512        0.318435705524512
       0.0677538461538462      0.00351716670428128      0.00351716670428952     0.000272222866802529     6.75029338307045e-07     6.75029338310757e-07     2.32123240698848e-08         19.3189169911152        0.165619852298253        0.165619852297635        0.474831781107108        0.318435705524512        0.318435705524512        0.318435705524512
       0.0677923076923077      0.00357836274797921       0.0035783627480112       0.0002763306864583      7.0609746849999e-07     7.06097468515129e-07     2.37004546531615e-08         16.4335485060215        0.161115553602486        0.161115553600045        0.473740272004551        0.318435705524512        0.318435705524512        0.318435705524512
       0.0678307692307692      0.00362105558850793      0.00362105558850697     0.000279383200294098     7.29555159460311e-07      7.2955515945984e-07     2.40989309957829e-08         14.8110082239398        0.157966952109709        0.157966952109783        0.472989117062917        0.318435705524512        0.318435705524512        0.318435705524512
       0.0678692307692308       0.0036548562006127      0.00365485620061258     0.000281930151334625     7.49330314320304e-07     7.49330314320244e-07     2.44555246695245e-08         13.7004492855523        0.155473445902213        0.155473445902223        0.472400704841942        0.318435705524512        0.318435705524512        0.318435705524512
       0.0679076923076923      0.00368326746155627       0.0036832674615563     0.000284171760605035      7.6686897719202e-07     7.66868977192032e-07     2.47875692757689e-08         12.8656565923645        0.153378700325933        0.153378700325931        0.471910547345099        0.318435705524512        0.318435705524512        0.318435705524512
       0.0679461538461539      0.00370801040872562      0.00370801040870017        0.000286206350078     7.82886989964384e-07     7.82886989950914e-07     2.51035492358043e-08         12.2031968048634        0.151556374048403        0.151556374050421        0.471487047916769        0.318435705524512        0.318435705524512        0.318435705524512
       0.0679846153846154      0.00373006273574272      0.00373006273577849     0.000288089659104377     7.97792301911821e-07     7.97792301931144e-07     2.54082572533899e-08         11.6576858144028        0.149934557835173        0.149934557832316        0.471112312396287        0.318435705524512        0.318435705524512        0.318435705524512
       0.0680230769230769      0.00375005168609659      0.00375005168613423      0.00028985749188759     8.11848785355809e-07     8.11848785376525e-07     2.57047667613205e-08         11.1965779029631        0.148466962420617        0.148466962417591        0.470774872383288        0.318435705524512        0.318435705524512        0.318435705524512
       0.0680615384615385       0.0037683979101611      0.00376839791013483     0.000291533809409219     8.25233683181694e-07     8.25233683166979e-07     2.59951287202191e-08         10.7990522238765        0.147122499244334        0.147122499246459        0.470467056651001        0.318435705524512        0.318435705524512        0.318435705524512
                   0.0681      0.00378540078804352      0.00378540078806514     0.000293135650294853      8.3807355068376e-07     8.38073550696075e-07     2.62807988854786e-08         10.4512340180959         0.14587899948909        0.145878999487331        0.470183414961488        0.318435705524512        0.318435705524512        0.318435705524512
       0.0681384615384615      0.00380128170067204      0.00380128170066515     0.000294675602668245     8.50462963458946e-07      8.5046296345496e-07     2.65628512547112e-08         10.1427988933884        0.144720040728035        0.144720040728598        0.469919923552083        0.318435705524512        0.318435705524512        0.318435705524512
       0.0681769230769231      0.00381620943640539        0.003816209436409     0.000296163255347517     8.62472165175204e-07     8.62472165177325e-07     2.68421031750387e-08         9.86666895553225        0.143633080787309        0.143633080787012        0.469673519206966        0.318435705524512        0.318435705524512        0.318435705524512
       0.0682153846153846      0.00383031591366557      0.00383031591365047     0.000297606095566956     8.74158074838164e-07     8.74158074829165e-07     2.71191925896254e-08         9.61728495803914        0.142608301595954        0.142608301597202        0.469441811244088        0.318435705524512        0.318435705524512        0.318435705524512
       0.0682538461538462      0.00384370639181696      0.00384370639181006     0.000299010091863449     8.85565602388794e-07     8.85565602384629e-07     2.73946281134209e-08         9.39050637884092        0.141637857290434        0.141637857291006         0.46922289468097        0.318435705524512        0.318435705524512        0.318435705524512
       0.0682923076923077      0.00385646633316299       0.0038564663331676     0.000300380085613827      8.9673127418343e-07     8.96731274186248e-07     2.76688226072926e-08          9.1828950989365         0.14071536841147        0.140715368411086         0.46901522480718        0.318435705524512        0.318435705524512        0.318435705524512
       0.0683307692307692        0.003868666170821      0.00386866617082517     0.000301720063010089      9.0768524090305e-07     9.07685240905632e-07     2.79421164615928e-08         8.99184975409339        0.139835570041633        0.139835570041283        0.468817530119955        0.318435705524512        0.318435705524512        0.318435705524512
       0.0683692307692308      0.00388036470565712       0.0038803647056578     0.000303033348739306     9.18452710539074e-07     9.18452710539498e-07     2.82147941469754e-08         8.81521295711667        0.138994060874798        0.138994060874741        0.468628750354898        0.318435705524512        0.318435705524512        0.318435705524512
       0.0684076923076923      0.00389161158219493      0.00389161158219543     0.000304322747090564      9.2905499426965e-07     9.29054994269968e-07     2.84870962502918e-08         8.65122956163957        0.138187120162037        0.138187120161995        0.468447991356957        0.318435705524512        0.318435705524512        0.318435705524512
       0.0684461538461539      0.00390244913638618      0.00390244913638669     0.000305590647233608     9.39510289332572e-07     9.39510289332898e-07     2.87592284425477e-08         8.49839917907964         0.13741157091556        0.137411570915517        0.468274491435656        0.318435705524512        0.318435705524512        0.318435705524512
       0.0684846153846154      0.00391291379037094      0.00391291379037229     0.000306839102644404     9.49834269923226e-07     9.49834269924105e-07     2.90313682298502e-08         8.35550960520812         0.13666467660214        0.136664676602025         0.46810759598462        0.318435705524512        0.318435705524512        0.318435705524512
       0.0685230769230769      0.00392303712597514      0.00392303712597143     0.000308069892202445     9.60040542670309e-07     9.60040542667871e-07     2.93036701375938e-08         8.22146606071111        0.135944061558663         0.13594406155898        0.467946737965756        0.318435705524512        0.318435705524512        0.318435705524512
       0.0685615384615385      0.00393284672538672      0.00393284672538896     0.000309284568037428     9.70141004525945e-07     9.70141004527436e-07     2.95762697662054e-08         8.09541749078402        0.135247648578507        0.135247648578315        0.467791422638523        0.318435705524512        0.318435705524512        0.318435705524512
                   0.0686      0.00394236683144296      0.00394236683144194     0.000310484493070998     9.80146123362664e-07     9.80146123361982e-07     2.98492869647655e-08         7.97655637534421        0.134573609890403         0.13457360989049        0.467641215574031        0.318435705524512        0.318435705524512        0.318435705524512
       0.0686384615384615      0.00395161887696103      0.00395161887695978     0.000311670871112372     9.90065163567892e-07     9.90065163567041e-07     3.01228283724174e-08          7.8642416109673        0.133920327808554        0.133920327808662        0.467495733053244        0.318435705524512        0.318435705524512        0.318435705524512
       0.0686769230769231      0.00396062191249534      0.00396062191249831     0.000312844771167605     9.99906368683721e-07     9.99906368685761e-07     3.03969894682295e-08         7.75788661331101         0.13328636290164        0.133286362901382        0.467354634314597        0.318435705524512        0.318435705524512        0.318435705524512
       0.0687153846153846      0.00396939295329142      0.00396939295328733     0.000314007147140201     1.00967710930782e-06     1.00967710930498e-06     3.06718562281135e-08         7.65693792550373        0.132670428173161        0.132670428173517        0.467217615269402        0.318435705524512        0.318435705524512        0.318435705524512
       0.0687538461538462      0.00397794726527897      0.00397794726527615     0.000315158854071666      1.0193840053279e-06     1.01938400532593e-06     3.09475064893607e-08         7.56098992104977        0.132071367752299        0.132071367752545         0.46708440332433        0.318435705524512        0.318435705524512        0.318435705524512
       0.0687923076923077      0.00398629860194502      0.00398629860194617     0.000316300661580076     1.02903302725227e-06     1.02903302725308e-06     3.12240110777834e-08         7.46962978481075        0.131488139231506        0.131488139231405        0.466954753097862        0.318435705524512        0.318435705524512        0.318435705524512
       0.0688307692307692      0.00399445940223093      0.00399445940223027     0.000317433265088263     1.03862958101687e-06      1.0386295810164e-06     3.15014347483376e-08         7.38247420221124        0.130919798895865        0.130919798895923        0.466828442842885        0.318435705524512        0.318435705524512        0.318435705524512
       0.0688692307692308      0.00400244095557884      0.00400244095557759     0.000318557295177951      1.0481785784395e-06      1.0481785784386e-06     3.17798369660742e-08          7.2992899754728         0.13036548941098        0.130365489411091        0.466705271463988        0.318435705524512        0.318435705524512        0.318435705524512
       0.0689076923076923      0.00401025354280426      0.00401025354280425     0.000319673325574246     1.05768449777867e-06     1.05768449777866e-06     3.20592725732227e-08         7.21971048442108        0.129824429289043        0.129824429289045        0.466585055975194        0.318435705524512        0.318435705524512        0.318435705524512
       0.0689461538461539      0.00401790655525851       0.0040179065552554     0.000320781879896158     1.06715143483533e-06     1.06715143483305e-06     3.23397923516452e-08         7.14351434407137        0.129295903979622        0.129295903979898        0.466467629349588        0.318435705524512        0.318435705524512        0.318435705524512
       0.0689846153846154       0.0040254085962481      0.00402540859624828     0.000321883437395521      1.0765831463365e-06     1.07658314633664e-06     3.26214434995953e-08         7.07046675805923        0.128779258288171        0.128779258288154        0.466352838690185        0.318435705524512        0.318435705524512        0.318435705524512
       0.0690230769230769       0.0040327675692968      0.00403276756929533     0.000322978437956321     1.08598308805766e-06     1.08598308805656e-06     3.29042700479353e-08         7.00035437515348        0.128273889757893        0.128273889758024        0.466240543639788        0.318435705524512        0.318435705524512        0.318435705524512
       0.0690615384615385      0.00403999075280521      0.00403999075280459      0.00032406728631216     1.09535444662285e-06     1.09535444662239e-06     3.31883132085847e-08         6.93299001847851        0.127779243089176        0.127779243089232        0.466130615035572        0.318435705524512        0.318435705524512        0.318435705524512
                   0.0691      0.00404708486622696      0.00404708486622754     0.000325150355792371     1.10470016815655e-06     1.10470016815699e-06     3.34736116856218e-08         6.86816787412075        0.127294805169404        0.127294805169352        0.466022933718157        0.318435705524512        0.318435705524512        0.318435705524512
       0.0691384615384615      0.00405405612681644      0.00405405612681629     0.000326227991526168     1.11402298259798e-06     1.11402298259787e-06     3.37602019396968e-08          6.8058504221076        0.126820100820352        0.126820100820365        0.465917389510647        0.318435705524512        0.318435705524512        0.318435705524512
       0.0691769230769231      0.00406091029956407       0.0040609102995642     0.000327300513264193     1.12332542521009e-06      1.1233254252102e-06     3.40481184210249e-08         6.74574227065495        0.126354689049073         0.12635468904906        0.465813880320626        0.318435705524512        0.318435705524512        0.318435705524512
       0.0692153846153846      0.00406765274090677       0.0040676527409064     0.000328368217846463     1.13260985538205e-06     1.13260985538176e-06     3.43373937727124e-08         6.68778449345159        0.125898159765603        0.125898159765636        0.465712311354443        0.318435705524512        0.318435705524512        0.318435705524512
       0.0692538461538462      0.00407428843706958      0.00407428843706767     0.000329431381364392     1.14187847307565e-06     1.14187847307414e-06     3.46280590083289e-08         6.63185610712444        0.125450130904443        0.125450130904617        0.465612594428448        0.318435705524512        0.318435705524512        0.318435705524512
       0.0692923076923077      0.00408082203849973      0.00408082203849758     0.000330490261106113     1.15113333379884e-06     1.15113333379713e-06     3.49201436724197e-08         6.57782361871086        0.125010245829066        0.125010245829262        0.465514647351027        0.318435705524512        0.318435705524512        0.318435705524512
       0.0693307692307692      0.00408725788952812       0.0040872578895277     0.000331545097224895     1.16037636121063e-06     1.16037636121029e-06     3.52136759764972e-08         6.52560203680218        0.124578171108026        0.124578171108064        0.465418393390027        0.318435705524512        0.318435705524512        0.318435705524512
       0.0693692307692308      0.00409360005545115      0.00409360005545177      0.00033259611426762     1.16960935888811e-06     1.16960935888861e-06     3.55086829247158e-08         6.47508922028657         0.12415359447203        0.124153594471973        0.465323760787111        0.318435705524512        0.318435705524512        0.318435705524512
       0.0694076923076923      0.00409985234644527      0.00409985234644507     0.000333643522521798     1.17883402064336e-06      1.1788340206432e-06     3.58051904240767e-08          6.4261943068008        0.123736223012314        0.123736223012332        0.465230682329079        0.318435705524512        0.318435705524512        0.318435705524512
       0.0694461538461539      0.00410601833874168      0.00410601833874148     0.000334687519206139     1.18805193958289e-06     1.18805193958273e-06     3.61032233812977e-08         6.37884087575398        0.123325781587895        0.123325781587913        0.465139094968326        0.318435705524512        0.318435705524512        0.318435705524512
       0.0694846153846154      0.00411210139394502      0.00411210139394438     0.000335728289559023     1.19726461650376e-06     1.19726461650324e-06     3.64028057919059e-08         6.33294866540798        0.122922011366023        0.122922011366082        0.465048939476954        0.318435705524512        0.318435705524512        0.318435705524512
       0.0695230769230769       0.0041181046760796      0.00411810467607873     0.000336766007796133     1.20647346718607e-06     1.20647346718534e-06     3.67039608179138e-08          6.2884444685648        0.122524668538697        0.122524668538778        0.464960160141463        0.318435705524512        0.318435705524512        0.318435705524512
       0.0695615384615385      0.00412403116721311      0.00412403116721227     0.000337800837989614     1.21567982918424e-06     1.21567982918354e-06     3.70067108595665e-08          6.2452649589057        0.122133523141061        0.122133523141139        0.464872704483343        0.318435705524512        0.318435705524512        0.318435705524512
                   0.0696      0.00412988368138251      0.00412988368138212     0.000338832934850168     1.22488496781335e-06     1.22488496781302e-06     3.73110776187376e-08         6.20334764498632        0.121748358000575        0.121748358000612        0.464786523009948        0.318435705524512        0.318435705524512        0.318435705524512
       0.0696384615384615      0.00413566487720687      0.00413566487720763     0.000339862444435425      1.2340900815763e-06     1.23409008157695e-06     3.76170821563014e-08         6.16263664353873        0.121368967784547        0.121368967784476        0.464701568988893        0.318435705524512        0.318435705524512        0.318435705524512
       0.0696769230769231      0.00414137726932053      0.00414137726931979     0.000340889504790914     1.24329630708248e-06     1.24329630708184e-06     3.79247449439383e-08         6.12307606692631        0.120995158136347        0.120995158136417        0.464617798243868        0.318435705524512        0.318435705524512        0.318435705524512
       0.0697153846153846      0.00414702323897059      0.00414702323896951     0.000341914246546873     1.25250472369819e-06     1.25250472369727e-06     3.82340859128349e-08         6.08461290138064         0.12062674487052         0.12062674487062        0.464535168965323        0.318435705524512        0.318435705524512        0.318435705524512
       0.0697538461538462      0.00415260504328872      0.00415260504328803      0.00034293679343581     1.26171635746177e-06     1.26171635746116e-06     3.85451244949991e-08         6.04719687089644        0.120263553274703        0.120263553274768        0.464453641544936        0.318435705524512        0.318435705524512        0.318435705524512
       0.0697923076923077      0.00415812482398511      0.00415812482398491     0.000343957262780787     1.27093218485663e-06     1.27093218485645e-06     3.88578796627748e-08         6.01079054427449        0.119905417450428        0.119905417450447        0.464373178420361        0.318435705524512        0.318435705524512        0.318435705524512
       0.0698307692307692      0.00416358461530866      0.00416358461530911     0.000344975765941731     1.28015313627681e-06      1.2801531362772e-06     3.91723699649508e-08         5.97534751159219        0.119552179708822         0.11955217970878        0.464293743933353        0.318435705524512        0.318435705524512        0.318435705524512
       0.0698692307692308      0.00416898635123108      0.00416898635123121     0.000345992408717462     1.28938009911223e-06     1.28938009911234e-06     3.94886135590268e-08         5.94082937622151        0.119203690026723        0.119203690026711         0.46421530420163        0.318435705524512        0.318435705524512        0.318435705524512
       0.0699076923076923      0.00417433187202871      0.00417433187202907     0.000347007291713974     1.29861392057333e-06     1.29861392057365e-06     3.98066282407284e-08          5.9071990618687        0.118859805548215        0.118859805548181        0.464137827001468        0.318435705524512        0.318435705524512        0.318435705524512
       0.0699461538461539      0.00417962293033338      0.00417962293033222     0.000348020510682378     1.30785541029104e-06     1.30785541028999e-06      4.0126431471056e-08         5.87441608380399         0.11852039012602        0.118520390126131        0.464061281659969        0.318435705524512        0.318435705524512        0.318435705524512
       0.0699846153846154      0.00418486119688619      0.00418486119688613     0.000349032156842648      1.3171053428799e-06     1.31710534287985e-06     4.04480404027055e-08         5.84245413358168        0.118185313881473        0.118185313881478        0.463985638952627        0.318435705524512        0.318435705524512        0.318435705524512
       0.0700230769230769      0.00419004826540408      0.00419004826540365     0.000350042317152656     1.32636445991006e-06     1.32636445990967e-06      4.0771471900881e-08         5.81127698797448         0.11785445284017        0.117854452840211        0.463910871016556        0.318435705524512        0.318435705524512        0.318435705524512
       0.0700615384615385      0.00419518565757059       0.0041951856575711     0.000351051074589647     1.33563347217976e-06     1.33563347218024e-06      4.1096742566494e-08         5.78085593043557        0.117527688547934        0.117527688547884        0.463836951261819        0.318435705524512        0.318435705524512        0.318435705524512
                   0.0701      0.00420027482728368      0.00420027482728317     0.000352058508386046     1.34491306148866e-06     1.34491306148818e-06     4.14238687546668e-08          5.7511624139282        0.117204907750344        0.117204907750393        0.463763854295804        0.318435705524512        0.318435705524512        0.318435705524512
       0.0701384615384615      0.00420531716466478       0.0042053171646642     0.000353064694252917     1.35420388234938e-06     1.35420388234883e-06     4.17528665924716e-08           5.722168879973        0.116886002088565        0.116886002088622        0.463691555851881        0.318435705524512        0.318435705524512        0.318435705524512
       0.0701769230769231      0.00421031399991606      0.00421031399991682     0.000354069704596467     1.36350656370796e-06     1.36350656370868e-06     4.20837519965313e-08         5.69385708450487        0.116570867803606        0.116570867803533        0.463620032720887        0.318435705524512        0.318435705524512        0.318435705524512
       0.0702153846153846      0.00421526660672808      0.00421526660672781     0.000355073608706873     1.37282171038419e-06     1.37282171038393e-06     4.24165406878729e-08         5.66618691928683        0.116259405478109        0.116259405478135        0.463549262690674        0.318435705524512        0.318435705524512        0.318435705524512
       0.0702538461538462      0.00422017620545751      0.00422017620545769     0.000356076472935627      1.3821499044207e-06     1.38214990442087e-06     4.27512482059543e-08          5.6391482792519        0.115951519795213        0.115951519795195         0.46347922448945        0.318435705524512        0.318435705524512        0.318435705524512
       0.0702923076923077       0.0042250439661954      0.00422504396619462     0.000357078360866734     1.39149170644636e-06     1.39149170644562e-06     4.30878899224918e-08         5.61271627252011        0.115647119303179        0.115647119303255        0.463409897731506        0.318435705524512        0.318435705524512        0.318435705524512
       0.0703307692307692      0.00422987101149026      0.00422987101149063     0.000358079333468101     1.40084765682076e-06     1.40084765682112e-06     4.34264810533402e-08         5.58686871346867        0.115346116209007         0.11534611620897        0.463341262868732        0.318435705524512        0.318435705524512        0.318435705524512
       0.0703692307692308      0.00423465841898344      0.00423465841898364      0.00035907944923827       1.410218276795e-06      1.4102182767952e-06     4.37670366702723e-08         5.56158779192971        0.115048426176494        0.115048426176474        0.463273301144012        0.318435705524512        0.318435705524512        0.318435705524512
       0.0704076923076923      0.00423940722375921      0.00423940722375909     0.000360078764336755     1.41960406949122e-06      1.4196040694911e-06     4.41095717111414e-08         5.53685271615957        0.114753968148261        0.114753968148273        0.463205994549406        0.318435705524512        0.318435705524512        0.318435705524512
       0.0704461538461538       0.0042441184206423      0.00424411842064241     0.000361077332712295      1.4290055209174e-06     1.42900552091751e-06     4.44541009902006e-08          5.5126568783671        0.114462664169428        0.114462664169417        0.463139325785454        0.318435705524512        0.318435705524512        0.318435705524512
       0.0704846153846154      0.00424879296631693       0.0042487929663173     0.000362075206220537     1.43842310089031e-06     1.43842310089068e-06     4.48006392074799e-08         5.48895019465583        0.114174439225424        0.114174439225387        0.463073278223695        0.318435705524512        0.318435705524512        0.318435705524512
       0.0705230769230769      0.00425343178123064      0.00425343178123096     0.000363072434729326      1.4478572638217e-06     1.44785726382202e-06     4.51492009569373e-08         5.46575027448575        0.113889221097875        0.113889221097843        0.463007835872827        0.318435705524512        0.318435705524512        0.318435705524512
       0.0705615384615385      0.00425803575147098      0.00425803575147003     0.000364069066223052     1.45730844954743e-06     1.45730844954647e-06     4.54998007348328e-08          5.4430267208083        0.113606940220372        0.113606940220466        0.462942983345561        0.318435705524512        0.318435705524512        0.318435705524512
                   0.0706      0.00426260573051094      0.00426260573051108     0.000365065146900243     1.46677708409275e-06     1.46677708409289e-06     4.58524529475618e-08           5.420773002049        0.113327529544497        0.113327529544483        0.462878705827624        0.318435705524512        0.318435705524512        0.318435705524512
       0.0706384615384615      0.00426714254075882      0.00426714254075895     0.000366060721258123     1.47626358030268e-06     1.47626358030281e-06     4.62071719180899e-08         5.39896046310769        0.113050924422694        0.113050924422681        0.462814989050432        0.318435705524512        0.318435705524512        0.318435705524512
       0.0706769230769231      0.00427164697512767      0.00427164697512764      0.00036705583218069     1.48576833854905e-06     1.48576833854902e-06     4.65639718931332e-08         5.37758724381298        0.112777062486964        0.112777062486968        0.462751819263259        0.318435705524512        0.318435705524512        0.318435705524512
       0.0707153846153846      0.00427611979843943      0.00427611979843946     0.000368050521016214     1.49529174732453e-06     1.49529174732456e-06     4.69228670492219e-08         5.35663872421975        0.112505883541768        0.112505883541764        0.462689183208407        0.318435705524512        0.318435705524512        0.318435705524512
       0.0707538461538462      0.00428056174874065      0.00428056174874043       0.0003690448276497     1.50483418379615e-06     1.50483418379592e-06     4.72838714983457e-08         5.33609895422971        0.112237329463733        0.112237329463754        0.462627068097962        0.318435705524512        0.318435705524512        0.318435705524512
       0.0707923076923077       0.0042849735386096      0.00428497353860972     0.000370038790576151     1.51439601439764e-06     1.51439601439777e-06     4.76469992939465e-08         5.31595487858542        0.111971344100371        0.111971344100358        0.462565461590657        0.318435705524512        0.318435705524512        0.318435705524512
       0.0708307692307692      0.00428935585629173        0.004289355856292     0.000371032446962364     1.52397759528911e-06     1.52397759528939e-06     4.80122644356067e-08          5.2961963729059        0.111707873184124        0.111707873184097        0.462504351771879        0.318435705524512        0.318435705524512        0.318435705524512
       0.0708692307692308      0.00429370936683001      0.00429370936683007     0.000372025832709952     1.53357927285232e-06     1.53357927285238e-06     4.83796808741062e-08         5.27681350924021        0.111446864245338        0.111446864245332        0.462443727133633        0.318435705524512        0.318435705524512        0.318435705524512
       0.0709076923076923      0.00429803471311577       0.0042980347131158     0.000373018982513326     1.54320138414247e-06      1.5432013841425e-06     4.87492625160028e-08         5.25779430735615        0.111188266531647        0.111188266531644        0.462383576556011        0.318435705524512        0.318435705524512        0.318435705524512
       0.0709461538461538      0.00430233251689051      0.00430233251689059     0.000374011929915283     1.55284425732542e-06      1.5528442573255e-06     4.91210232280776e-08         5.23912957346996        0.110932030930835        0.110932030930827        0.462323889289491        0.318435705524512        0.318435705524512        0.318435705524512
       0.0709846153846154      0.00430660337965656      0.00430660337965645     0.000375004707356597     1.56250821205298e-06     1.56250821205286e-06     4.94949768411397e-08         5.22080775943123        0.110678109901519         0.11067810990153        0.462264654938935        0.318435705524512        0.318435705524512        0.318435705524512
       0.0710230769230769      0.00431084788358726      0.00431084788358703     0.000375997346227069     1.57219355987051e-06     1.57219355987026e-06     4.98711371541962e-08         5.20282151530641        0.110426457402616         0.11042645740264        0.462205863447439        0.318435705524512        0.318435705524512        0.318435705524512
       0.0710615384615385       0.0043150665923613      0.00431506659236112     0.000376989876911266     1.58190060457453e-06     1.58190060457434e-06     5.02495179380569e-08         5.18515905468424        0.110177028829265        0.110177028829283        0.462147505081681        0.318435705524512        0.318435705524512        0.318435705524512
                   0.0711      0.00431926005191473      0.00431926005191488     0.000377982328829447     1.59162964251035e-06     1.59162964251051e-06     5.06301329384175e-08         5.16781341509183         0.10992978095594        0.109929780955924        0.462089570418641        0.318435705524512        0.318435705524512        0.318435705524512
       0.0711384615384615      0.00432342879123703      0.00432342879123717     0.000378974730482147     1.60138096294476e-06     1.60138096294493e-06     5.10129958795931e-08         5.15077573421704        0.109684671874099        0.109684671874084        0.462032050331589        0.318435705524512        0.318435705524512        0.318435705524512
       0.0711769230769231      0.00432757332305709      0.00432757332305702     0.000379967109487653     1.61115484834565e-06     1.61115484834557e-06     5.13981204673999e-08         5.13403779032375        0.109441660939945        0.109441660939953        0.461974935977978        0.318435705524512        0.318435705524512        0.318435705524512
       0.0712153846153846      0.00433169414451842      0.00433169414451807     0.000380959492619288     1.62095157467376e-06     1.62095157467337e-06     5.17855203921344e-08          5.1175914273672        0.109200708722386        0.109200708722422        0.461918218787547        0.318435705524512        0.318435705524512        0.318435705524512
       0.0712538461538462      0.00433579173780774       0.0043357917378074     0.000381951905839723     1.63077141164652e-06     1.63077141164614e-06     5.21752093312544e-08         5.10142894552924        0.108961776954841        0.108961776954876        0.461861890451277        0.318435705524512        0.318435705524512        0.318435705524512
       0.0712923076923077      0.00433986657077901      0.00433986657077908     0.000382944374335725     1.64061462301893e-06     1.64061462301901e-06     5.25672009522382e-08         5.08554312989386        0.108724828486696        0.108724828486689        0.461805942910389        0.318435705524512        0.318435705524512        0.318435705524512
       0.0713307692307692       0.0043439190975051       0.0043439190975053     0.000383936922547938     1.65048146680473e-06     1.65048146680495e-06     5.29615089148465e-08         5.06992666101313        0.108489827241345        0.108489827241325        0.461750368346673        0.318435705524512        0.318435705524512        0.318435705524512
       0.0713692307692308      0.00434794975883064       0.0043479497588309     0.000384929574201787     1.66037219551839e-06     1.66037219551868e-06     5.33581468736466e-08         5.05457299070403         0.10825673817339        0.108256738173363        0.461695159172672        0.318435705524512        0.318435705524512        0.318435705524512
       0.0714076923076923      0.00435195898290487      0.00435195898290493     0.000385922352336494     1.67028705641381e-06     1.67028705641388e-06     5.37571284803674e-08          5.0394748213681        0.108025527227172        0.108025527227166        0.461640308022427        0.318435705524512        0.318435705524512        0.318435705524512
       0.0714461538461538      0.00435594718564366      0.00435594718564366     0.000386915279330352     1.68022629166033e-06     1.68022629166033e-06     5.41584673858059e-08         5.02462742747852        0.107796161301918        0.107796161301918         0.46158580774325        0.318435705524512        0.318435705524512        0.318435705524512
       0.0714846153846154      0.00435991477122958      0.00435991477122972     0.000387908376928384     1.69019013857894e-06      1.6901901385791e-06     5.45621772421708e-08         5.01002385176344        0.107568608212349        0.107568608212335         0.46153165138701        0.318435705524512        0.318435705524512        0.318435705524512
       0.0715230769230769      0.00436386213253974       0.0043638621325396     0.000388901666265652     1.70017882981221e-06     1.70017882981205e-06     5.49682717048761e-08         4.99565850460609        0.107342836656127        0.107342836656141        0.461477832202578        0.318435705524512        0.318435705524512        0.318435705524512
       0.0715615384615385      0.00436778965156459      0.00436778965156495     0.000389895167890065     1.71019259349858e-06     1.71019259349901e-06     5.53767644343417e-08         4.98152440920006         0.10711881618167        0.107118816181632        0.461424343628473        0.318435705524512        0.318435705524512        0.318435705524512
                   0.0716      0.00437169769984181      0.00437169769984183     0.000390888901786631     1.72023165347916e-06     1.72023165347918e-06     5.57876690980869e-08         4.96761722671296        0.106896517153891        0.106896517153889        0.461371179285257        0.318435705524512        0.318435705524512        0.318435705524512
       0.0716384615384615      0.00437558663881363      0.00437558663881357     0.000391882887396558     1.73029622942913e-06     1.73029622942906e-06     5.62009993721351e-08         4.95393062332618        0.106675910727324         0.10667591072733        0.461318332969246        0.318435705524512        0.318435705524512        0.318435705524512
       0.0716769230769231      0.00437945682019887      0.00437945682019894      0.00039287714363765     1.74038653701927e-06     1.74038653701935e-06     5.66167689426792e-08         4.94046009033797        0.106456968817274        0.106456968817266        0.461265798645987        0.318435705524512        0.318435705524512        0.318435705524512
       0.0717153846153846      0.00438330858636108      0.00438330858636091     0.000393871688924801     1.75050278808571e-06      1.7505027880855e-06      5.7034991507831e-08         4.92720007509332        0.106239664070898        0.106239664070916         0.46121357044379        0.318435705524512        0.318435705524512        0.318435705524512
       0.0717538461538462      0.00438714227062722      0.00438714227062727     0.000394866541187011     1.76064519075322e-06     1.76064519075328e-06     5.74556807789138e-08         4.91414635590403        0.106023969843001        0.106023969842996        0.461161642648156        0.318435705524512        0.318435705524512        0.318435705524512
       0.0717923076923077      0.00439095819761648      0.00439095819761651      0.00039586171788558     1.77081394958181e-06     1.77081394958185e-06     5.78788504819925e-08         4.90129370837715         0.10580986017036        0.105809860170357        0.461110009696002        0.318435705524512        0.318435705524512        0.318435705524512
       0.0718307692307692      0.00439475668354938      0.00439475668354948     0.000396857236031048     1.78100926570093e-06     1.78100926570105e-06     5.83045143592748e-08         4.88863767220786        0.105597309747716        0.105597309747705        0.461058666170235        0.318435705524512        0.318435705524512        0.318435705524512
       0.0718692307692308      0.00439853803651779      0.00439853803651779     0.000397853112197531     1.79123133690651e-06     1.79123133690651e-06     5.87326861701689e-08         4.87617367920189        0.105386293907477        0.105386293907477        0.461007606795015        0.318435705524512        0.318435705524512        0.318435705524512
       0.0719076923076923      0.00440230255680416       0.0044023025568041     0.000398849362540801     1.80148035782815e-06     1.80148035782807e-06     5.91633796929708e-08         4.86389783471882        0.105176788593916        0.105176788593923        0.460956826430187        0.318435705524512        0.318435705524512        0.318435705524512
       0.0719461538461538      0.00440605053710791      0.00440605053710775      0.00039984600280991     1.81175651999248e-06     1.81175651999228e-06     5.95966087256094e-08         4.85180538037037        0.104968770346759        0.104968770346776        0.460906320067291        0.318435705524512        0.318435705524512        0.318435705524512
       0.0719846153846154      0.00440978226283625      0.00440978226283631     0.000400843048363746     1.82206001197462e-06     1.82206001197469e-06     6.00323870872046e-08         4.83989204220928        0.104762216277684        0.104762216277678        0.460856082824467        0.318435705524512        0.318435705524512        0.318435705524512
       0.0720230769230769      0.00441349801231963       0.0044134980123196      0.00040184051418207     1.83239101946549e-06     1.83239101946546e-06     6.04707286188131e-08         4.82815312372977         0.10455710405445        0.104557104054454        0.460806109942705        0.318435705524512        0.318435705524512        0.318435705524512
       0.0720615384615385       0.0044171980570791      0.00441719805707922     0.000402838414880805     1.84274972541194e-06     1.84274972541209e-06     6.09116471848863e-08         4.81659018623302         0.10435341187925        0.104353411879237        0.460756396781151        0.318435705524512        0.318435705524512        0.318435705524512
                   0.0721      0.00442088266202097      0.00442088266202078     0.000403836764721969     1.85313631007423e-06     1.85313631007399e-06     6.13551566739311e-08           4.805193036154         0.10415111847446         0.10415111847448        0.460706938813706        0.318435705524512        0.318435705524512        0.318435705524512
