                   T[GeV]                nU[GeV^3]                nD[GeV^3]                nS[GeV^3]             nUBar[GeV^3]             nDBar[GeV^3]            nSBbar[GeV^3]                W[GeV^-2]               effMU[GeV]               effMD[GeV]               effMS[GeV]              effCPU[GeV]              effCPD[GeV]              effCPS[GeV]
                     0.12     0.000293937014097881     0.000293937014097881      0.00010637649359107     0.000293937014097881     0.000293937014097881      0.00010637649359107         10.0345840588201        0.355428719093609        0.355428719093609        0.531872141763753                        0                        0                        0
                    0.121     0.000310068935376008     0.000310068935376008     0.000113361457351197     0.000310068935376008     0.000310068935376008     0.000113361457351197         9.91008014854247        0.352952835554922        0.352952835554922        0.529923130698746                        0                        0                        0
                    0.122     0.000327020966723181     0.000327020966723182     0.000120758542849917     0.000327020966723181     0.000327020966723182     0.000120758542849917         9.78678594339473        0.350349371652826        0.350349371652826        0.527875848197655                        0                        0                        0
                    0.123     0.000344844066249657     0.000344844066249658     0.000128594229244258     0.000344844066249657     0.000344844066249658     0.000128594229244258         9.66467461194985        0.347608960703923        0.347608960703922        0.525723444707109                        0                        0                        0
                    0.124     0.000363594660885932     0.000363594660885936     0.000136897645442765     0.000363594660885932     0.000363594660885936     0.000136897645442765         9.54371345299025        0.344721029234037        0.344721029234035        0.523458224381077                        0                        0                        0
                    0.125     0.000383335609692641     0.000383335609692639     0.000145701019208492     0.000383335609692641     0.000383335609692639     0.000145701019208492         9.42386248520018        0.341673566908554        0.341673566908555        0.521071487956145                        0                        0                        0
                    0.126     0.000404137403126155     0.000404137403126158     0.000155040234789782     0.000404137403126155     0.000404137403126158     0.000155040234789782         9.30508344588726        0.338452837882044        0.338452837882043        0.518553336504097                        0                        0                        0
                    0.127     0.000426079672953187     0.000426079672953182     0.000164955533206987     0.000426079672953187     0.000426079672953182     0.000164955533206987         9.18730999563587        0.335043014579672        0.335043014579674        0.515892423630006                        0                        0                        0
                    0.128     0.000449253117162324     0.000449253117162311     0.000175492402804983     0.000449253117162324     0.000449253117162311     0.000175492402804983         9.07047466515439        0.331425707198999        0.331425707199006        0.513075638718915                        0                        0                        0
                    0.129     0.000473761988075793     0.000473761988075794     0.000186702727628812     0.000473761988075793     0.000473761988075794     0.000186702727628812         8.95438027274798        0.327579350781223        0.327579350781223        0.510087696524907                        0                        0                        0
                     0.13     0.000499727358262689     0.000499727358262678     0.000198646291370125     0.000499727358262689     0.000499727358262678     0.000198646291370125         8.83906249533304        0.323478394288837        0.323478394288842        0.506910597342528                        0                        0                        0
                    0.131     0.000527291481742352     0.000527291481742364     0.000211392781406225     0.000527291481742352     0.000527291481742364     0.000211392781406225         8.72437369292628        0.319092208996679        0.319092208996674        0.503522904899404                        0                        0                        0
                    0.132     0.000556623731552539     0.000556623731552519     0.000225024511827488     0.000556623731552539     0.000556623731552519     0.000225024511827488         8.61011196226282        0.314383590118952         0.31438359011896        0.499898761978185                        0                        0                        0
                    0.133     0.000587928862445646     0.000587928862445641     0.000239640206095473     0.000587928862445646     0.000587928862445641     0.000239640206095473         8.49602275379347        0.309306654164402        0.309306654164404        0.496006519504078                        0                        0                        0
                    0.134     0.000621458799787052     0.000621458799787123     0.000255360385838774     0.000621458799787052     0.000621458799787123     0.000255360385838774         8.38177586611403        0.303803813024124        0.303803813024096         0.49180678030899                        0                        0                        0
                    0.135     0.000657529947943455     0.000657529947943232      0.00027233527331501     0.000657529947943455     0.000657529947943232      0.00027233527331501         8.26689644062439        0.297801291488689        0.297801291488772        0.487249528897547                        0                        0                        0
                    0.136     0.000696549455823884     0.000696549455823974     0.000290756774583173     0.000696549455823884     0.000696549455823974     0.000290756774583173         8.15069229778929         0.29120226103112        0.291202261031088        0.482269783300519                        0                        0                        0
                    0.137     0.000739056817077712     0.000739056817077713     0.000310877437903111     0.000739056817077712     0.000739056817077713     0.000310877437903111         8.03207972675739        0.283875840182838        0.283875840182838        0.476780717595944                        0                        0                        0
                    0.138     0.000785791593221901     0.000785791593221906     0.000333041426846428     0.000785791593221901     0.000785791593221906     0.000333041426846428         7.90940572102381        0.275639063731188        0.275639063731187        0.470662583793579                        0                        0                        0
                    0.139     0.000837812492430229     0.000837812492430241     0.000357738926648312     0.000837812492430229     0.000837812492430241     0.000357738926648312         7.77976550066498        0.266224637296587        0.266224637296584        0.463743276244779                        0                        0                        0
                     0.14     0.000896713451513464     0.000896713451513492     0.000385705527573085     0.000896713451513464     0.000896713451513492     0.000385705527573085         7.63769168996946        0.255221681826097        0.255221681826088        0.455763705709953                        0                        0                        0
                    0.141      0.00096503611353299     0.000965036113532963     0.000418113868972762      0.00096503611353299     0.000965036113532963     0.000418113868972762         7.47181783901946        0.241960162968636        0.241960162968644        0.446313491516537                        0                        0                        0
                    0.142      0.00104701181552057       0.0010470118155208     0.000456928872300184      0.00104701181552057       0.0010470118155208     0.000456928872300184         7.25564878389889        0.225294584109794        0.225294584109726         0.43472394447964                        0                        0                        0
                    0.143      0.00114894378252102      0.00114894378252101     0.000505169256525164      0.00114894378252102      0.00114894378252101     0.000505169256525164         6.92109907276341         0.20344468230119        0.203444682301193        0.420073586853963                        0                        0                        0
                    0.144      0.00127062316087921      0.00127062316087924     0.000563333996656103      0.00127062316087921      0.00127062316087924     0.000563333996656103         6.37166132511693        0.176230367443367        0.176230367443358        0.402819043864435                        0                        0                        0
                    0.145      0.00138454255609419      0.00138454255609413     0.000619808695553549      0.00138454255609419      0.00138454255609413     0.000619808695553549         5.79608547211876        0.151078505220567        0.151078505220584        0.387990287639362                        0                        0                        0
                    0.146      0.00147374547380703      0.00147374547380703     0.000666642027599007      0.00147374547380703      0.00147374547380703     0.000666642027599007         5.42541956974501        0.132986612858341        0.132986612858341        0.378047624603319                        0                        0                        0
                    0.147       0.0015458796263039       0.0015458796263039     0.000706700616222053       0.0015458796263039       0.0015458796263039     0.000706700616222053         5.19701686466088        0.120012906882918        0.120012906882918        0.371295382529851                        0                        0                        0
                    0.148      0.00160821238230674      0.00160821238230674     0.000742983221807924      0.00160821238230674      0.00160821238230674     0.000742983221807924          5.0408277417252        0.110144568968278        0.110144568968277        0.366358485784855                        0                        0                        0
                    0.149      0.00166466688121007      0.00166466688121007     0.000777135669004562      0.00166466688121007      0.00166466688121007     0.000777135669004562         4.92283061137395        0.102260959655389         0.10226095965539        0.362523460807512                        0                        0                        0
                     0.15      0.00171738503610577      0.00171738503610577     0.000810062218707185      0.00171738503610577      0.00171738503610577     0.000810062218707185         4.82681784321789       0.0957362947378297       0.0957362947378291        0.359408834858635                        0                        0                        0
                    0.151      0.00176762476877222       0.0017676247687724     0.000842295839283884      0.00176762476877222       0.0017676247687724     0.000842295839283884         4.74441901559635       0.0901958785639002       0.0901958785638286        0.356793833275056                        0                        0                        0
                    0.152      0.00181617717996155      0.00181617717996151     0.000874172671686191      0.00181617717996155      0.00181617717996151     0.000874172671686191         4.67097278795264       0.0853998670601495       0.0853998670601654        0.354541304521026                        0                        0                        0
                    0.153      0.00186356820347904      0.00186356820347907     0.000905917083676586      0.00186356820347904      0.00186356820347907     0.000905917083676586         4.60370305256513       0.0811861892782382       0.0811861892782234        0.352561027481375                        0                        0                        0
                    0.154      0.00191016387466234      0.00191016387466234     0.000937685942527053      0.00191016387466234      0.00191016387466234     0.000937685942527053         4.54090518602449       0.0774402910709777       0.0774402910709777        0.350790886461996                        0                        0                        0
                    0.155      0.00195622845961569      0.00195622845961565     0.000969593211362652      0.00195622845961569      0.00195622845961565     0.000969593211362652         4.48146123315086       0.0740782618400814       0.0740782618400982        0.349186517387973                        0                        0                        0
                    0.156      0.00200195865410866      0.00200195865410865      0.00100172439361981      0.00200195865410866      0.00200195865410865      0.00100172439361981         4.42461730112093       0.0710367945955143        0.071036794595518        0.347715271326721                        0                        0                        0
                    0.157      0.00204750465207053      0.00204750465207053      0.00103414542631063      0.00204750465207053      0.00204750465207053      0.00103414542631063         4.36985662154557        0.068266938575631       0.0682669385756334        0.346352518031463                        0                        0                        0
                    0.158      0.00209298366392779      0.00209298366392779        0.001066908380336      0.00209298366392779      0.00209298366392779        0.001066908380336         4.31681507154625       0.0657300520039047       0.0657300520039059        0.345079286577624                        0                        0                        0
                    0.159      0.00213848889641944      0.00213848889641944      0.00110005524192501      0.00213848889641944      0.00213848889641944      0.00110005524192501         4.26523100516503       0.0633950883704959       0.0633950883704958        0.343880705450971                        0                        0                        0
                     0.16      0.00218409569791224      0.00218409569791224      0.00113362049641064      0.00218409569791224      0.00218409569791224      0.00113362049641064         4.21491340510276       0.0612367221403703       0.0612367221403701        0.342744939592199                        0                        0                        0
                    0.161      0.00222986587382499      0.00222986587382498      0.00116763293953446      0.00222986587382499      0.00222986587382498      0.00116763293953446         4.16572047620393       0.0592340205061531       0.0592340205061545        0.341662446923189                        0                        0                        0
                    0.162      0.00227585078607097      0.00227585078607097      0.00120211697603011      0.00227585078607097      0.00227585078607097      0.00120211697603011         4.11754586827487       0.0573694806859747       0.0573694806859735        0.340625446361829                        0                        0                        0
                    0.163        0.002322093623686        0.002322093623686      0.00123709356920164        0.002322093623686        0.002322093623686      0.00123709356920164         4.07030882732346       0.0556283181924211        0.055628318192422        0.339627529478691                        0                        0                        0
                    0.164      0.00236863109570422      0.00236863109570422      0.00127258094757668      0.00236863109570422      0.00236863109570422      0.00127258094757668         4.02394738175862       0.0539979313090467       0.0539979313090459        0.338663371952304                        0                        0                        0
                    0.165      0.00241549471316318      0.00241549471316318       0.0013085951390785      0.00241549471316318      0.00241549471316318       0.0013085951390785         3.97841354532655       0.0524674917746459       0.0524674917746465        0.337728515773646                        0                        0                        0
                    0.166      0.00246271177364429      0.00246271177364429      0.00134515038053554      0.00246271177364429      0.00246271177364429      0.00134515038053554         3.93366981904809       0.0510276274934384       0.0510276274934392        0.336819202518256                        0                        0                        0
                    0.167      0.00251030612696081      0.00251030612696082      0.00138225943563627      0.00251030612696081      0.00251030612696082      0.00138225943563627         3.88968663006047       0.0496701734361966       0.0496701734361964        0.335932244081282                        0                        0                        0
                    0.168      0.00255829877747038      0.00255829877747038      0.00141993384466294      0.00255829877747038      0.00255829877747038      0.00141993384466294         3.84644047520593       0.0483879738137647       0.0483879738137648         0.33506492130037                        0                        0                        0
                    0.169      0.00260670836281091      0.00260670836281091      0.00145818412272189      0.00260670836281091      0.00260670836281091      0.00145818412272189         3.80391253023338       0.0471747233134991        0.047174723313499        0.334214903615153                        0                        0                        0
                     0.17      0.00265555151050355      0.00265555151050355      0.00149701986225929      0.00265555151050355      0.00265555151050355      0.00149701986225929         3.76208744373291       0.0460248558405782       0.0460248558405788        0.333380197151665                        0                        0                        0
                    0.171      0.00270484326352763      0.00270484326352764      0.00153645047508238      0.00270484326352763      0.00270484326352764      0.00153645047508238          3.7209511925156       0.0449333671974915       0.0449333671974838        0.332559041811632                        0                        0                        0
                    0.172      0.00275459758248639      0.00275459758248639      0.00157648303027753      0.00275459758248639      0.00275459758248639      0.00157648303027753         3.68049895746979       0.0438958412145036       0.0438958412145062         0.33174994825941                        0                        0                        0
                    0.173      0.00280482553811514      0.00280482553811514      0.00161712640390846      0.00280482553811514      0.00280482553811514      0.00161712640390846         3.64071525590085       0.0429082991964438        0.042908299196446        0.330951608530464                        0                        0                        0
                    0.174      0.00285553973418927      0.00285553973418928      0.00165838746961361      0.00285553973418927      0.00285553973418928      0.00165838746961361         3.60159753146097       0.0419671604896051          0.0419671604896        0.330162881767895                        0                        0                        0
                    0.175      0.00290675016740245      0.00290675016740242       0.0017002730662251      0.00290675016740245      0.00290675016740242       0.0017002730662251         3.56314017410653       0.0410691919031245       0.0410691919031459        0.329382770505083                        0                        0                        0
                    0.176      0.00295846648952258      0.00295846648952257      0.00174278966588778      0.00295846648952258      0.00295846648952257      0.00174278966588778         3.52533467154996       0.0402114649093387       0.0402114649093482        0.328610400853423                        0                        0                        0
                    0.177       0.0030106976803088      0.00301069768030877       0.0017859434160528       0.0030106976803088      0.00301069768030877       0.0017859434160528         3.48817805931623       0.0393913192265599       0.0393913192265817        0.327845005856425                        0                        0                        0
                    0.178        0.003063452133248        0.003063452133248      0.00182974017510772        0.003063452133248        0.003063452133248      0.00182974017510772         3.45166639595801       0.0386063316696981       0.0386063316696977        0.327085911433247                        0                        0                        0
                    0.179      0.00311673772846876      0.00311673772846875      0.00187418554278285      0.00311673772846876      0.00311673772846875      0.00187418554278285         3.41579614330799       0.0378542893803737       0.0378542893803766        0.326332524449591                        0                        0                        0
                     0.18      0.00317056189502631      0.00317056189502627      0.00191928488621447      0.00317056189502631      0.00317056189502627      0.00191928488621447         3.38056416214937       0.0371331667184239       0.0371331667184536        0.325584322552292                        0                        0                        0
                    0.181      0.00322493166434409       0.0032249316643441       0.0019650433624522      0.00322493166434409       0.0032249316643441       0.0019650433624522         3.34596757468288       0.0364411052208186       0.0364411052208115        0.324840845459589                        0                        0                        0
                    0.182      0.00327985371623668      0.00327985371623668      0.00201146593793165      0.00327985371623668      0.00327985371623668      0.00201146593793165         3.31200373672673       0.0357763961606142       0.0357763961606202         0.32410168748012                        0                        0                        0
                    0.183      0.00333533441869854      0.00333533441869855      0.00205855740544463      0.00333533441869854      0.00333533441869855      0.00205855740544463         3.27867023749382       0.0351374653073785       0.0351374653073709        0.323366491054741                        0                        0                        0
                    0.184      0.00339137986242588      0.00339137986242589       0.0021063223989836      0.00339137986242588      0.00339137986242589       0.0021063223989836          3.2459647743651       0.0345228595630306        0.034522859563021        0.322634941164004                        0                        0                        0
                    0.185      0.00344799589087276      0.00344799589087274      0.00215476540680599      0.00344799589087276      0.00344799589087274      0.00215476540680599         3.21388509344213       0.0339312352003969       0.0339312352004099        0.321906760465197                        0                        0                        0
                    0.186      0.00350518812649125       0.0035051881264913      0.00220389078294948      0.00350518812649125       0.0035051881264913      0.00220389078294948         3.18242822453255        0.033361347487943        0.033361347487908        0.321181705056295                        0                        0                        0
                    0.187      0.00356296199371978      0.00356296199371977      0.00225370275745415      0.00356296199371978      0.00356296199371977      0.00225370275745415         3.15159450581732       0.0328120415017404       0.0328120415017501        0.320459560769704                        0                        0                        0
                    0.188      0.00362132273918293      0.00362132273918295      0.00230420544549466      0.00362132273918293      0.00362132273918295      0.00230420544549466         3.12138093094432        0.032282243963698       0.0322822439636762        0.319740139917017                        0                        0                        0
                    0.189      0.00368027544947517       0.0036802754494752      0.00235540285551667      0.00368027544947517       0.0036802754494752      0.00235540285551667         3.09178558454428        0.031770955982973       0.0317709559829473        0.319023278431821                        0                        0                        0
                     0.19      0.00373982506687556      0.00373982506687559      0.00240729889658097      0.00373982506687556      0.00373982506687559      0.00240729889658097         3.06280669718758        0.031277246570517       0.0312772465704943        0.318308833344212                        0                        0                        0
                    0.191      0.00379997640325642      0.00379997640325639      0.00245989738497609      0.00379997640325642      0.00379997640325639      0.00245989738497609         3.03444239441945       0.0308002468398406       0.0308002468398611        0.317596680550384                        0                        0                        0
                    0.192      0.00386073415243072      0.00386073415243069      0.00251320205022386      0.00386073415243072      0.00386073415243069      0.00251320205022386         3.00669081518035       0.0303391448029768       0.0303391448030054        0.316886712833526                        0                        0                        0
                    0.193      0.00392210290113321      0.00392210290113321      0.00256721654053857      0.00392210290113321      0.00392210290113321      0.00256721654053857         2.97955000532726       0.0298931806944413       0.0298931806944413        0.316178838106513                        0                        0                        0
                    0.194       0.0039840871388124       0.0039840871388124      0.00262194442782099       0.0039840871388124       0.0039840871388124      0.00262194442782099         2.95301786030029       0.0294616427566433       0.0294616427566456        0.315472977846168                        0                        0                        0
                    0.195      0.00404669126637568      0.00404669126637569      0.00267738921223793      0.00404669126637568      0.00404669126637569      0.00267738921223793         2.92709229939202       0.0290438634376755       0.0290438634376689        0.314769065696377                        0                        0                        0
                    0.196      0.00410991960402086      0.00410991960402087      0.00273355432644309      0.00410991960402086      0.00410991960402087      0.00273355432644309         2.90177068587833       0.0286392159494921       0.0286392159494843        0.314067046218469                        0                        0                        0
                    0.197      0.00417377639825769      0.00417377639825771      0.00279044313947489      0.00417377639825769      0.00417377639825771      0.00279044313947489         2.87705027035427       0.0282471111511125       0.0282471111510979        0.313366873772266                        0                        0                        0
                    0.198      0.00423826582821938      0.00423826582821935      0.00284805896037574      0.00423826582821938      0.00423826582821935      0.00284805896037574         2.85292778328739       0.0278669947172354        0.027866994717256        0.312668511511213                        0                        0                        0
                    0.199      0.00430339201135173      0.00430339201135173      0.00290640504156585      0.00430339201135173      0.00430339201135173      0.00290640504156585         2.82939945581614       0.0274983445566257       0.0274983445566272         0.31197193047816                        0                        0                        0
                      0.2       0.0043691590084918      0.00436915900849178      0.00296548458195859       0.0043691590084918      0.00436915900849178      0.00296548458195859         2.80646068633295       0.0271406685057316       0.0271406685057468        0.311277108796361                        0                        0                        0
                    0.201      0.00443557082858509      0.00443557082858509      0.00302530072996737      0.00443557082858509      0.00443557082858509      0.00302530072996737         2.78410588146374       0.0267935021098241       0.0267935021098236        0.310584030926483                        0                        0                        0
                    0.202      0.00450263143278157       0.0045026314327816      0.00308585658621212      0.00450263143278157       0.0045026314327816      0.00308585658621212         2.76232821844694        0.026456406746855       0.0264564067468281        0.309892687013115                        0                        0                        0
                    0.203      0.00457034473827484       0.0045703447382748      0.00314715520615725      0.00457034473827484       0.0045703447382748      0.00314715520615725         2.74111920505915       0.0261289677975149       0.0261289677975423        0.309203072280618                        0                        0                        0
                    0.204      0.00463871462173563      0.00463871462173563      0.00320919960256955      0.00463871462173563      0.00463871462173563      0.00320919960256955         2.72046820578118       0.0258107930127509       0.0258107930127581        0.308515186490884                        0                        0                        0
                    0.205       0.0047077449224409      0.00470774492244091      0.00327199274784893       0.0047077449224409      0.00470774492244091      0.00327199274784893         2.70036181238763       0.0255015110077686       0.0255015110077594        0.307829033451119                        0                        0                        0
                    0.206      0.00477743944512177      0.00477743944512175      0.00333553757624114      0.00477743944512177      0.00477743944512175      0.00333553757624114         2.68078296480196       0.0252007698776544       0.0252007698776765        0.307144620566856                        0                        0                        0
                    0.207      0.00484780196255784      0.00484780196255782      0.00339983698593976      0.00484780196255784      0.00484780196255782      0.00339983698593976         2.66170996956954       0.0249082359245991       0.0249082359246093        0.306461958436055                        0                        0                        0
                    0.208      0.00491883621794665      0.00491883621794664      0.00346489384109164      0.00491883621794665      0.00491883621794664      0.00346489384109164         2.64311471279394       0.0246235924830816       0.0246235924830872        0.305781060479485                        0                        0                        0
                    0.209      0.00499054592706676      0.00499054592706675      0.00353071097370644      0.00499054592706676      0.00499054592706675      0.00353071097370644         2.62496083293894       0.0243465388380272       0.0243465388380324         0.30510194260485                        0                        0                        0
                     0.21      0.00506293478025807      0.00506293478025807      0.00359729118548328      0.00506293478025807      0.00506293478025807      0.00359729118548328         2.60720067729715       0.0240767892240859       0.0240767892240891        0.304424622900563                        0                        0                        0
                    0.211      0.00513600644423529      0.00513600644423531      0.00366463724955964      0.00513600644423529      0.00513600644423531      0.00366463724955964         2.58977114284229       0.0238140719008309       0.0238140719008126        0.303749121356525                        0                        0                        0
                    0.212      0.00520976456375058      0.00520976456375057      0.00373275191218367      0.00520976456375058      0.00520976456375057      0.00373275191218367          2.5725875219678       0.0235581282968887       0.0235581282968994        0.303075459609918                        0                        0                        0
                    0.213      0.00528421276312076      0.00528421276312075      0.00380163789432175      0.00528421276312076      0.00528421276312075      0.00380163789432175          2.5555340001042       0.0233087122161423       0.0233087122161512        0.302403660712807                        0                        0                        0
                    0.214      0.00535935464763064      0.00535935464763065      0.00387129789319811      0.00535935464763064      0.00535935464763065      0.00387129789319811         2.53844814925592       0.0230655891016337         0.02306558910162        0.301733748920526                        0                        0                        0
                    0.215       0.0054351938048238       0.0054351938048238      0.00394173458805855       0.0054351938048238       0.0054351938048238      0.00394173458805855         2.52108954301297       0.0228285353523661       0.0228285353523691        0.301065749498192                        0                        0                        0
                    0.216      0.00551173381026403      0.00551173381026403      0.00401295062463573      0.00551173381026403      0.00551173381026403      0.00401295062463573         2.50310048526304       0.0225973376874422       0.0225973376874426        0.300399688544307                        0                        0                        0
                    0.217      0.00558897821050958      0.00558897821050957      0.00408494864167324      0.00558897821050958      0.00558897821050957      0.00408494864167324         2.48385860653649       0.0223717925551418       0.0223717925551502        0.299735592829568                        0                        0                        0
                    0.218      0.00566693055103273      0.00566693055103272      0.00415773125567469      0.00566693055103273      0.00566693055103272      0.00415773125567469         2.46228218236409       0.0221517055821374       0.0221517055821417        0.299073489649906                        0                        0                        0
                    0.219      0.00574559435941596      0.00574559435941597      0.00423130106626181      0.00574559435941596      0.00574559435941597      0.00423130106626181         2.43845275681191       0.0219368910601483       0.0219368910601416         0.29841340669224                        0                        0                        0
                     0.22      0.00582497315059812      0.00582497315059811      0.00430566065739454      0.00582497315059812      0.00582497315059811      0.00430566065739454         2.41308360893424       0.0217271714673066       0.0217271714673159        0.297755371912287                        0                        0                        0
                    0.221      0.00590507042767472      0.00590507042767473      0.00438081259854808      0.00590507042767472      0.00590507042767473      0.00438081259854808         2.38659905644341       0.0215223770208431       0.0215223770208375        0.297099413422935                        0                        0                        0
                    0.222      0.00598588968263927      0.00598588968263925      0.00445675944584506      0.00598588968263927      0.00598588968263925      0.00445675944584506         2.35928064730638       0.0213223452592562       0.0213223452592692         0.29644555939277                        0                        0                        0
                    0.223      0.00606743439707056      0.00606743439707057      0.00453350374314735      0.00606743439707056      0.00606743439707057      0.00453350374314735         2.33130871236143       0.0211269206513912       0.0211269206513866        0.295793837953558                        0                        0                        0
                    0.224      0.00614970804277047      0.00614970804277046       0.0046110480231061      0.00614970804277047      0.00614970804277046       0.0046110480231061         2.30283626506588       0.0209359542306995       0.0209359542307078        0.295144277116334                        0                        0                        0
                    0.225      0.00623271408235645      0.00623271408235645      0.00468939480817388      0.00623271408235645      0.00623271408235645      0.00468939480817388         2.27399224853357       0.0207493032523195       0.0207493032523174         0.29449690469512                        0                        0                        0
                    0.226      0.00631645596981207      0.00631645596981206      0.00476854661157824      0.00631645596981207      0.00631645596981206      0.00476854661157824         2.24486721882742       0.0205668308719555       0.0205668308719606        0.293851748237891                        0                        0                        0
                    0.227      0.00640093715099934      0.00640093715099934      0.00484850593826029      0.00640093715099934      0.00640093715099934      0.00484850593826029         2.21554349764682       0.0203884058442589       0.0203884058442508        0.293208834963939                        0                        0                        0
                    0.228      0.00648616106413561      0.00648616106413561       0.0049292752857762      0.00648616106413561      0.00648616106413561       0.0049292752857762         2.18608364255058       0.0202139022399018       0.0202139022398978        0.292568191707533                        0                        0                        0
                    0.229      0.00657213114023781      0.00657213114023781      0.00501085714516448      0.00657213114023781      0.00657213114023781      0.00501085714516448         2.15656909237193       0.0200431991797205       0.0200431991797181        0.291929844867153                        0                        0                        0
                     0.23      0.00665885080353694      0.00665885080353694      0.00509325400178147      0.00665885080353694      0.00665885080353694      0.00509325400178147         2.12704686800097       0.0198761805845352       0.0198761805845415         0.29129382035973                        0                        0                        0
                    0.231       0.0067463234718643       0.0067463234718643      0.00517646833610224       0.0067463234718643       0.0067463234718643      0.00517646833610224         2.09751127072313       0.0197127349403261       0.0197127349403278        0.290660143579924                        0                        0                        0
                    0.232      0.00683455255701285      0.00683455255701285      0.00526050262449024      0.00683455255701285      0.00683455255701285      0.00526050262449024         2.06806215370301       0.0195527550763898       0.0195527550763949        0.290028839363784                        0                        0                        0
                    0.233      0.00692354146507409      0.00692354146507409      0.00534535933993728      0.00692354146507409      0.00692354146507409      0.00534535933993728         2.03870988990088        0.019396137957194       0.0193961379571891        0.289399931956381                        0                        0                        0
                    0.234      0.00701329359675384      0.00701329359675384      0.00543104095277289      0.00701329359675384      0.00701329359675384      0.00543104095277289         2.00948701756538       0.0192427844853673        0.019242784485364        0.288773444983305                        0                        0                        0
                    0.235      0.00710381234766689      0.00710381234766688      0.00551754993134284      0.00710381234766689      0.00710381234766688      0.00551754993134284         1.98042018263864       0.0190925993167049       0.0190925993167091        0.288149401425862                        0                        0                        0
                    0.236      0.00719510110861347      0.00719510110861348      0.00560488874266173      0.00719510110861347      0.00719510110861348      0.00560488874266173         1.95153289436246       0.0189454906849812       0.0189454906849782        0.287527823599218                        0                        0                        0
                    0.237      0.00728716326583823      0.00728716326583823       0.0056930598530364      0.00728716326583823      0.00728716326583823       0.0056930598530364          1.9228501225774       0.0188013702365838       0.0188013702365847        0.286908733133734                        0                        0                        0
                    0.238      0.00738000220127258      0.00738000220127258      0.00578206572866161      0.00738000220127258      0.00738000220127258      0.00578206572866161         1.89438161133952       0.0186601528746495       0.0186601528746548        0.286292150959136                        0                        0                        0
                    0.239      0.00747362129276254      0.00747362129276254      0.00587190883619108      0.00747362129276254      0.00747362129276254      0.00587190883619108         1.86614822080588        0.018521756611297       0.0185217566112955        0.285678097291087                        0                        0                        0
                     0.24      0.00756802391428225      0.00756802391428225      0.00596259164328182      0.00756802391428225      0.00756802391428225      0.00596259164328182         1.83816101381933       0.0183861024280978       0.0183861024280975        0.285066591620249                        0                        0                        0
                    0.241      0.00766321343613463      0.00766321343613464       0.0060541166191123      0.00766321343613463      0.00766321343613464       0.0060541166191123         1.81044244399691       0.0182531141439904       0.0182531141439889        0.284457652703685                        0                        0                        0
                    0.242      0.00775919322514008      0.00775919322514008      0.00614648623487964      0.00775919322514008      0.00775919322514008      0.00614648623487964         1.78299103885695       0.0181227182900123       0.0181227182900099        0.283851298557912                        0                        0                        0
                    0.243       0.0078559666448136       0.0078559666448136      0.00623970296426926       0.0078559666448136       0.0078559666448136      0.00623970296426926         1.75582597263314       0.0179948439909177       0.0179948439909214        0.283247546454276                        0                        0                        0
                    0.244      0.00795353705553157      0.00795353705553157       0.0063337692839034      0.00795353705553157      0.00795353705553157       0.0063337692839034         1.72895164741903       0.0178694228528892       0.0178694228528909        0.282646412915834                        0                        0                        0
                    0.245      0.00805190781468892      0.00805190781468892      0.00642868767376756      0.00805190781468892      0.00805190781468892      0.00642868767376756         1.70237588154321       0.0177463888567984       0.0177463888567947        0.282047913715817                        0                        0                        0
                    0.246      0.00815108227684681      0.00815108227684681      0.00652446061761419      0.00815108227684681      0.00815108227684681      0.00652446061761419         1.67610463627608       0.0176256782572973       0.0176256782572995        0.281452063877665                        0                        0                        0
                    0.247      0.00825106379387211      0.00825106379387211      0.00662109060334539      0.00825106379387211      0.00825106379387211      0.00662109060334539         1.65014389499817       0.0175072294867642       0.0175072294867653         0.28085887767639                        0                        0                        0
                    0.248      0.00835185571506865      0.00835185571506864      0.00671858012337547      0.00835185571506865      0.00835185571506864      0.00671858012337547         1.62449779364523       0.0173909830642331       0.0173909830642361        0.280268368641165                        0                        0                        0
                    0.249      0.00845346138730125      0.00845346138730125      0.00681693169143677      0.00845346138730125      0.00845346138730125      0.00681693169143677          1.5991701384301       0.0172768815087225       0.0172768815087246        0.279680549559076                        0                        0                        0
                     0.25      0.00855588415511256      0.00855588415511256      0.00691614777836747      0.00855588415511256      0.00855588415511256      0.00691614777836747         1.57416369876909       0.0171648692570363       0.0171648692570364        0.279095432479934                        0                        0                        0
                    0.251      0.00865912737998432      0.00865912737998432      0.00701623090722597      0.00865912737998432      0.00865912737998432      0.00701623090722597         1.54948085162162       0.0170548925853971       0.0170548925853971        0.278513028722058                        0                        0                        0
                    0.252      0.00876319436516953      0.00876319436516953      0.00711718359169808      0.00876319436516953      0.00876319436516953      0.00711718359169808          1.5251236370229       0.0169468995350548       0.0169468995350539        0.277933348878893                        0                        0                        0
                    0.253       0.0088680884666731      0.00886808846667309      0.00721900835150511       0.0088680884666731      0.00886808846667309      0.00721900835150511         1.50109299934589       0.0168408398413274       0.0168408398413293        0.277356402826438                        0                        0                        0
                    0.254      0.00897381302078433      0.00897381302078433      0.00732170771265468      0.00897381302078433      0.00897381302078433      0.00732170771265468         1.47738965954042       0.0167366648661226       0.0167366648661247         0.27678219973146                        0                        0                        0
                    0.255      0.00908036201841991      0.00908036201841991      0.00742528420767592      0.00908036201841991      0.00908036201841991      0.00742528420767592         1.45415138820877       0.0166343275337109       0.0166343275337135        0.276210748060286                        0                        0                        0
                    0.256      0.00918776682293172      0.00918776682293172      0.00752974037583804      0.00918776682293172      0.00918776682293172      0.00752974037583804         1.43096613379222       0.0165337822693592       0.0165337822693593        0.275642055588236                        0                        0                        0
                    0.257      0.00929600273473739      0.00929600273473739      0.00763507876335364      0.00929600273473739      0.00929600273473739      0.00763507876335364         1.40824521926842        0.016434984940969       0.0164349849409698        0.275076129409598                        0                        0                        0
                    0.258      0.00940508242684376      0.00940508242684376      0.00774130192356754      0.00940508242684376      0.00940508242684376      0.00774130192356754         1.38585053361875       0.0163378928033332       0.0163378928033342        0.274512975948027                        0                        0                        0
                    0.259      0.00951500922719356      0.00951500922719356      0.00784841241713063      0.00951500922719356      0.00951500922719356      0.00784841241713063          1.3638038101821       0.0162424644449892       0.0162424644449884        0.273952600967435                        0                        0                        0
                     0.26      0.00962578646227762      0.00962578646227762      0.00795641281216048      0.00962578646227762      0.00962578646227762      0.00795641281216048         1.34205852569621       0.0161486597374575       0.0161486597374586        0.273395009583202                        0                        0                        0
                    0.261      0.00973741745719873      0.00973741745719873      0.00806530568438807      0.00973741745719873      0.00973741745719873      0.00806530568438807         1.32061099168045       0.0160564397868453       0.0160564397868414        0.272840206273766                        0                        0                        0
                    0.262      0.00984990553573222      0.00984990553573222      0.00817509361729213      0.00984990553573222      0.00984990553573222      0.00817509361729213         1.29950704999159       0.0159657668874983       0.0159657668874996        0.272288194892467                        0                        0                        0
                    0.263      0.00996325402038349      0.00996325402038349       0.0082857792022208      0.00996325402038349      0.00996325402038349       0.0082857792022208         1.27872675439597       0.0158766044778618       0.0158766044778611        0.271738978679659                        0                        0                        0
                    0.264       0.0100774662324427       0.0100774662324427      0.00839736503850167       0.0100774662324427       0.0100774662324427      0.00839736503850167          1.2582602264045       0.0157889170981328       0.0157889170981333        0.271192560275025                        0                        0                        0
                    0.265       0.0101925454920365       0.0101925454920365      0.00850985373354035       0.0101925454920365       0.0101925454920365      0.00850985373354035         1.23810220296823       0.0157026703498886       0.0157026703498873        0.270648941730055                        0                        0                        0
                    0.266       0.0103084951181777       0.0103084951181777      0.00862324790290785       0.0103084951181777       0.0103084951181777      0.00862324790290785         1.21825085226624       0.0156178308574639       0.0156178308574615        0.270108124520712                        0                        0                        0
                    0.267       0.0104253184288119       0.0104253184288119      0.00873755017041789       0.0104253184288119       0.0104253184288119      0.00873755017041789         1.19870707502286       0.0155343662308777       0.0155343662308789        0.269570109560157                        0                        0                        0
                    0.268        0.010543018740862        0.010543018740862      0.00885276313884194        0.010543018740862        0.010543018740862      0.00885276313884194         1.17947255342701       0.0154522450305108       0.0154522450305105        0.269034897211608                        0                        0                        0
                    0.269       0.0106615993406279       0.0106615993406279      0.00896888950810159       0.0106615993406279       0.0106615993406279      0.00896888950810159         1.16053972237313       0.0153714367331404       0.0153714367331399        0.268502487301207                        0                        0                        0
                     0.27       0.0107810636032988       0.0107810636032988       0.0090859318972391       0.0107810636032988       0.0107810636032988       0.0090859318972391         1.14190685510902       0.0152919116995416       0.0152919116995416        0.267972879130995                        0                        0                        0
                    0.271        0.010901414812663        0.010901414812663      0.00920389296362396        0.010901414812663        0.010901414812663      0.00920389296362396         1.12356653729403       0.0152136411433258       0.0152136411433247        0.267446071491816                        0                        0                        0
                    0.272       0.0110226562819672       0.0110226562819672       0.0093227753731105       0.0110226562819672       0.0110226562819672       0.0093227753731105         1.10551966877682       0.0151365971011472       0.0151365971011461        0.266922062676284                        0                        0                        0
                    0.273       0.0111447913236283       0.0111447913236283        0.009442581800061       0.0111447913236283       0.0111447913236283        0.009442581800061          1.0877614854698       0.0150607524041297       0.0150607524041296        0.266400850491672                        0                        0                        0
                    0.274        0.011267823249266        0.011267823249266      0.00956331492736065        0.011267823249266        0.011267823249266      0.00956331492736065         1.07028856459161       0.0149860806504871       0.0149860806504859        0.265882432272793                        0                        0                        0
                    0.275        0.011391755369735        0.011391755369735      0.00968497744642549        0.011391755369735        0.011391755369735      0.00968497744642549         1.05309743553314       0.0149125561791923        0.014912556179192         0.26536680489481                        0                        0                        0
                    0.276       0.0115165909951547       0.0115165909951547      0.00980757205720361       0.0115165909951547       0.0115165909951547      0.00980757205720361         1.03618455988345       0.0148401540447734       0.0148401540447736         0.26485396478594                        0                        0                        0
                    0.277       0.0116423334349385       0.0116423334349385      0.00993110146816921       0.0116423334349385       0.0116423334349385      0.00993110146816921         1.01954646877596       0.0147688499931104       0.0147688499931102        0.264343907940117                        0                        0                        0
                    0.278       0.0117689859978212       0.0117689859978212       0.0100555683963111       0.0117689859978212       0.0117689859978212       0.0100555683963111         1.00317950044411       0.0146986204382055       0.0146986204382048        0.263836629929498                        0                        0                        0
                    0.279        0.011896551991885        0.011896551991885       0.0101809755671143        0.011896551991885        0.011896551991885       0.0101809755671143         0.98708008467633       0.0146294424398386       0.0146294424398385        0.263332125916923                        0                        0                        0
                     0.28       0.0120250347245851       0.0120250347245851       0.0103073257145375       0.0120250347245851       0.0120250347245851       0.0103073257145375         0.97124460527451       0.0145612936821351       0.0145612936821343        0.262830390668158                        0                        0                        0
                    0.281       0.0121544375027731        0.012154437502773       0.0104346215809833       0.0121544375027731        0.012154437502773       0.0104346215809833        0.955669436265843       0.0144941524529829       0.0144941524529839        0.262331418564093                        0                        0                        0
                    0.282       0.0122847636327202       0.0122847636327202       0.0105628659172653       0.0122847636327202       0.0122847636327202       0.0105628659172653        0.940350944139521       0.0144279976242352        0.014427997624235        0.261835203612732                        0                        0                        0
                    0.283       0.0124160164201391       0.0124160164201391        0.010692061482569       0.0124160164201391       0.0124160164201391        0.010692061482569        0.925285497605574       0.0143628086326603       0.0143628086326612        0.261341739461072                        0                        0                        0
                    0.284       0.0125481991702051       0.0125481991702051       0.0108222110444091       0.0125481991702051       0.0125481991702051       0.0108222110444091        0.910469466048977       0.0142985654616559       0.0142985654616564         0.26085101940679                        0                        0                        0
                    0.285       0.0126813151875757       0.0126813151875757       0.0109533173785824       0.0126813151875757       0.0126813151875757       0.0109533173785824        0.895899245762615         0.01423524862364       0.0142352486236402        0.260363036409776                        0                        0                        0
                    0.286       0.0128153677764099       0.0128153677764099       0.0110853832691165       0.0128153677764099       0.0128153677764099       0.0110853832691165         0.88157117560483       0.0141728391431209       0.0141728391431211        0.259877783103507                        0                        0                        0
                    0.287       0.0129503602403868       0.0129503602403868       0.0112184115082148       0.0129503602403868       0.0129503602403868       0.0112184115082148        0.867481696581096       0.0141113185404175       0.0141113185404173        0.259395251806246                        0                        0                        0
                    0.288       0.0130862958827233       0.0130862958827233        0.011352404896199       0.0130862958827233       0.0130862958827233        0.011352404896199        0.853627189809057       0.0140506688154576       0.0140506688154577        0.258915434531999                        0                        0                        0
                    0.289       0.0132231780061893       0.0132231780061893       0.0114873662414461       0.0132231780061893       0.0132231780061893       0.0114873662414461        0.840004107214475        0.013990872434634        0.013990872434634        0.258438323001436                        0                        0                        0
                     0.29       0.0133610099131262       0.0133610099131262       0.0116232983603258       0.0133610099131262       0.0133610099131262       0.0116232983603258        0.826608904908112       0.0139319123133654       0.0139319123133651        0.257963908652391                        0                        0                        0
                    0.291       0.0134997949054608       0.0134997949054608       0.0117602040771316       0.0134997949054608       0.0134997949054608       0.0117602040771316        0.813438062849488       0.0138737718040064       0.0138737718040055        0.257492182650408                        0                        0                        0
                    0.292       0.0136395362847206       0.0136395362847206       0.0118980862240117       0.0136395362847206       0.0136395362847206       0.0118980862240117          0.8004880868412       0.0138164346818909       0.0138164346818909        0.257023135898959                        0                        0                        0
                    0.293       0.0137802373520475       0.0137802373520475       0.0120369476408963       0.0137802373520475       0.0137802373520475       0.0120369476408963        0.787755498051461       0.0137598851323048       0.0137598851323048         0.25655675904947                        0                        0                        0
                    0.294       0.0139219014082118       0.0139219014082118       0.0121767911754232       0.0139219014082118       0.0139219014082118       0.0121767911754232        0.775236871207894       0.0137041077379741        0.013704107737974        0.256093042511224                        0                        0                        0
                    0.295       0.0140645317536253       0.0140645317536253       0.0123176196828613       0.0140645317536253       0.0140645317536253       0.0123176196828613        0.762928814966096       0.0136490874669785       0.0136490874669783        0.255631976460997                        0                        0                        0
                    0.296       0.0142081316883531       0.0142081316883531        0.012459436026032       0.0142081316883531       0.0142081316883531        0.012459436026032         0.75082794115518       0.0135948096610786        0.013594809661079        0.255173550852513                        0                        0                        0
                    0.297       0.0143527045121266       0.0143527045121266        0.012602243075229       0.0143527045121266       0.0143527045121266        0.012602243075229        0.738930910380448       0.0135412600245077       0.0135412600245074        0.254717755425724                        0                        0                        0
                    0.298       0.0144982535243537       0.0144982535243537       0.0127460437081367       0.0144982535243537       0.0144982535243537       0.0127460437081367        0.727234416838821        0.013488424613506       0.0134884246135064        0.254264579715883                        0                        0                        0
                    0.299       0.0146447820241319       0.0146447820241319       0.0128908408097476       0.0146447820241319       0.0146447820241319       0.0128908408097476        0.715735188052346        0.013436289824281       0.0134362898242813         0.25381401306234                        0                        0                        0
                      0.3       0.0147922933102565       0.0147922933102565       0.0130366372722771       0.0147922933102565       0.0147922933102565       0.0130366372722771        0.704429998526814       0.0133848423853145       0.0133848423853146        0.253366044617316                        0                        0                        0
