                   T[GeV]                nU[GeV^3]                nD[GeV^3]                nS[GeV^3]             nUBar[GeV^3]             nDBar[GeV^3]            nSBbar[GeV^3]                W[GeV^-2]               effMU[GeV]               effMD[GeV]               effMS[GeV]              effCPU[GeV]              effCPD[GeV]              effCPS[GeV]
                     0.04     1.02440548428123e-06     1.02440548428123e-06     1.86704563164647e-08     6.90513240133468e-09     6.90513240133466e-09     1.25801091150582e-10           5.259189385188        0.367595281424007        0.367595281424007        0.549455220900149                      0.1                      0.1                      0.1
                    0.041     1.25743414061245e-06     1.25743414061825e-06     2.55676834270179e-08     9.57586702994721e-09     9.57586702999137e-09     1.94618529275176e-10         5.27283235481919        0.367583392999445        0.367583392999224        0.549449781528673                      0.1                      0.1                      0.1
                    0.042     1.53016931180691e-06     1.53016931182452e-06     3.45283450937536e-08     1.30889987046396e-08     1.30889987047904e-08     2.95195685883668e-10         5.28521277436984        0.367569514549556        0.367569514548987        0.549443412774558                      0.1                      0.1                      0.1
                    0.043     1.84709411333049e-06     1.84709411332394e-06     4.60280125856401e-08     1.76517379364328e-08     1.76517379363702e-08     4.39594235214954e-10         5.29634930056894        0.367553427744118        0.367553427744298        0.549436007609344                      0.1                      0.1                      0.1
                    0.044       2.212919422165e-06     2.21291942216996e-06     6.06188499358666e-08     2.35078590561689e-08     2.35078590562216e-08     6.43497779152177e-10         5.30622765358658        0.367534903722203        0.367534903722086        0.549427452802888                      0.1                      0.1                      0.1
                    0.045     2.63257516956854e-06     2.63257516958917e-06     7.89361614090191e-08     3.09414503131232e-08     3.09414503133659e-08     9.27010809305976e-10         5.31485645405197        0.367513703775864        0.367513703775445         0.54941762911098                      0.1                      0.1                      0.1
                    0.046     3.11120132977201e-06     3.11120132979239e-06      1.0170480147644e-07     4.02806950870593e-08     4.02806950873234e-08     1.31556595257854e-09         5.32222846892342        0.367489579874414        0.367489579874054        0.549406411397106                      0.1                      0.1                      0.1
                    0.047     3.65413875755624e-06     3.65413875753643e-06     1.29745391971175e-07     5.19016550572912e-08     5.19016550570095e-08     1.84094239116989e-09         5.32834469725269        0.367462275171636        0.367462275171941        0.549393668760336                      0.1                      0.1                      0.1
                    0.048     4.26692000934268e-06     4.26692000935116e-06     1.63980297754448e-07     6.62320281951592e-08      6.6232028195291e-08     2.54239694380343e-09         5.33320146764251        0.367431524531337        0.367431524531223        0.549379264678737                      0.1                      0.1                      0.1
                    0.049     4.95526026611069e-06     4.95526026614638e-06     2.05439319282667e-07     8.37548568843156e-08     8.37548568849198e-08      3.4679078787742e-09         5.33679655592463        0.367397055047901        0.367397055047475         0.54936305716073                      0.1                      0.1                      0.1
                     0.05     5.72504845763547e-06     5.72504845750911e-06     2.55268174137898e-07      1.0501216414219e-07     1.05012164139869e-07     4.67558705921168e-09         5.33913034858988        0.367358586562686        0.367358586564024        0.549344898901129                      0.1                      0.1                      0.1
                    0.051      6.5823386698672e-06      6.5823386698672e-06     3.14720902665001e-07     1.30608498731357e-07     1.30608498731357e-07     6.23491698144404e-09          5.3402007717569        0.367315832182755        0.367315832182755        0.549324637453571                      0.1                      0.1                      0.1
                    0.052     7.53334190710144e-06     7.53334190710144e-06     3.85183510667003e-07     1.61214372947155e-07     1.61214372947155e-07     8.22865310878586e-09         5.34000806510024        0.367268498755343        0.367268498755343        0.549302115395067                      0.1                      0.1                      0.1
                    0.053     8.58441825444216e-06     8.58441825433082e-06     4.68164006356753e-07     1.97569579522117e-07     1.97569579519549e-07     1.07542771315436e-08         5.33855291293134        0.367216287376438        0.367216287377281        0.549277170513258                      0.1                      0.1                      0.1
                    0.054     9.74206948986375e-06     9.74206948944475e-06     5.65307278070857e-07     2.40486377190549e-07     2.40486377180179e-07     1.39257949953769e-08         5.33583892111003        0.367158893841815        0.367158893844674        0.549249635976983                      0.1                      0.1                      0.1
                    0.055     1.10129321699833e-05     1.10129321699329e-05     6.78385510142008e-07     2.90852536859177e-07     2.90852536857844e-07     1.78756881382868e-08         5.33186831682163        0.367096009095465        0.367096009095776        0.549219340529777                      0.1                      0.1                      0.1
                    0.056      1.2403771207474e-05     1.24037712075956e-05     8.09310659837444e-07     3.49634242848994e-07     3.49634242852431e-07     2.27566530677846e-08         5.32664684201631        0.367027319674516        0.367027319673835        0.549186108679407                      0.1                      0.1                      0.1
                    0.057     1.39214762864741e-05     1.39214762864741e-05     9.60134817931155e-07     4.17878916315872e-07     4.17878916315872e-07     2.87437493562862e-08          5.3201807693109        0.366952496232789        0.366952496232789         0.54914975596135                      0.1                      0.1                      0.1
                    0.058     1.55730478329889e-05     1.55730478329891e-05     1.13305232139386e-06     4.96717565304968e-07     4.96717565304975e-07     3.60364169290605e-08         5.31247812757593        0.366871239232297        0.366871239232296        0.549110107900233                      0.1                      0.1                      0.1
                    0.059      1.7365604186975e-05     1.73656041869748e-05     1.33040212734482e-06     5.87367590211469e-07     5.87367590211459e-07      4.4860605269655e-08         5.30354858587439        0.366783214319671        0.366783214319672         0.54906697328322                      0.1                      0.1                      0.1
                     0.06      1.9306369646949e-05     1.93063696469487e-05     1.55466926862841e-06     6.91134877194085e-07     6.91134877194077e-07     5.54709319290783e-08         5.29340330712721        0.366688094205238        0.366688094205239        0.549020161549505                      0.1                      0.1                      0.1
                    0.061     2.14026723361699e-05     2.14026723361696e-05      1.8084862608874e-06     8.09416015447068e-07     8.09416015447056e-07     6.81528859656388e-08          5.2820548219944         0.36658554901188        0.366585549011881        0.548969478851307                      0.1                      0.1                      0.1
                    0.062     2.36619407590012e-05     2.36619407590011e-05     2.09463415676249e-06     9.43700326440244e-07     9.43700326440238e-07     8.32250585903127e-08         5.26951721426108        0.366475246575471        0.366475246575472        0.548914728242282                      0.1                      0.1                      0.1
                    0.063     2.60917008104642e-05     2.60917008104641e-05     2.41604331985283e-06     1.09557176128018e-06     1.09557176128018e-06     1.01041394172074e-07         5.25580590156125        0.366356852723273        0.366356852723273        0.548855709863711                      0.1                      0.1                      0.1
                    0.064     2.86995732191129e-05     2.86995732191128e-05     2.77579394020401e-06     1.26671067275713e-06     1.26671067275713e-06     1.21993453635867e-07         5.24093779769639        0.366230031530452        0.366230031530452        0.548792221127862                      0.1                      0.1                      0.1
                    0.065     3.14932714019651e-05     3.14932714019651e-05     3.17711631345831e-06     1.45889546923626e-06     1.45889546923626e-06     1.46512682686237e-07         5.22493110735819         0.36609444555506        0.366094445555059        0.548724056898007                      0.1                      0.1                      0.1
                    0.066     3.44805997093339e-05     3.44805997093338e-05     3.62339090586287e-06     1.67400415798956e-06     1.67400415798956e-06     1.75072677747637e-07         5.20780508844865        0.365949756051824        0.365949756051824        0.548651009664597                      0.1                      0.1                      0.1
                    0.067     3.76694520369465e-05     3.76694520369466e-05     4.11814822712903e-06     1.91401578586336e-06     1.91401578586336e-06     2.08191443015286e-07         5.18958061452822        0.365795623165157        0.365795623165157        0.548572869717108                      0.1                      0.1                      0.1
                    0.068     4.10678107825639e-05     4.10678107825641e-05     4.66506853270466e-06     2.18101061068693e-06     2.18101061068694e-06     2.46433632545639e-07         5.17027918520336        0.365631706101916        0.365631706101916        0.548489425311179                      0.1                      0.1                      0.1
                    0.069     4.46837461245586e-05      4.4683746124559e-05      5.2679813764135e-06     2.47717584557851e-06     2.47717584557853e-06     2.90412771872644e-07         5.14992343907855        0.365457663284317        0.365457663284316        0.548400462830604                      0.1                      0.1                      0.1
                     0.07     4.85254156001796e-05     4.85254156001806e-05     5.93086503364301e-06     2.80480203668119e-06     2.80480203668124e-06     3.40793454203823e-07         5.12853700440272        0.365273152483729        0.365273152483727        0.548305766943911                      0.1                      0.1                      0.1
                    0.071     5.26010639620249e-05     5.26010639620237e-05     6.65784581439047e-06     3.16628203453807e-06       3.166282034538e-06     3.98293506821558e-07         5.10614444397989        0.365077830935654        0.365077830935656        0.548205120755143                      0.1                      0.1                      0.1
                    0.072     5.69190232917502e-05     5.69190232917536e-05     7.45319728449381e-06     3.56412005541553e-06     3.56412005541574e-06     4.63686123879986e-07         5.08277081198671        0.364871355436718        0.364871355436712        0.548098305948658                      0.1                      0.1                      0.1
                    0.073     6.14877133511555e-05     6.14877133511553e-05     8.32133941234548e-06     4.00092690647797e-06     4.00092690647796e-06     5.37801962342093e-07         5.05844200677656        0.364653382424018        0.364653382424018        0.547985102927666                      0.1                      0.1                      0.1
                    0.074     6.63156421514681e-05      6.6315642151469e-05     9.26683765730179e-06     4.47942232053203e-06      4.4794223205321e-06     6.21531198337467e-07         5.03318449435551        0.364423568037637        0.364423568037635        0.547865290946373                      0.1                      0.1                      0.1
                    0.075     7.14114067229448e-05     7.14114067229398e-05     1.02944020149078e-05     5.00243586177166e-06     5.00243586177131e-06     7.15825541736173e-07         5.00702518645182        0.364181568166654        0.364181568166661        0.547738648235523                      0.1                      0.1                      0.1
                    0.076     7.67836940676471e-05     7.67836940676468e-05     1.14088860329384e-05     5.57290779791033e-06     5.57290779791032e-06     8.21700207222259e-07          4.9799914775264         0.36392703847945         0.36392703847945        0.547604952121283                      0.1                      0.1                      0.1
                    0.077     8.24412822795942e-05     8.24412822795946e-05     1.26152858111691e-05     6.19388994516151e-06     6.19388994516155e-06     9.40235840611967e-07         4.95211103807728         0.36365963443865        0.363659634438649        0.547463979137355                      0.1                      0.1                      0.1
                    0.078     8.83930418173659e-05     8.83930418173724e-05     1.39187389967036e-05     6.86854649218135e-06     6.86854649218186e-06     1.07258039959178e-06         4.92341191290757        0.363379011301347        0.363379011301339        0.547315505130258                      0.1                      0.1                      0.1
                    0.079     9.46479369152651e-05     9.46479369152625e-05     1.53245237856306e-05       7.600154808748e-06     7.60015480874778e-06      1.2199509884503e-06         4.89392222885199        0.363084824105194        0.363084824105197        0.547159305357821                      0.1                      0.1                      0.1
                     0.08     0.000101215027120368     0.000101215027120369     1.68380579407824e-05     8.39210624462953e-06     8.39210624462958e-06      1.3836356467462e-06         4.86367024558636        0.362776727640711         0.36277672764071        0.546995154580802                      0.1                      0.1                      0.1
                    0.081     0.000108103468943711     0.000108103468943715     1.84648978343842e-05     9.24790692375714e-06     9.24790692375749e-06     1.56499509218884e-06         4.83268440815958        0.362454376410257        0.362454376410252        0.546822827147717                      0.1                      0.1                      0.1
                    0.082      0.00011532251761449      0.00011532251761449     2.02107375234552e-05     1.01711785384677e-05     1.01711785384678e-05      1.7654644183107e-06         4.80099301401079        0.362117424574446        0.362117424574446        0.546642097072976                      0.1                      0.1                      0.1
                    0.083     0.000122881528927759      0.00012288152892775     2.20814078649697e-05      1.1165659148325e-05     1.11656591483241e-05     1.98655474778524e-06         4.76862438048449        0.361765525885991           0.361765525886        0.546452738108296                      0.1                      0.1                      0.1
                    0.084     0.000130789961176414     0.000130789961176405     2.40828756769449e-05     1.22352039876808e-05       1.223520398768e-05     2.22985484248433e-06         4.73560666833746        0.361398333611594        0.361398333611602         0.54625452380755                      0.1                      0.1                      0.1
                    0.085     0.000139057377159194     0.000139057377159194     2.62212429508541e-05     1.33837862858624e-05     1.33837862858624e-05     2.49703267158248e-06         4.70196789086848        0.361015500442317        0.361015500442317        0.546047227585185                      0.1                      0.1                      0.1
                    0.086     0.000147693446257304     0.000147693446257304     2.85027461200452e-05     1.46154981036049e-05     1.46154981036049e-05     2.78983693920106e-06         4.66773584014684        0.360616678392726        0.360616678392726        0.545830622768327                      0.1                      0.1                      0.1
                    0.087     0.000156707946573133     0.000156707946573161      3.0933755388215e-05     1.59345511891094e-05     1.59345511891123e-05     3.11009857324891e-06          4.6329380123496        0.360201518688986        0.360201518688964        0.545604482642642                      0.1                      0.1                      0.1
                    0.088     0.000166110767125136     0.000166110767125158     3.35207741213417e-05     1.73452778568629e-05     1.73452778568652e-05     3.45973217724795e-06         4.59760163741475        0.359769671646165        0.359769671646148         0.54536858049213                      0.1                      0.1                      0.1
                    0.089     0.000175911910092744     0.000175911910092767     3.62704383058879e-05     1.88521318920413e-05     1.88521318920437e-05     3.84073744704311e-06         4.56175357203161        0.359320786535565        0.359320786535548        0.545122689633161                      0.1                      0.1                      0.1
                     0.09     0.000186121493107524     0.000186121493107518      3.9189516075634e-05     2.04596894832919e-05     2.04596894832913e-05     4.25520055439334e-06         4.52542029906566        0.358854511441488        0.358854511441491        0.544866583442801                      0.1                      0.1                      0.1
                    0.091     0.000196749751585832     0.000196749751585833     4.22849073090689e-05     2.21726501863493e-05     2.21726501863494e-05     4.70529549951852e-06         4.48862788026528        0.358370493108035        0.358370493108034        0.544600035381433                      0.1                      0.1                      0.1
                    0.092     0.000207807041098966      0.00020780704109897      4.5563643298651e-05     2.39958379207801e-05     2.39958379207806e-05     5.19328543471192e-06         4.45140195150478         0.35786837677623        0.357868376776228        0.544322819010273                      0.1                      0.1                      0.1
                    0.093     0.000219303839777836     0.000219303839777828     4.90328864930942e-05     2.59342020020555e-05     2.59342020020546e-05       5.721523961191e-06         4.41376764794504        0.357347806011312        0.357347806011317        0.544034708003637                      0.1                      0.1                      0.1
                    0.094     0.000231250750748844     0.000231250750748834     5.26999303133206e-05      2.7992818210917e-05     2.79928182109157e-05     6.29245640136645e-06         4.37574961261525        0.356808422520531        0.356808422520537        0.543735476156346                      0.1                      0.1                      0.1
                    0.095     0.000243658504598477     0.000243658504598471     5.65721990425336e-05     3.01768899019141e-05     3.01768899019134e-05     6.90862104873473e-06         4.33737190855214        0.356249865961403        0.356249865961406         0.54342489738631                      0.1                      0.1                      0.1
                    0.096      0.00025653796186486     0.000256537961864797     6.06572477905008e-05     3.24917491529258e-05     3.24917491529176e-05     7.57265039759006e-06         4.29865829367076        0.355671773740139        0.355671773740173         0.54310274573258                      0.1                      0.1                      0.1
                    0.097     0.000269900115552323     0.000269900115552365     6.49627625317696e-05      3.4942857957045e-05     3.49428579570507e-05     8.28727235472551e-06         4.25963167293587        0.355073780801324        0.355073780801302        0.542768795349337                      0.1                      0.1                      0.1
                    0.098     0.000283756093670015     0.000283756093670013     6.94965602177702e-05     3.75358094587041e-05     3.75358094587038e-05     9.05531143532958e-06         4.22031454284319        0.354455519407148        0.354455519407149         0.54242282049536                      0.1                      0.1                      0.1
                    0.099      0.00029811716179015     0.000298117161790135     7.42665163803155e-05      4.0276329235099e-05     4.02763292350969e-05     9.87968074765352e-06         4.18072880220476        0.353816618907687        0.353816618907695            0.54206459552                      0.1                      0.1                      0.1
                      0.1     0.000312994725624947     0.000312994725624908     7.92809282966768e-05     4.31702766242932e-05     4.31702766242876e-05     1.07634291511744e-05         4.14089577887607        0.353156705501701         0.35315670550172        0.541693894845374                      0.1                      0.1                      0.1
                    0.101     0.000328400333623445     0.000328400333623456     8.45477895033134e-05     4.62236461015911e-05     4.62236461015926e-05     1.17096504425374e-05         4.10083612175235        0.352475401986543        0.352475401986538        0.541310492944909                      0.1                      0.1                      0.1
                    0.102     0.000344345679580616     0.000344345679580619     9.00755160101383e-05     4.94425687044546e-05     4.94425687044551e-05     1.27215764841903e-05          4.0605699546777        0.351772327500015        0.351772327500014        0.540914164319287                      0.1                      0.1                      0.1
                    0.103     0.000360842605266166     0.000360842605266041     9.58725838616155e-05     5.28333135082554e-05     5.28333135082364e-05       1.380253236482e-05         4.02011678309203        0.351047097249749        0.351047097249804        0.540504683468472                      0.1                      0.1                      0.1
                    0.104     0.000377903103061396     0.000377903103061452      0.00010194760225417     5.64022891523642e-05     5.64022891523728e-05     1.49559467410939e-05         3.97949547306723        0.350299322234646        0.350299322234623        0.540081824862023                      0.1                      0.1                      0.1
                    0.105     0.000395539318611763     0.000395539318611847     0.000108309314138883     6.01560454187886e-05     6.01560454188017e-05     1.61853529800944e-05         3.93872425261018        0.349528608953879        0.349528608953845        0.539645362906184                      0.1                      0.1                      0.1
                    0.106     0.000413763553487144     0.000413763553487052     0.000114966596888758     6.41012748632139e-05     6.41012748631992e-05     1.74943903016234e-05         3.89782079422931        0.348734559106034         0.34873455910607        0.539195071909013                      0.1                      0.1                      0.1
                    0.107     0.000432588267849869     0.000432588267849822     0.000121928463028979     6.82448144994108e-05     6.82448144994031e-05     1.88868049220755e-05         3.85680211497154        0.347916769277123        0.347916769277141        0.538730726043568                      0.1                      0.1                      0.1
                    0.108     0.000452026083129668     0.000452026083129622     0.000129204061028318     7.25936475377954e-05     7.25936475377878e-05     2.03664512014768e-05         3.81568463908458        0.347074830616638        0.347074830616655        0.538252099309418                      0.1                      0.1                      0.1
                    0.109     0.000472089784703148     0.000472089784703106     0.000136802676150536     7.71549051786404e-05     7.71549051786332e-05      2.1937292795332e-05         3.77448420402341        0.346208328501333        0.346208328501349        0.537758965491894                      0.1                      0.1                      0.1
                     0.11     0.000492792324568259     0.000492792324568251     0.000144733731361338     8.19358684591433e-05     8.19358684591421e-05     2.36034038123387e-05         3.73321597036235        0.345316842188782        0.345316842188785        0.537251098121961                      0.1                      0.1                      0.1
                    0.111     0.000514146824023585      0.00051414682402398     0.000153006788292278     8.69439701567169e-05     8.69439701567859e-05     2.53689699798706e-05          3.6918945545877         0.34439994445541        0.344399944455275           0.536728270433                      0.1                      0.1                      0.1
                    0.112     0.000536166576336624       0.0005361665763365     0.000161631548255585     9.21867967465398e-05     9.21867967465176e-05     2.72382898178857e-05         3.65053398005259        0.343457201223092        0.343457201223134        0.536190255318782                      0.1                      0.1                      0.1
                    0.113     0.000558865049400071     0.000558865049399877     0.000170617853309765     9.76720904137294e-05     9.76720904136944e-05     2.92157758227672e-05         3.60914767676819        0.342488171172421        0.342488171172483        0.535636825290336                      0.1                      0.1                      0.1
                    0.114     0.000582255888376132     0.000582255888376172     0.000179975687372114      0.00010340775112067     0.000103407751120677     3.13059556619234e-05         3.56774848693901        0.341492405340481        0.341492405340469         0.53506775243322                      0.1                      0.1                      0.1
                    0.115     0.000606352918317828     0.000606352918317783     0.000189715177375552     0.000109401838727987     0.000109401838727979     3.35134733800984e-05         3.52634867144983        0.340469446704444        0.340469446704458        0.534482808365149                      0.1                      0.1                      0.1
                    0.116      0.00063117014675971     0.000631170146760194     0.000199846594466042     0.000115662575168085     0.000115662575168177     3.58430906180464e-05         3.48495995891995        0.339418829750572        0.339418829750428         0.53388176419481                      0.1                      0.1                      0.1
                    0.117     0.000656721766280853     0.000656721766281238     0.000210380355238502     0.000122198346672018     0.000122198346672093     3.82996878444277e-05          3.4435934881531        0.338340080024876        0.338340080024764        0.533264390481092                      0.1                      0.1                      0.1
                    0.118     0.000683022157009334     0.000683022157009451     0.000221327023003611     0.000129017727012826     0.000129017727012849      4.0888265600687e-05         3.40225987736289        0.337232713671446        0.337232713671413         0.53263045719615                      0.1                      0.1                      0.1
                    0.119     0.000710085889089257      0.00071008588908924     0.000232697309087416     0.000136129374987345     0.000136129374987342     4.36139457602835e-05           3.360969187573        0.336096236948508        0.336096236948513        0.531979733687964                      0.1                      0.1                      0.1
                     0.12     0.000737927725067701     0.000737927725067701     0.000244502074151962     0.000143542246473792     0.000143542246473792     4.64819728010407e-05          3.3197309980143        0.334930145730784        0.334930145730784        0.531311988648417                      0.1                      0.1                      0.1
                    0.121     0.000766562622210296     0.000766562622210167     0.000256752329536969     0.000151265387156764     0.000151265387156737     4.94977150914033e-05          3.2785543513351        0.333733924991042        0.333733924991076        0.530626990083443                      0.1                      0.1                      0.1
                    0.122     0.000796005734728953     0.000796005734728954     0.000269459238616026     0.000159308039825341     0.000159308039825341     5.26666661900788e-05         3.23744773894002        0.332507048260899        0.332507048260899        0.529924505286734                      0.1                      0.1                      0.1
                    0.123     0.000826272415881975     0.000826272415881815     0.000282634118156832       0.0001676796258895     0.000167679625889466      5.5994446157596e-05         3.19641920988818        0.331248977076128        0.331248977076168        0.529204300820316                      0.1                      0.1                      0.1
                    0.124     0.000857378219959773     0.000857378219960742     0.000296288439683396     0.000176389747898131     0.000176389747898339     5.94868028797685e-05         3.15547632123629        0.329959160397057        0.329959160396819        0.528466142499386                      0.1                      0.1                      0.1
                    0.125     0.000889338904117966     0.000889338904118727      0.00031043383083079     0.000185448192080408     0.000185448192080575     6.31496134014923e-05         3.11462616099144        0.328637034007902         0.32863703400772        0.527709795383409                      0.1                      0.1                      0.1
                    0.126     0.000922170430020324     0.000922170430020324     0.000325082076679735     0.000194864930900401     0.000194864930900401     6.69888852684032e-05         3.07387533861756        0.327282019897257        0.327282019897257        0.526935023776594                      0.1                      0.1                      0.1
                    0.127     0.000955888965296084     0.000955888965295732     0.000340245121067535     0.000204650125623408     0.000204650125623329     7.10107578755767e-05         3.03323005295656        0.325893525611031        0.325893525611112        0.526141591234998                      0.1                      0.1                      0.1
                    0.128     0.000990510884747927     0.000990510884748952     0.000355935067858458      0.00021481412887721     0.000214814128877444     7.52215038195177e-05         2.99269604179138        0.324470943585024        0.324470943584794        0.525329260584774                      0.1                      0.1                      0.1
                    0.129      0.00102605277129264      0.00102605277129157     0.000372164182163967     0.000225367487200488     0.000225367487200242     7.96275302508874e-05         2.95227858801275        0.323013650452072        0.323013650452306        0.524497793951139                      0.1                      0.1                      0.1
                     0.13      0.00106253141657066      0.00106253141657065     0.000388944891493737     0.000236320943559622     0.000236320943559621     8.42353802231412e-05         2.91198260592455        0.321521006328336        0.321521006328337        0.523646952801947                      0.1                      0.1                      0.1
                    0.131      0.00109996382123401      0.00109996382123286     0.000406289786832548     0.000247685439831006     0.000247685439830734     8.90517340349731e-05         2.87181263602319        0.319992354065951        0.319992354066193        0.522776498002041                      0.1                      0.1                      0.1
                    0.132      0.00113836719475659      0.00113836719475717     0.000424211623606574     0.000259472119206585     0.000259472119206726     9.40834105572866e-05         2.83177267438959        0.318427018494332        0.318427018494211        0.521886189889159                      0.1                      0.1                      0.1
                    0.133      0.00117775895485449      0.00117775895485384     0.000442723322543163     0.000271692328535916     0.000271692328535758     9.93373685438409e-05         2.79186656711242        0.316824305618165        0.316824305618297        0.520975788361856                      0.1                      0.1                      0.1
                    0.134      0.00121815672626767      0.00121815672626604       0.0004618379703682     0.000284357620537411     0.000284357620537008     0.000104820707911038         2.75209765239416         0.31518350181063        0.315183501810956        0.520045052996748                      0.1                      0.1                      0.1
                    0.135      0.00125957833898235      0.00125957833898181     0.000481568820348629     0.000297479755887301     0.000297479755887164     0.000110540670985891         2.71246894773567        0.313503872968959        0.313503872969066        0.519093743182356                      0.1                      0.1                      0.1
                    0.136      0.00130204182573897      0.00130204182573838     0.000501929292628972     0.000311070705137641     0.000311070705137491     0.000116504643707578         2.67298314267793        0.311784663647713        0.311784663647826        0.518121618282316                      0.1                      0.1                      0.1
                    0.137      0.00134556541871341      0.00134556541871382     0.000522932974331442     0.000325142650421951     0.000325142650422057     0.000122720156771868         2.63364257727919        0.310025096173147        0.310025096173068         0.51712843782948                      0.1                      0.1                      0.1
                    0.138      0.00139016754527291      0.00139016754527091     0.000544593619384656     0.000339707986907912     0.000339707986907393     0.000129194886705958         2.59444930871526        0.308224369737203        0.308224369737574        0.516113961753337                      0.1                      0.1                      0.1
                    0.139       0.0014358668226804      0.00143586682268039     0.000566925148036187     0.000354779323946942     0.000354779323946941     0.000135936656858187         2.55540508058283        0.306381659472975        0.306381659472976        0.515077950645534                      0.1                      0.1                      0.1
                     0.14      0.00148268205163043      0.00148268205162985     0.000589941645997479     0.000370369485869995     0.000370369485869841     0.000142953438284542         2.51651137378352        0.304496115509436        0.304496115509539        0.514020166069082                      0.1                      0.1                      0.1
                    0.141      0.00153063220834361      0.00153063220834358     0.000613657363162831     0.000386491512333942     0.000386491512333933     0.000150253350511095         2.47776938019254        0.302566862028932        0.302566862028938        0.512940370917253                      0.1                      0.1                      0.1
                    0.142      0.00157973643521291       0.0015797364352135      0.00063808671185514     0.000403158658188725     0.000403158658188887      0.00015784466215311         2.43918005872542        0.300592996299283         0.30059299629918        0.511838329822675                      0.1                      0.1                      0.1
                    0.143      0.00163001402956028      0.00163001402956008     0.000663244264488933     0.000420384392715576     0.000420384392715523     0.000165735791354844         2.40074404607129        0.298573587727699        0.298573587727732        0.510713809636124                      0.1                      0.1                      0.1
                    0.144       0.0016814844304606      0.00168148443046381      0.00068914475061064     0.000438182398186409     0.000438182398187302     0.000173935306029591         2.36246207791673        0.296507676908315        0.296507676907776        0.509566579968171                      0.1                      0.1                      0.1
                    0.145      0.00173416720321972      0.00173416720322321     0.000715803053187264     0.000456566567589169     0.000456566567590151     0.000182451923855789         2.32433421818041        0.294394274697077        0.294394274696501        0.508396413814216                      0.1                      0.1                      0.1
                    0.146       0.0017880820212569      0.00178808202125591     0.000743234204060776     0.000475551001399853      0.00047555100139957     0.000191294511994415         2.28636068176499        0.292232361314262        0.292232361314424        0.507203088264847                      0.1                      0.1                      0.1
                    0.147      0.00184324864498099      0.00184324864497758      0.00077145337842191     0.000495150003229076     0.000495150003228092     0.000200472086474465         2.24854142126894        0.290020885497775        0.290020885498324        0.505986385320321                      0.1                      0.1                      0.1
                    0.148      0.00189968689729471      0.00189968689728921     0.000800475888181618     0.000515378074173404     0.000515378074171803     0.000209993811196885         2.21087631042721        0.287758763717666        0.287758763718536        0.504746092816383                      0.1                      0.1                      0.1
                    0.149      0.00195741663519745      0.00195741663519252     0.000830317174072102     0.000536249905643708     0.000536249905642255     0.000219868996492426         2.17336504280738        0.285444879483691        0.285444879484462        0.503482005478704                      0.1                      0.1                      0.1
                     0.15      0.00201645771706451       0.0020164577170628     0.000860992796314801     0.000557780370460637      0.00055778037046013     0.000230107097166944         2.13600730133977        0.283078082754809        0.283078082755071         0.50219392611728                      0.1                      0.1                      0.1
                    0.151      0.00207682996468447      0.00207682996468542     0.000892518423568669     0.000579984511846508     0.000579984511846795     0.000240717709930399         2.09880267513644        0.280657189531021        0.280657189530877        0.500881667000671                      0.1                      0.1                      0.1
                    0.152      0.00213855311992482      0.00213855311993108     0.000924909820081017     0.000602877530158057     0.000602877530159962     0.000251710570157893          2.0617507726221        0.278180981578747        0.278180981577807        0.499545051388582                      0.1                      0.1                      0.1
                    0.153      0.00220164679442868      0.00220164679443134     0.000958182830556383     0.000626474766748871     0.000626474766749689     0.000263095547815789         2.02485119452322        0.275648206460922        0.275648206460528        0.498183915303597                      0.1                      0.1                      0.1
                    0.154      0.00226613041239877      0.00226613041239282     0.000992353362892979     0.000650791684821205     0.000650791684819357     0.000274882642491279         1.98810361548114        0.273057577782161        0.273057577783032        0.496798109508947                      0.1                      0.1                      0.1
                    0.155       0.0023320231443006      0.00233202314430202      0.00102743736684244     0.000675843846427815     0.000675843846428263     0.000287081977317385         1.95150780460671        0.270407775888845        0.270407775888638         0.49538750178232                      0.1                      0.1                      0.1
                    0.156      0.00239934383176829      0.00239934383177034      0.00106345081178984     0.000701646885418488     0.000701646885419139      0.00029970379168497         1.91506371414164        0.267697448928897        0.267697448928603        0.493951979469502                      0.1                      0.1                      0.1
                    0.157      0.00246811089973289      0.00246811089973528      0.00110040965854483     0.000728216475360056     0.000728216475360824     0.000312758432515471         1.87877154833272        0.264925214523028        0.264925214522688        0.492491452390185                      0.1                      0.1                      0.1
                    0.158      0.00253834225891581      0.00253834225891842      0.00113832982805726     0.000755568291867119     0.000755568291867965     0.000326256343892872         1.84263163710677        0.262089662075017        0.262089662074651        0.491005856126386                      0.1                      0.1                      0.1
                    0.159      0.00261005519145059      0.00261005519144039      0.00117722716512748     0.000783717968444776     0.000783717968441436     0.000340208054809394         1.80664485159426         0.25918935588227        0.259189355883689        0.489495155741719                      0.1                      0.1                      0.1
                     0.16      0.00268326622135322      0.00268326622135511      0.00121711739662355     0.000812681044731617     0.000812681044732241      0.00035462416472962         1.77081233946527        0.256222839269387        0.256222839269127        0.487959349995971                      0.1                      0.1                      0.1
                    0.161      0.00275799096682609      0.00275799096682945      0.00125801608353206     0.000842472906271173     0.000842472906272294     0.000369515326675103         1.73513571707884        0.253188639836941        0.253188639836482        0.486398476098696                      0.1                      0.1                      0.1
                    0.162      0.00283424397123414      0.00283424397122256      0.00129993856588875     0.000873108714210407     0.000873108714206498     0.000384892227433081         1.69961769834434        0.250085276202821        0.250085276204392        0.484812615091783                      0.1                      0.1                      0.1
                    0.163      0.00291203851082735      0.00291203851082762       0.0013428998997263      0.00090460332373538     0.000904603323735473     0.000400765564501816         1.66426111635645        0.246911266409229        0.246911266409192        0.483201897916287                      0.1                      0.1                      0.1
                    0.164      0.00299138637591418      0.00299138637590613      0.00138691478501235     0.000936971189520386     0.000936971189517618     0.000417146019317593         1.62906994074552        0.243665138371828        0.243665138372903        0.481566512238933                      0.1                      0.1                      0.1
                    0.165      0.00307229762190444       0.0030722976218937      0.00143199748327176     0.000970226256265852     0.000970226256262119     0.000434044226201201          1.5940490501609        0.240345442804682        0.240345442806108        0.479906710151553                      0.1                      0.1                      0.1
                    0.166      0.00315478028753417      0.00315478028753642      0.00147816172387862      0.00100438183260253      0.00100438183260332     0.000451470736527702         1.55920467056008        0.236950768967352        0.236950768967054        0.478222816783834                      0.1                      0.1                      0.1
                    0.167       0.0032388400750815      0.00323884007508669        0.001525420790479      0.00103945044566243      0.00103945044566427     0.000469435977393727         1.52454388153661        0.233479763961854        0.233479763961171        0.476515239980382                      0.1                      0.1                      0.1
                    0.168      0.00332447999031772       0.0033244799903348      0.00157378643446773      0.00107544367450662      0.00107544367451273      0.00048795020420641         1.49007589242481        0.229931155980441        0.229931155978206        0.474784481068602                      0.1                      0.1                      0.1
                    0.169      0.00341169993772847      0.00341169993771821      0.00162327066993127      0.00111237195971933      0.00111237195971562     0.000507023446469352         1.45581118371067        0.226303782290331        0.226303782291669          0.4730311468078                      0.1                      0.1                      0.1
                     0.17      0.00350049626588212      0.00350049626589153      0.00167388368830371      0.00115024438609253      0.00115024438609596     0.000526665445885121          1.4217623183124        0.222596622940867        0.222596622939643        0.471255962662444                      0.1                      0.1                      0.1
                    0.171      0.00359086126254183      0.00359086126254952      0.00172563465199379      0.00118906843689846      0.00118906843690129     0.000546885586280406         1.38794411536189         0.21880884071611        0.218808840715111        0.469459787309925                      0.1                      0.1                      0.1
                    0.172      0.00368278259617148      0.00368278259617193      0.00177853130971714      0.00122884971711859      0.00122884971711876     0.000567692814603118         1.35437371517684        0.214939828441242        0.214939828441185        0.467643628430915                      0.1                      0.1                      0.1
                    0.173      0.00377624270155171      0.00377624270156008      0.00183257978432581      0.00126959164328451      0.00126959164328766     0.000589095552273425         1.32107104710292        0.210989264854944        0.210989264853859        0.465808659800833                      0.1                      0.1                      0.1
                    0.174      0.00387121838558423      0.00387121838558423      0.00188778439199938      0.00131129520297678      0.00131129520297678     0.000611101613907562         1.28805894104936        0.206957144506255        0.206957144506255        0.463956231481504                      0.1                      0.1                      0.1
                    0.175      0.00396767905907231      0.00396767905907231      0.00194414719185545      0.00135395817958584      0.00135395817958584     0.000633718032751092          1.2553637159505        0.202843989708833        0.202843989708833        0.462087919695935                      0.1                      0.1                      0.1
                    0.176      0.00406558906876569       0.0040655890687657      0.00200166800899402      0.00139757532568347      0.00139757532568347      0.00065695103992712         1.22301412779078        0.198650737468434        0.198650737468433        0.460205500657435                      0.1                      0.1                      0.1
                    0.177      0.00416489821444101      0.00416489821444101      0.00206034396492172      0.00144213755470211      0.00144213755470211     0.000680805876022023         1.19104632851561         0.19437896648933         0.19437896648933        0.458310999270309                      0.1                      0.1                      0.1
                    0.178      0.00426555664964628      0.00426555664964626      0.00212016923764289      0.00148763158387728      0.00148763158387727     0.000705286674807101         1.15949485707361        0.190030974305487         0.19003097430549        0.456406699719071                      0.1                      0.1                      0.1
                    0.179      0.00436749872902783      0.00436749872902782      0.00218113478007499      0.00153403948369593      0.00153403948369592     0.000730396329174024         1.12840198814282        0.185609895907029        0.185609895907031        0.454495160955883                      0.1                      0.1                      0.1
                     0.18      0.00447065007849616      0.00447065007849618      0.00224322805681992      0.00158133824533823      0.00158133824533824     0.000756136359550794          1.0978128615086        0.181119830010332         0.18111983001033        0.452579228256181                      0.1                      0.1                      0.1
                    0.181       0.0045749255580611      0.00457492555806112      0.00230643281765172      0.00162949939334036      0.00162949939334037     0.000782506791628806         1.06777641491739        0.176565969020456        0.176565969020454        0.450662038900109                      0.1                      0.1                      0.1
                    0.182      0.00468022898988324      0.00468022898988325      0.00237072893213384      0.00167848867856623      0.00167848867856624     0.000809506052285824         1.03834487882999        0.171954726682227        0.171954726682225        0.448747019669624                      0.1                      0.1                      0.1
                    0.183      0.00478645319757123      0.00478645319757123      0.00243609230530339      0.00172826589439729      0.00172826589439729     0.000837130894668748         1.00957294714595        0.167293855001398        0.167293855001398         0.44683787356054                      0.1                      0.1                      0.1
                    0.184      0.00489348045410752      0.00489348045410752      0.00250249492484022      0.00177878486560459      0.00177878486560459     0.000865376365203865        0.981516958130677        0.162592539406092        0.162592539406092        0.444938552984768                      0.1                      0.1                      0.1
                    0.185      0.00500118343677497      0.00500118343677497      0.00256990504670105      0.00182999366285926      0.00182999366285926      0.00089423582638663         0.95423367670013        0.157861458640746        0.157861458640746         0.44305321689675                      0.1                      0.1                      0.1
                    0.186      0.00510942677752697      0.00510942677752697      0.00263828756852934      0.00188183509400718      0.00188183509400718     0.000923701049001646        0.927778278542463        0.153112794051049        0.153112794051049        0.441186169847366                      0.1                      0.1                      0.1
                    0.187      0.00521806925848991       0.0052180692584899      0.00270760460625947      0.00193424751363952      0.00193424751363952     0.000953762385315505        0.902202901503989        0.148360172416866        0.148360172416867        0.439341782062183                      0.1                      0.1                      0.1
                    0.188      0.00532696668557786      0.00532696668557788       0.0027778162847697      0.00198716597313848      0.00198716597313849     0.000984409030244467        0.877554308822831        0.143618528089727        0.143618528089724        0.437524391312861                      0.1                      0.1                      0.1
                    0.189       0.0054359753529547       0.0054359753529547      0.00284888173248407      0.00204052370357224      0.00204052370357223      0.00101562937030662        0.853871518498229        0.138903874568568        0.138903874568569        0.435738189543243                      0.1                      0.1                      0.1
                     0.19      0.00554495598135204      0.00554495598135205       0.0029207602450902      0.00209425388513789       0.0020942538851379      0.00104741141065394         0.83118387517915        0.134232983116271         0.13423298311627        0.433987099708155                      0.1                      0.1                      0.1
                    0.191      0.00565377789656855      0.00565377789656854      0.00299341255692261      0.00214829161390176      0.00214829161390175       0.0010797432597165        0.809509591205608        0.129622976219233        0.129622976219235        0.432274650687987                      0.1                      0.1                      0.1
                    0.192      0.00576232289876135      0.00576232289874786      0.00306680210993769      0.00220257582401885      0.00220257582401287      0.00111261363134317        0.788854283293504        0.125090895965307        0.125090895967457        0.430603862803462                      0.1                      0.1                      0.1
                    0.193      0.00587049006200571      0.00587049006201091         0.00314089637737      0.00225705170663573      0.00225705170663805      0.00114601238576017        0.769209261707034        0.120653027715813        0.120653027714965        0.428977136079953                      0.1                      0.1                      0.1
                    0.194       0.0059781970720536      0.00597819707205464      0.00321566772650684      0.00231167166473786      0.00231167166473833      0.00117993091264323        0.750553534019298        0.116324661329336        0.116324661329163        0.427396198392464                      0.1                      0.1                      0.1
                    0.195      0.00608538342428532      0.00608538342427267      0.00329109431585105       0.0023663971286687      0.00236639712866297      0.00121436253807968        0.732854595299449        0.112119449772016        0.112119449774185        0.425862053224761                      0.1                      0.1                      0.1
                    0.196      0.00619201099743616      0.00619201099743616      0.00336716050303532      0.00242119922261963      0.00242119922261963      0.00124930275544221        0.716069226572457        0.108049082518662        0.108049082518662        0.424374983318389                      0.1                      0.1                      0.1
                    0.197      0.00629806375763173       0.0062980637576207      0.00344385694565303       0.0024760590230998      0.00247605902309474      0.00128474933911764        0.700144824862521        0.104123023396438        0.104123023398431        0.422934586625292                      0.1                      0.1                      0.1
                    0.198      0.00640354638691794      0.00640354638690237      0.00352118037236455      0.00253096729446912      0.00253096729446192      0.00132070233036155        0.685024732345751          0.1003483750728         0.10034837507569        0.421539843369328                      0.1                      0.1                      0.1
                    0.199      0.00650848205214934      0.00650848205214873      0.00359913307949009      0.00258592377514561      0.00258592377514532      0.00135716390922344        0.670648652528655       0.0967298701286924       0.0967298701288079         0.42018920624559                      0.1                      0.1                      0.1
                      0.2      0.00661290958550638      0.00661290958550679      0.00367772222759822      0.00264093612818042      0.00264093612818061      0.00139413818076952        0.656955493426353       0.0932699745341842       0.0932699745341034        0.418880704210376                      0.1                      0.1                      0.1
                    0.201      0.00671688036785872      0.00671688036784952      0.00375695901996417      0.00269601868167625      0.00269601868167192       0.0014316309019326        0.643885158040739       0.0899690806441843       0.0899690806460365        0.417612050556957                      0.1                      0.1                      0.1
                    0.202       0.0068204551802449      0.00682045518024225      0.00383685784111035      0.00275119108854287      0.00275119108854162      0.00146964918096438        0.631380725800774       0.0868257617043881       0.0868257617049385        0.416380747210346                      0.1                      0.1                      0.1
                    0.203      0.00692370123421191      0.00692370123420568      0.00391743541993381      0.00280647700469828      0.00280647700469531      0.00150820117434795        0.619388510504464       0.0838370600263596       0.0838370600276842        0.415184179263969                      0.1                      0.1                      0.1
                    0.204      0.00702668952727457      0.00702668952727594      0.00399871006464218      0.00286190286852356      0.00286190286852422      0.00154729580108639         0.60785951642302       0.0809987840494302       0.0809987840491298        0.414019695995923                      0.1                      0.1                      0.1
                    0.205      0.00712949260434898        0.007129492604351      0.00408070099802376      0.00291749682965037      0.00291749682965135      0.00158694248735882        0.596749626928965       0.0783057949281314       0.0783057949276772        0.412884676727715                      0.1                      0.1                      0.1
                    0.206      0.00723218275178422      0.00723218275178446      0.00416342780592609      0.00297328785141967      0.00297328785141979      0.00162715094858341        0.586019279991441       0.0757522690917774       0.0757522690917212        0.411776581509465                      0.1                      0.1                      0.1
                    0.207      0.00733483060983643      0.00733483060983643      0.00424690999916061      0.00302930499075569      0.00302930499075569      0.00166793101088957        0.575633713359913       0.0733319287862146       0.0733319287862145        0.410692987797512                      0.1                      0.1                      0.1
                    0.208      0.00743750416331183       0.0074375041633109      0.00433116668089079      0.00308557684513064      0.00308557684513018      0.00170929247057689        0.565562470275191       0.0710382371721273       0.0710382371723532        0.409631614939478                      0.1                      0.1                      0.1
                    0.209      0.00754026805634342      0.00754026805634263      0.00441621630658807      0.00314213114786091      0.00314213114786052      0.00175124498788431        0.555779095249058       0.0688645579665536       0.0688645579667506        0.408590338577985                      0.1                      0.1                      0.1
                     0.21      0.00764318317291532      0.00764318317291526       0.0045020765216768      0.00319899448907635      0.00319899448907632      0.00179379801031003        0.546260252889671       0.0668042818982885       0.0668042818983043        0.407567197079403                      0.1                      0.1                      0.1
                    0.211       0.0077463064268916      0.00774630642689214      0.00458876406193228      0.00325619213912542      0.00325619213912568      0.00183696072041087        0.536986275472144       0.0648509235370008       0.0648509235368611         0.40656039191966                      0.1                      0.1                      0.1
                    0.212      0.00784969071082528      0.00784969071082581      0.00467629470273178      0.00331374795250294      0.00331374795250321      0.00188074200316735        0.527939763500551       0.0629981926970491       0.0629981926969069        0.405568283704978                      0.1                      0.1                      0.1
                    0.213      0.00795338496052398      0.00795338496052424      0.00476468324515668      0.00337168433306171      0.00337168433306184      0.00192515042855222        0.519105813036445       0.0612400446356951        0.061240044635623         0.40458938519891                      0.1                      0.1                      0.1
                    0.214       0.0080574343000251      0.00805743430002517      0.00485394352879978      0.00343002224420121      0.00343002224420125       0.0019701942455159        0.510471539467328       0.0595707130600715       0.0595707130600499        0.403622352453374                      0.1                      0.1                      0.1
                    0.215      0.00816188023907735      0.00816188023907735      0.00494408846318007      0.00348878125077852      0.00348878125077853       0.0020158813843007        0.502025645986574       0.0579847295213777       0.0579847295213771        0.402665974875695                      0.1                      0.1                      0.1
                    0.216      0.00826676090233156      0.00826676090233156      0.00503513007155885      0.00354797958257086      0.00354797958257086      0.00206221946466933        0.493758348635476       0.0564769321030607       0.0564769321030607        0.401719164835115                      0.1                      0.1                      0.1
                    0.217       0.0083721112702504      0.00837211127025041      0.00512707954095791      0.00360763420918214      0.00360763420918214      0.00210921580752902        0.485661061262731          0.0550424671657       0.0550424671656981        0.400780947368148                      0.1                      0.1                      0.1
                    0.218      0.00847796343229673       0.0084779634322967      0.00521994727879814      0.00366776092644966      0.00366776092644965       0.0021568774502081        0.477726244057994       0.0536767827307372       0.0536767827307455        0.399850449929653                      0.1                      0.1                      0.1
                    0.219      0.00858434682428273      0.00858434682428272      0.00531374296682332      0.00372837443978119      0.00372837443978118      0.00220521116138236        0.469947175579926       0.0523756210614374       0.0523756210614381        0.398926892978329                      0.1                      0.1                      0.1
                     0.22      0.00869128846462683      0.00869128846462686      0.00540847561720744      0.00378948845144969      0.00378948845144971      0.00225422345774895         0.46231792750265       0.0511350058979599       0.0511350058979503        0.398009580920132                      0.1                      0.1                      0.1
                    0.221      0.00879881317411713      0.00879881317411725      0.00550415362558011      0.00385111574361141      0.00385111574361147       0.0023039206201403        0.454833171474699       0.0499512288969442       0.0499512288969062        0.397097893824482                      0.1                      0.1                      0.1
                    0.222      0.00890694378133034      0.00890694378133015       0.0056007848215381      0.00391326825768725      0.00391326825768715      0.00235430870927213        0.447488113847647       0.0488208348829365       0.0488208348829978        0.396191279812804                      0.1                      0.1                      0.1
                    0.223      0.00901570131233586       0.0090157013123359      0.00569837651600238      0.00397595716899119      0.00397595716899121      0.00240539358079168        0.440278379011961        0.047740606656781       0.0477406066567689        0.395289248126955                      0.1                      0.1                      0.1
                    0.224      0.00912510516457184      0.00912510516457184      0.00579693554520035      0.00403919295615571      0.00403919295615571      0.00245718089947132        0.433200003528509       0.0467075497984831       0.0467075497984831        0.394391362850806                      0.1                      0.1                      0.1
                    0.225      0.00923517326533954      0.00923517326533945      0.00589646831123824      0.00410298546522453      0.00410298546522448      0.00250967615247375        0.426249337067119       0.0457188777585443       0.0457188777585771        0.393497237245665                      0.1                      0.1                      0.1
                    0.226      0.00934592221562284      0.00934592221562291      0.00599698081931946      0.00416734396845087      0.00416734396845091      0.00256288466165636        0.419423004434066       0.0447719974556708       0.0447719974556455        0.392606528656116                      0.1                      0.1                      0.1
                    0.227      0.00945736742015672      0.00945736742015663      0.00609847871175493      0.00423227721798695       0.0042322772179869      0.00261681159492578        0.412717867509979        0.043864495517173       0.0438644955172072        0.391718933938967                      0.1                      0.1                      0.1
                    0.228      0.00956952320476058      0.00956952320476077      0.00620096729895069      0.00429779349473048      0.00429779349473058       0.0026714619766743        0.406130995568039       0.0429941252453956       0.0429941252453235        0.390834185368421                      0.1                      0.1                      0.1
                    0.229      0.00968240292197253      0.00968240292197253      0.00630445158757825      0.00436390065263609      0.00436390065263609      0.00272684069734356        0.399659630164231       0.0421587943574079       0.0421587943574086        0.389952046972377                      0.1                      0.1                      0.1
                     0.23      0.00979601904602538      0.00979601904602531      0.00640893630615143      0.00443060615883021      0.00443060615883017      0.00278295252217314        0.393301179916814       0.0413565535104166       0.0413565535104437        0.389072311256558                      0.1                      0.1                      0.1
                    0.231      0.00991038325814816      0.00991038325814811      0.00651442592822515      0.00449791712986412      0.00449791712986409      0.00283980209919212        0.387053157610531       0.0405855856106434       0.0405855856106614        0.388194796276781                      0.1                      0.1                      0.1
                    0.232       0.0100255065231429       0.0100255065231429      0.00662092469343243      0.00456584036444527      0.00456584036444527      0.00289739396651639        0.380913230706391       0.0398441958807774       0.0398441958807743        0.387319343022389                      0.1                      0.1                      0.1
                    0.233       0.0101413991580991       0.0101413991580991       0.0067284366265585      0.00463438237296166      0.00463438237296169      0.00295573255901027        0.374879155472424       0.0391308026591376       0.0391308026591198        0.386445813077627                      0.1                      0.1                      0.1
                    0.234       0.0102580708940492       0.0102580708940493      0.00683696555484444      0.00470354940410143      0.00470354940410147      0.00301482221437158        0.368948783210382       0.0384439288935102       0.0384439288934777         0.38557408653048                      0.1                      0.1                      0.1
                    0.235       0.0103755309313031       0.0103755309313031      0.00694651512369197      0.00477334746885082      0.00477334746885084      0.00307466717869323        0.363120052184993       0.0377821942873964       0.0377821942873761        0.384704060102049                      0.1                      0.1                      0.1
                    0.236       0.0104937879891153       0.0104937879891152      0.00705708881093144      0.00484378236212428      0.00484378236212427      0.00313527161155278        0.357390961657752       0.0371443080604068       0.0371443080604139        0.383835645471996                      0.1                      0.1                      0.1
                    0.237       0.0106128503502929       0.0106128503502929       0.0071686899398008      0.00491485968226757      0.00491485968226756      0.00319663959067771        0.351759596367293        0.036529062277449        0.036529062277456        0.382968767778208                      0.1                      0.1                      0.1
                    0.238       0.0107327259012745       0.0107327259012746      0.00728132169076128      0.00498658484864449      0.00498658484864453      0.00325877511622625         0.34622409533527       0.0359353257086961       0.0359353257086658        0.382103364271843                      0.1                      0.1                      0.1
                    0.239       0.0108534221681697       0.0108534221681698      0.00739498711227839      0.00505896311750658      0.00505896311750661      0.00332168211472717         0.34078264764443       0.0353620381771954       0.0353620381771724        0.381239383109906                      0.1                      0.1                      0.1
                     0.24       0.0109749463491834       0.0109749463491834      0.00750968913066603       0.0051319995963167      0.00513199959631669      0.00338536444270941        0.335433509552658       0.0348082053596408       0.0348082053596477        0.380376782270822                      0.1                      0.1                      0.1
                    0.241       0.0110973053438147       0.0110973053438148      0.00762543055909668      0.00520569925668828      0.00520569925668834      0.00344982589005683        0.330174969220683        0.034272894001831       0.0342728940017786        0.379515528578991                      0.1                      0.1                      0.1
                    0.242       0.0112205057791726       0.0112205057791726      0.00774221410586002      0.00528006694608057      0.00528006694608057      0.00351507018311495        0.325005356899246       0.0337552275164701       0.0337552275164702        0.378655596826674                      0.1                      0.1                      0.1
                    0.243       0.0113445540337112       0.0113445540337111      0.00786004238194866      0.00535510739837686      0.00535510739837681      0.00358110098757626        0.319923069970637       0.0332543819324582        0.033254381932493        0.377796968982468                      0.1                      0.1                      0.1
                    0.244        0.011469456258662        0.011469456258662      0.00797891790803877      0.00543082524346136      0.00543082524346133      0.00364792191116688        0.314926508151653       0.0327695821653185       0.0327695821653384         0.37693963347709                      0.1                      0.1                      0.1
                    0.245       0.0115952183974001       0.0115952183974002      0.00809884312092382      0.00550722501589531      0.00550722501589538      0.00371553650615368        0.310014146421995       0.0323000985832406       0.0323000985831841        0.376083584558361                      0.1                      0.1                      0.1
                    0.246       0.0117218462029632       0.0117218462029632      0.00821982037946461      0.00558431116278409      0.00558431116278408       0.0037839482716945        0.305184456235651       0.0318452438437545       0.0318452438437623        0.375228821707455                      0.1                      0.1                      0.1
                    0.247       0.0118493452539151       0.0118493452539151      0.00834185197009323      0.00566208805091786      0.00566208805091788      0.00385316065604258        0.300435979412785       0.0314043699775984       0.0314043699775783         0.37437534911067                      0.1                      0.1                      0.1
                    0.248       0.0119777209687218       0.0119777209687218      0.00846494011192251      0.00574055997325703      0.00574055997325702      0.00392317705862374        0.295767254527851       0.0309768657004396        0.030976865700446        0.373523175180374                      0.1                      0.1                      0.1
                    0.249       0.0121069786187963       0.0121069786187963      0.00858908696149392      0.00581973115482958      0.00581973115482959      0.00399400083199684        0.291176881190309        0.030562153932031        0.030562153932022        0.372672312120405                      0.1                      0.1                      0.1
                     0.25       0.0122371233403444       0.0122371233403444      0.00871429461720367      0.00589960575809782      0.00589960575809785      0.00406563528371151         0.28666346057311       0.0301596895059464       0.0301596895059212        0.371822775531005                      0.1                      0.1                      0.1
                    0.251        0.012368160145133        0.012368160145133      0.00884056512343251      0.00598018788784644      0.00598018788784643      0.00413808367807104        0.282225644942249       0.0297689570543618       0.0297689570543701        0.370974584049619                      0.1                      0.1                      0.1
                    0.252         0.01250009393029       0.0125000939302901      0.00896790047440767      0.00606148159563961      0.00606148159563964      0.00421134923781022        0.277862095009152       0.0293894690525493       0.0293894690525261        0.370127759023882                      0.1                      0.1                      0.1
                    0.253       0.0126329294872302       0.0126329294872301      0.00909630261782673      0.00614349088388808      0.00614349088388806      0.00428543514569881        0.273571512263417       0.0290207640104206        0.029020764010436         0.36928232421324                      0.1                      0.1                      0.1
                    0.254        0.012766671509794        0.012766671509794      0.00922577345825403      0.00622621970956452      0.00622621970956454      0.00436034454607252         0.26935261153422        0.028662404798537       0.0286624047985167        0.368438305517124                      0.1                      0.1                      0.1
                    0.255       0.0129013246016967       0.0129013246016967      0.00935631486032851      0.00630967198761216      0.00630967198761216      0.00443608054630748        0.265204135476378       0.0283139770872016       0.0283139770872017        0.367595730725815                      0.1                      0.1                      0.1
                    0.256       0.0130368806393121       0.0130368806393121      0.00948792865173478      0.00639385159399247      0.00639385159399247      0.00451264621821102        0.261125361815294       0.0279750879638496       0.0279750879638487         0.36675462929612                      0.1                      0.1                      0.1
                    0.257       0.0131733819975696       0.0131733819975696      0.00962061662613331      0.00647876236865367      0.00647876236865366      0.00459004461692706        0.257113560418169       0.0276453644924152       0.0276453644924199        0.365915032137845                      0.1                      0.1                      0.1
                    0.258       0.0133107951164643       0.0133107951164643      0.00975438058511716      0.00656440811801948      0.00656440811801949      0.00466827871283048        0.253169062428039       0.0273244525850604       0.0273244525850566        0.365076971429345                      0.1                      0.1                      0.1
                    0.259       0.0134491369453242       0.0134491369453242      0.00988922218450334      0.00665079263673996      0.00665079263673998      0.00474735149586059        0.249290193493203       0.0270120157996604       0.0270120157996373        0.364240480439966                      0.1                      0.1                      0.1
                     0.26       0.0135884117709264       0.0135884117709263       0.0100251431693458      0.00673791963326976      0.00673791963326975      0.00482726590876067         0.24547580804263       0.0267077342835635         0.02670773428358        0.363405593370835                      0.1                      0.1                      0.1
                    0.261       0.0137286236953285       0.0137286236953285       0.0101621451802442      0.00682579284586984      0.00682579284586984      0.00490802486507861        0.241724791023272       0.0264113037814247       0.0264113037814242        0.362572345208034                      0.1                      0.1                      0.1
                    0.262       0.0138697768939723       0.0138697768939722       0.0103002299619319      0.00691441596914874      0.00691441596914872      0.00498963123034943         0.23803603314591       0.0261224347112202       0.0261224347112343        0.361740771587835                      0.1                      0.1                      0.1
                    0.263       0.0140118754061239       0.0140118754061239        0.010439399113974      0.00700379267442932      0.00700379267442934       0.0050720879028663         0.23440845014947       0.0258408513048563       0.0258408513048466        0.360910908672712                      0.1                      0.1                      0.1
                    0.264        0.014154923359887        0.014154923359887       0.0105796542594689       0.0070939265900553      0.00709392659005528      0.00515539769576448        0.230840976266833       0.0255662908063563       0.0255662908063724        0.360082793037648                      0.1                      0.1                      0.1
                    0.265       0.0142989247062359       0.0142989247062359       0.0107209970054915      0.00718482138784727      0.00718482138784726      0.00523956341705328         0.22733257128625       0.0252985027249461       0.0252985027249569         0.35925646156538                      0.1                      0.1                      0.1
                    0.266       0.0144438834006997       0.0144438834006997       0.0108634289448899      0.00727648065720572      0.00727648065720572      0.00532458785101583        0.223882205830301       0.0250372481376449       0.0250372481376417        0.358431951350203                      0.1                      0.1                      0.1
                    0.267       0.0145898033615179       0.0145898033615179       0.0110069516580043      0.00736890799093622      0.00736890799093622      0.00541047375922142        0.220488872652969       0.0247822990383536       0.0247822990383465        0.357609299609244                      0.1                      0.1                      0.1
                    0.268        0.014736688472105        0.014736688472105       0.0111515667143021      0.00746210696532923      0.00746210696532923      0.00549722388150913         0.21715157986481       0.0245334377296444       0.0245334377296398        0.356788543601378                      0.1                      0.1                      0.1
                    0.269       0.0148845425833285       0.0148845425833285       0.0112972756739542      0.00755608114122302      0.00755608114122302      0.00558484093695529        0.213869352976321       0.0242904562540394       0.0242904562540422        0.355969720551797                      0.1                      0.1                      0.1
                     0.27       0.0150333695156163       0.0150333695156163       0.0114440800893299      0.00765083406498797      0.00765083406498798      0.00567332762481179        0.210641236034918       0.0240531558620659       0.0240531558620587        0.355152867583431                      0.1                      0.1                      0.1
                    0.271       0.0151831730609066       0.0151831730609066       0.0115919815064365      0.00774636926943869       0.0077463692694387      0.00576268662542733        0.207466294612049        0.023821346514354       0.0238213465143448        0.354338021653387                      0.1                      0.1                      0.1
                    0.272       0.0153339569844557       0.0153339569844557       0.0117409814662915      0.00784269027468039       0.0078426902746804      0.00585292060114521        0.204343608445337       0.0235948464150739        0.023594846415061        0.353525219494826                      0.1                      0.1                      0.1
                    0.273       0.0154857250265132       0.0154857250265132       0.0118910815062427      0.00793980058889402      0.00793980058889403      0.00594403219718404        0.201272262168931       0.0233734815749536       0.0233734815749461        0.352714497563236                      0.1                      0.1                      0.1
                    0.274       0.0156384809038767       0.0156384809038767       0.0120422831612258       0.0080377037090662       0.0080377037090662      0.00603602404249543        0.198251366342407       0.0231570854009749       0.0231570854009777        0.351905891987486                      0.1                      0.1                      0.1
                    0.275       0.0157922283113351       0.0157922283113351       0.0121945879649733      0.00813640312166703      0.00813640312166703      0.00612889875060514        0.195280063027511       0.0229454983119891        0.022945498311989        0.351099438524665                      0.1                      0.1                      0.1
                    0.276       0.0159469709230105       0.0159469709230105       0.0123479974511705      0.00823590230328121      0.00823590230328121      0.00622265892043445        0.192357474039038       0.0227385673772456       0.0227385673772451        0.350295172518811                      0.1                      0.1                      0.1
                    0.277       0.0161027123936049       0.0161027123936049       0.0125025131545621      0.00833620472119523      0.00833620472119523      0.00631730713710336        0.189482753833218        0.022536145977044       0.0225361459770386        0.349493128863142                      0.1                      0.1                      0.1
                    0.278       0.0162594563595614       0.0162594563595614       0.0126581366120134       0.0084373138339444      0.00843731383394439      0.00641284597271627        0.186655092999133        0.022338093483786        0.022338093483791        0.348693341965492                      0.1                      0.1                      0.1
                    0.279       0.0164172064401449       0.0164172064401449       0.0128148693635248      0.00853923309182286      0.00853923309182286      0.00650927798712981        0.183873669145119       0.0221442749617893       0.0221442749617894        0.347895845716806                      0.1                      0.1                      0.1
                     0.28       0.0165759662384493       0.0165759662384493       0.0129727129531996      0.00864196593735919      0.00864196593735919      0.00660660572870126        0.181137675345954       0.0219545608849778       0.0219545608849746        0.347100673462668                      0.1                      0.1                      0.1
                    0.281       0.0167357393423364       0.0167357393423364       0.0131316689301766       0.0087455158057604      0.00874551580576041      0.00670483173502371        0.178446332184377       0.0217688268709435        0.021768826870939        0.346307857977045                      0.1                      0.1                      0.1
                    0.282       0.0168965293253127       0.0168965293253127       0.0132917388495139      0.00884988612532669      0.00884988612532669      0.00680395853364002        0.175798865985377       0.0215869534303712       0.0215869534303664        0.345517431438934                      0.1                      0.1                      0.1
                    0.283       0.0170583397473472       0.0170583397473472       0.0134529242730386      0.00895508031783887      0.00895508031783887      0.00690398864274236        0.173194525546568       0.0214088257310169       0.0214088257310091        0.344729425411052                      0.1                      0.1                      0.1
                    0.284       0.0172211741556361       0.0172211741556361       0.0136152267701554      0.00906110179892092      0.00906110179892093      0.00700492457185408        0.170632557056244       0.0212343333748594        0.021234333374856        0.343943870820778                      0.1                      0.1                      0.1
                    0.285       0.0173850360853171       0.0173850360853171       0.0137786479186199      0.00916795397837908      0.00916795397837908      0.00710676882249561        0.168112221294175       0.0210633701880465       0.0210633701880463        0.343160797943041                      0.1                      0.1                      0.1
                    0.286       0.0175499290601383       0.0175499290601383       0.0139431893052734      0.00927564026051945      0.00927564026051945      0.00720952388883269        0.165632809727727       0.0208958340223589       0.0208958340223601        0.342380236385226                      0.1                      0.1                      0.1
                    0.287       0.0177158565930837       0.0177158565930837       0.0141088525267443      0.00938416404444549      0.00938416404444549      0.00731319225830901        0.163193615754699       0.0207316265679126       0.0207316265679095        0.341602215073766                      0.1                      0.1                      0.1
                    0.288       0.0178828221869594       0.0178828221869594        0.014275639190117      0.00949352872433686      0.00949352872433686       0.0074177764122636        0.160793946506599       0.0205706531759661       0.0205706531759652        0.340826762242293                      0.1                      0.1                      0.1
                    0.289       0.0180508293349427       0.0180508293349427       0.0144435509135645      0.00960373768971116      0.00960373768971116      0.00752327882653006        0.158433130387092       0.0204128226914521       0.0204128226914524        0.340053905421555                      0.1                      0.1                      0.1
                     0.29       0.0182198815210972       0.0182198815210972       0.0146125893269508       0.0097147943256693       0.0097147943256693       0.0076297019720209        0.156110475536009       0.0202580472945599       0.0202580472945626         0.33928367143068                      0.1                      0.1                      0.1
                    0.291       0.0183899822208558       0.0183899822208558       0.0147827560724018      0.00982670201312614      0.00982670201312614      0.00773704831529613        0.153825332008282       0.0201062423508278       0.0201062423508305        0.338516086369792                      0.1                      0.1                      0.1
                    0.292       0.0185611349014745       0.0185611349014745        0.014954052804848      0.00993946412902709      0.00993946412902709      0.00784532031911648        0.151577062731618       0.0199573262691035       0.0199573262691008        0.337751175613883                      0.1                      0.1                      0.1
                    0.293       0.0187333430224582       0.0187333430224582       0.0151264811925314       0.0100530840465517       0.0100530840465517      0.00795452044297851         0.14936502979104       0.0198112203671088       0.0198112203671148        0.336988963808129                      0.1                      0.1                      0.1
                    0.294       0.0189066100359614       0.0189066100359614       0.0153000429174943       0.0101675651353052       0.0101675651353052       0.0080646511436389        0.147188613533905       0.0196678487439435       0.0196678487439458        0.336229474863882                      0.1                      0.1                      0.1
                    0.295       0.0190809393871643       0.0190809393871643       0.0154747396760272       0.0102829107614989       0.0102829107614989      0.00817571487561733        0.145047197388021       0.0195271381592305       0.0195271381592289        0.335472731956316                      0.1                      0.1                      0.1
                    0.296        0.019256334514627        0.019256334514627       0.0156505731791022       0.0103991242881195       0.0103991242881195      0.00828771409168986        0.142940170287887       0.0193890179184669       0.0193890179184677        0.334718757522506                      0.1                      0.1                      0.1
                    0.297        0.019432798850623        0.019432798850623       0.0158275451527727       0.0105162090750895       0.0105162090750895      0.00840065124336413         0.14086695479746       0.0192534197642346       0.0192534197642339        0.333967573260758                      0.1                      0.1                      0.1
                    0.298       0.0196103358214532       0.0196103358214532       0.0160056573385469       0.0106341684794173       0.0106341684794173      0.00851452878133844        0.138826959553018       0.0191202777729071        0.019120277772908        0.333219200130914                      0.1                      0.1                      0.1
                    0.299       0.0197889488477414       0.0197889488477414       0.0161849114937416       0.0107530058553398       0.0107530058553398      0.00862934915594958        0.136819623788585       0.0189895282565041       0.0189895282565049        0.332473658355151                      0.1                      0.1                      0.1
                      0.3       0.0199686413447134       0.0199686413447134       0.0163653093918101       0.0108727245544561       0.0108727245544561      0.00874511481760446        0.134844389193389       0.0188611096694811       0.0188611096694775        0.331730967419699                      0.1                      0.1                      0.1
