                   T[GeV]                nU[GeV^3]                nD[GeV^3]                nS[GeV^3]             nUBar[GeV^3]             nDBar[GeV^3]            nSBbar[GeV^3]                W[GeV^-2]               effMU[GeV]               effMD[GeV]               effMS[GeV]              effCPU[GeV]              effCPD[GeV]              effCPS[GeV]
                     0.04     2.93350405249679e-07     2.93350405249679e-07     5.34719439932476e-09     2.40821989765357e-08     2.40821989765357e-08     4.38924949135748e-10         5.26147209487316        0.367631947389915        0.367631947389915        0.549471820239561                     0.05                     0.05                     0.05
                    0.041     3.71194928783735e-07     3.71194928783572e-07     7.54875039866292e-09       3.238934629196e-08     3.23893462919457e-08     6.58598751930063e-10         5.27546585726335        0.367627592004846        0.367627592004867        0.549469830077031                     0.05                     0.05                     0.05
                    0.042      4.6496831832601e-07     4.64968318324663e-07     1.04939371709556e-08     4.29986170446256e-08      4.2998617044501e-08     9.70297405867218e-10         5.28825104799522        0.367622335510848        0.367622335510991        0.549467421309086                     0.05                     0.05                     0.05
                    0.043     5.76964261219435e-07     5.76964261219968e-07     1.43805059122542e-08     5.63948381030181e-08     5.63948381030702e-08     1.40536186472148e-09         5.29983631445863        0.367616045707356        0.367616045707309        0.549464530405272                     0.05                     0.05                     0.05
                    0.044     7.09659920657043e-07     7.09659920659809e-07     1.94445992815116e-08     7.31321659932994e-08     7.31321659935847e-08     2.00339964414714e-09         5.31022804168029        0.367608579386193        0.367608579385989         0.54946108802429                     0.05                     0.05                     0.05
                    0.045     8.65715797661013e-07     8.65715797655874e-07     2.59652872016806e-08     9.38388255587921e-08     9.38388255582349e-08     2.81381932901178e-09         5.31943089355492        0.367599782341676        0.367599782341993        0.549457018910598                     0.05                     0.05                     0.05
                    0.046     1.04797477961094e-06     1.04797477961094e-06     3.42692069394596e-08     1.19221633185043e-07     1.19221633185044e-07     3.89751727973507e-09         5.32744898773046         0.36758948941845        0.367589489418449        0.549452241808676                     0.05                     0.05                     0.05
                    0.047     1.25946046816433e-06     1.25946046816134e-06     4.47352665358838e-08     1.50070275174797e-07      1.5007027517444e-07     5.32871214660484e-09         5.33428357746448        0.367577524614797        0.367577524614931         0.54944666940089                     0.05                     0.05                     0.05
                    0.048     1.50337488089381e-06     1.50337488090009e-06     5.77993713377195e-08     1.87261318446367e-07      1.8726131844715e-07     7.19692064223698e-09         5.33993758530516        0.367563701236072        0.367563701235831        0.549440208269369                     0.05                     0.05                     0.05
                    0.049     1.78309561977809e-06     1.78309561978345e-06     7.39591348735506e-08     2.31761937018454e-07     2.31761937019151e-07     9.60906607612345e-09         5.34441316330489        0.367547822104025        0.367547822103848        0.549432758886508                     0.05                     0.05                     0.05
                     0.05      2.1021725976768e-06     2.10217259769559e-06      9.3779678544532e-08     2.84633343763797e-07     2.84633343766341e-07     1.26918639029639e-08         5.34771266773751        0.367529679798464        0.367529679797923        0.549424215621483                     0.05                     0.05                     0.05
                    0.051     2.46432440865471e-06     2.46432440867916e-06     1.17893587741618e-07      3.4703392221697e-07     3.47033922220415e-07     1.65935448499421e-08         5.34979524596105        0.367509056954105         0.36750905695349        0.549414466777898                     0.05                     0.05                     0.05
                    0.052     2.87343442502679e-06      2.8734344249992e-06     1.47012269672192e-07     4.20222058398052e-07     4.20222058394016e-07     2.14872100623752e-08         5.35072292841994        0.367485726564631         0.36748572656524        0.549403394638141                     0.05                     0.05                     0.05
                    0.053     3.33354669471842e-06      3.3335466947134e-06     1.81925732028911e-07     5.05558676462274e-07     5.05558676461511e-07     2.75727616738168e-08         5.35048506100984        0.367459452348416        0.367459452348514        0.549390875545643                     0.05                     0.05                     0.05
                    0.054     3.84886171030196e-06     3.84886171029763e-06     2.23507571942158e-07     6.04509486245615e-07     6.04509486244933e-07     3.50796010552796e-08         5.34909130058292        0.367429989112082        0.367429989112157        0.549376779991387                     0.05                     0.05                     0.05
                    0.055     4.42373211072576e-06     4.42373211074978e-06     2.72720531112227e-07     7.18646953362278e-07     7.18646953366184e-07     4.42695331608461e-08         5.34653868022247        0.367397083149789        0.367397083149421         0.54936097272328                     0.05                     0.05                     0.05
                    0.056      5.0626583738749e-06     5.06265837383498e-06     3.30617191066518e-07     8.49652005604886e-07      8.4965200559818e-07     5.54389831972718e-08         5.34286648109985        0.367360472633518        0.367360472634064        0.549343312865128                     0.05                     0.05                     0.05
                    0.057     5.77028454463223e-06     5.77028454453346e-06     3.98345896943272e-07     9.99315490286316e-07     9.99315490269192e-07     6.89220850584998e-08         5.33803851501899         0.36731988806403        0.367319888065242         0.54932365406552                     0.05                     0.05                     0.05
                    0.058     6.55139404875257e-06      6.5513940486919e-06     4.77153404699607e-07      1.1695394005996e-06     1.16953940058876e-06     8.50933162300444e-08         5.33208874977496        0.367275052664594        0.367275052665264        0.549301844636339                     0.05                     0.05                     0.05
                    0.059     7.41090562257681e-06     7.41090562246575e-06     5.68387960957957e-07     1.36233788781362e-06     1.36233788779317e-06     1.04370234336709e-07         5.32503181182373        0.367225682820449        0.367225682821556        0.549277727717942                     0.05                     0.05                     0.05
                     0.06     8.35386939027368e-06     8.35386939020634e-06     6.73502148114979e-07     1.57983807786751e-06     1.57983807785475e-06      1.2721620225385e-07         5.31686529703647        0.367171488530383         0.36717148853099        0.549251141462005                     0.05                     0.05                     0.05
                    0.061     9.38546312226706e-06     9.38546312237535e-06       7.940554947293e-07     1.82428071266187e-06     1.82428071268296e-06     1.54143090340149e-07         5.30761756419893        0.367112173792279        0.367112173791392        0.549221919191813                     0.05                     0.05                     0.05
                    0.062     1.05109886812498e-05     1.05109886813579e-05     9.31716852721141e-07     2.09802063219482e-06     2.09802063221643e-06     1.85713945127024e-07         5.29729878061961        0.367047437062715        0.367047437061909        0.549189889609679                     0.05                     0.05                     0.05
                    0.063     1.17358702184305e-05     1.17358702184305e-05     1.08826661026361e-06     2.40352743307888e-06     2.40352743307888e-06     2.22545628116314e-07         5.28591424665489        0.366976961199212        0.366976961199212        0.549154872618769                     0.05                     0.05                     0.05
                    0.064     1.30656453741517e-05     1.30656453741517e-05      1.2655983847094e-06     2.74338453473179e-06     2.74338453473179e-06     2.65311342640737e-07         5.27349401791703        0.366900453758168        0.366900453758168        0.549116696156434                     0.05                     0.05                     0.05
                    0.065     1.45059703628223e-05     1.45059703628224e-05     1.46572105748715e-06     3.12029090761572e-06     3.12029090761575e-06     3.14743214113792e-07         5.26004560229409        0.366817590132576        0.366817590132575        0.549075172533185                     0.05                     0.05                     0.05
                    0.066      1.6062612335619e-05      1.6062612335619e-05     1.69076007979892e-06     3.53705865015579e-06     3.53705865015578e-06     3.71634699741548e-07          5.2455975491586        0.366728050532587        0.366728050532588        0.549030113887414                     0.05                     0.05                     0.05
                    0.067     1.77414481521846e-05     1.77414481521845e-05     1.94295883019427e-06     3.99661843347755e-06     3.99661843347753e-06     4.36842977017333e-07         5.23016308801376        0.366631511553738        0.366631511553738        0.548981328726974                     0.05                     0.05                     0.05
                    0.068     1.95484497392237e-05     1.95484497392238e-05     2.22467974081515e-06     4.50201241113256e-06     4.50201241113257e-06     5.11291247839767e-07         5.21376284353313        0.366527646521927        0.366527646521927         0.54892862213372                     0.05                     0.05                     0.05
                    0.069     2.14897304136224e-05     2.14897304136226e-05     2.53840525084329e-06     5.05639815049895e-06     5.05639815049899e-06     5.95970964233427e-07         5.19641766586662        0.366416125820982        0.366416125820981        0.548871795967148                     0.05                     0.05                     0.05
                     0.07     2.35714890333575e-05     2.35714890333574e-05     2.88673859922057e-06     5.66304757748471e-06     5.66304757748468e-06     6.91943973215115e-07         5.17815443445836        0.366296617201956        0.366296617201957        0.548810649066221                     0.05                     0.05                     0.05
                    0.071     2.57999920892217e-05     2.57999920892214e-05      3.2724044689687e-06     6.32535016426861e-06     6.32535016426853e-06      8.0034457920107e-07         5.15898564771028        0.366168786073643        0.366168786073644        0.548744977448601                     0.05                     0.05                     0.05
                    0.072      2.8181651266734e-05      2.8181651266734e-05     3.69824949553741e-06     7.04679918192818e-06     7.04679918192817e-06     9.22381523140045e-07         5.13895090827513        0.366032295773776        0.366032295773776        0.548674574506474                     0.05                     0.05                     0.05
                    0.073     3.07229642948684e-05     3.07229642948684e-05      4.1672426515723e-06     7.83101165155629e-06     7.83101165155629e-06     1.05933987827919e-06         5.11806573522964        0.365886807820675        0.365886807820675        0.548599231198333                     0.05                     0.05                     0.05
                    0.074     3.34305282349439e-05     3.34305282349446e-05     4.68247552033949e-06     8.68171493865929e-06     8.68171493865948e-06     1.21258286312425e-06         5.09635487797769         0.36573198214519        0.365731982145188        0.548518736236082                     0.05                     0.05                     0.05
                    0.075     3.63110388481217e-05     3.63110388481228e-05     5.24716246978871e-06     9.60274980568292e-06     9.60274980568323e-06     1.38355357274178e-06         5.07384407849764        0.365567477302854        0.365567477302851        0.548432876266922                     0.05                     0.05                     0.05
                    0.076     3.93712901506671e-05     3.93712901506671e-05     5.86464073890038e-06     1.05980702597205e-05     1.05980702597205e-05     1.57377663007092e-06         5.05055700411436        0.365392950666323        0.365392950666323        0.548341436049501                     0.05                     0.05                     0.05
                    0.077     4.26181741477413e-05     4.26181741477411e-05     6.53837044754641e-06     1.16717434296093e-05     1.16717434296092e-05     1.78485975936423e-06          5.0265210958759        0.365208058598334        0.365208058598335        0.548244198623992                     0.05                     0.05                     0.05
                    0.078     4.60586807365244e-05     4.60586807365246e-05     7.27193454064499e-06     1.28279494776591e-05     1.28279494776591e-05     2.01849528427114e-06         5.00175955863969        0.365012456605243        0.365012456605243        0.548140945475618                     0.05                     0.05                     0.05
                    0.079     4.96998977693867e-05     4.96998977693877e-05      8.0690386768719e-06     1.40709815505275e-05     1.40709815505278e-05     2.27646155340607e-06         4.97629966038397        0.364805799471626        0.364805799471624        0.548031456691426                     0.05                     0.05                     0.05
                     0.08     5.35490112680712e-05     5.35490112680719e-05     8.93351107166497e-06     1.54052457731479e-05     1.54052457731482e-05     2.56062429652095e-06         4.95016624577306        0.364587741376177        0.364587741376175        0.547915511110019                     0.05                     0.05                     0.05
                    0.081     5.76133057800208e-05     5.76133057800217e-05     9.86930230370376e-06      1.6835261289024e-05     1.68352612890242e-05     2.87293791462543e-06         4.92338467694148         0.36435793598931        0.364357935989308        0.547792886464013                     0.05                     0.05                     0.05
                    0.082       6.190016486823e-05     6.19001648682315e-05      1.0880485093472e-05     1.83656603496727e-05     1.83656603496732e-05     3.21544670757152e-06         4.89598096080492        0.364116036552946        0.364116036552943        0.547663359515125                     0.05                     0.05                     0.05
                    0.083     6.64170717263547e-05     6.64170717263547e-05     1.19712540619465e-05     2.00011884555335e-05     2.00011884555335e-05     3.59028604275241e-06         4.86798030565438        0.363861695942918        0.363861695942918        0.547526706181775                     0.05                     0.05                     0.05
                    0.084     7.11716099111904e-05     7.11716099111877e-05     1.31459254768924e-05     2.17467045502426e-05     2.17467045502417e-05     3.99968346865773e-06         4.83940756753848        0.363594566714412        0.363594566714417         0.54738270165907                     0.05                     0.05                     0.05
                    0.085     7.61714641849364e-05     7.61714641849322e-05      1.4408936993671e-05      2.3607181269778e-05     2.36071812697766e-05     4.44595977707987e-06         4.81028823872949        0.363314301131033        0.363314301131039        0.547231120531229                     0.05                     0.05                     0.05
                    0.086     8.14244214601249e-05     8.14244214601233e-05     1.57648473969331e-05     2.55877052476642e-05     2.55877052476637e-05     4.93153001779197e-06         4.78064659490968        0.363020551177933        0.363020551177935        0.547071736876408                     0.05                     0.05                     0.05
                    0.087     8.69383718405091e-05     8.69383718405091e-05     1.72183363490336e-05      2.7693477477138e-05      2.7693477477138e-05     5.45890446951362e-06         4.75050742758158        0.362712968559496        0.362712968559496        0.546904324363969                     0.05                     0.05                     0.05
                    0.088     9.27213097516542e-05     9.27213097516545e-05     1.87742041505016e-05     2.99298137309384e-05     2.99298137309385e-05      6.0306895709522e-06         4.71989436796424        0.362391204681989        0.362391204681988        0.546728656344227                     0.05                     0.05                     0.05
                    0.089     9.87813351551372e-05     9.87813351551396e-05     2.04373715173891e-05     3.23021450390857e-05     3.23021450390865e-05     6.64958881565165e-06         4.68883145487721         0.36205491062196        0.362054910621957        0.546544505930841                     0.05                     0.05                     0.05
                     0.09     0.000105126654841193     0.000105126654841191     2.22128793798806e-05     3.48160182249957e-05      3.4816018224995e-05     7.31840361431902e-06         4.65734206567738        0.361703737080396        0.361703737080398        0.546351646075913                     0.05                     0.05                     0.05
                    0.091     0.000111765583794518     0.000111765583794518     2.41058887061085e-05     3.74770964999576e-05     3.74770964999576e-05     8.04003412821643e-06         4.62544890721862        0.361337334323419        0.361337334323419        0.546149849637857                     0.05                     0.05                     0.05
                    0.092     0.000118706546628622     0.000118706546628622     2.61216803546616e-05     4.02911601159613e-05     4.02911601159612e-05     8.81748007709654e-06         4.59317452126256        0.360955352109849         0.36095535210985        0.545938889442345                     0.05                     0.05                     0.05
                    0.093     0.000125958079084341     0.000125958079084346     2.82656549589281e-05     4.32641070767094e-05     4.32641070767112e-05     9.65384152506634e-06         4.56054106976735        0.360557439606126        0.360557439606121        0.545718538336414                     0.05                     0.05                     0.05
                    0.094     0.000133528829588866     0.000133528829588872     3.05433328460572e-05      4.6401953906699e-05     4.64019539067009e-05      1.0552319647652e-05         4.52756994666169        0.360143245288654        0.360143245288649        0.545488569235815                     0.05                     0.05                     0.05
                    0.095     0.000141427560871107     0.000141427560871102     3.29603539928996e-05     4.97108364778796e-05     4.97108364778779e-05      1.1516217483189e-05          4.4942823183923        0.359712416834577        0.359712416834582        0.545248755166065                     0.05                     0.05                     0.05
                    0.096     0.000149663151631046     0.000149663151631052     3.55224780211356e-05     5.31970108938887e-05     5.31970108938907e-05     1.25489406715896e-05         4.46069857842344        0.359264601000307        0.359264601000302        0.544998869296997                     0.05                     0.05                     0.05
                    0.097     0.000158244598259026     0.000158244598259005     3.82355842332911e-05     5.68668544311111e-05     5.68668544311034e-05     1.36539858136356e-05         4.42683876729115         0.35879944348926        0.358799443489278        0.544738684971477                     0.05                     0.05                     0.05
                    0.098     0.000167181016603024     0.000167181016603023     4.11056321999029e-05     6.07268665364326e-05     6.07268665364322e-05      1.4834989093937e-05         4.39272252255024        0.358316588808273        0.358316588808274        0.544467975728136                     0.05                     0.05                     0.05
                    0.099     0.000176481643781552     0.000176481643781553     4.41388165374136e-05     6.47836698813186e-05      6.4783669881319e-05     1.60956577510027e-05         4.35836868473487        0.357815680112946        0.357815680112945        0.544186515318546                     0.05                     0.05                     0.05
                      0.1     0.000186155840039262     0.000186155840039309     4.73413861681836e-05     6.90440114715358e-05     6.90440114715535e-05     1.74398151251376e-05         4.32379559488981        0.357296359042748        0.357296359042711        0.543894077718913                     0.05                     0.05                     0.05
                    0.101     0.000196213090643939     0.000196213090643977     5.07196114340206e-05     7.35147638123526e-05      7.3514763812367e-05     1.88714077741985e-05         4.28902123649103        0.356758265545464        0.356758265545435        0.543590437136787                     0.05                     0.05                     0.05
                    0.102     0.000206663007823189     0.000206663007823197     5.42800149118026e-05     7.82029261288505e-05     7.82029261288538e-05     2.03944383957396e-05         4.25406279214014        0.356201037691085        0.356201037691078        0.543275368012606                     0.05                     0.05                     0.05
                    0.103     0.000217515332738093     0.000217515332738151     5.80291972045208e-05     8.31156256405306e-05     8.31156256405534e-05     2.20130673693481e-05         4.21893701631482        0.355624311476097        0.355624311476056        0.542948645016713                     0.05                     0.05                     0.05
                    0.104     0.000228779937494868     0.000228779937494852     6.19738800961727e-05     8.82601188907816e-05     8.82601188907754e-05     2.37315471193493e-05         4.18366007863721        0.355027720616381        0.355027720616392        0.542610043041669                     0.05                     0.05                     0.05
                    0.105     0.000240466827188572     0.000240466827188536     6.61209069525305e-05      9.3643793129057e-05     9.36437931290428e-05     2.55542391855121e-05         4.14824753234975        0.354410896332064        0.354410896332088        0.542259337190936                     0.05                     0.05                     0.05
                    0.106      0.00025258614198452     0.000252586141984547     7.04772431698876e-05     9.92741677480665e-05     9.92741677480771e-05     2.74856149731067e-05         4.11271452583396         0.35377346711947        0.353773467119453        0.541896302762508                     0.05                     0.05                     0.05
                    0.107     0.000265148159228008     0.000265148159227994     7.50499766706902e-05     0.000105158895772406       0.0001051588957724     2.95302565148567e-05         4.07707548413583        0.353115058515789        0.353115058515797        0.541520715230015                     0.05                     0.05                     0.05
                    0.108     0.000278163295588439     0.000278163295588395     7.98463184468145e-05     0.000111305765401076     0.000111305765401059     3.16928572466692e-05         4.04134430317984        0.352435292851478        0.352435292851504        0.541132350219457                     0.05                     0.05                     0.05
                    0.109     0.000291642109232349     0.000291642109232256     8.48736031496857e-05     0.000117722701601792     0.000117722701601754     3.39782227983566e-05         4.00553438124083        0.351733788993236        0.351733788993289        0.540730983482941                     0.05                     0.05                     0.05
                     0.11     0.000305595302025831     0.000305595302025862     9.01392897269325e-05     0.000124417767757309     0.000124417767757321     3.63912718006824e-05         3.96965860951716        0.351010162076328        0.351010162076311        0.540316390869432                     0.05                     0.05                     0.05
                    0.111     0.000320033721764455     0.000320033721764432     9.56509621050197e-05     0.000131399167363041     0.000131399167363031     3.89370367098998e-05         3.93372918089048        0.350264023226494        0.350264023226507        0.539888348292837                     0.05                     0.05                     0.05
                    0.112     0.000334968364430306     0.000334968364430208     0.000101416329917535     0.000138675245775859     0.000138675245775818     4.16206646509748e-05         3.89775793560865        0.349494979270749          0.3494949792708        0.539446631697223                     0.05                     0.05                     0.05
                    0.113     0.000350410376473533     0.000350410376473618     0.000107443229277946     0.000146254492012997     0.000146254492013033     4.44474182802724e-05         3.86175599458074        0.348702632437498        0.348702632437456        0.538991017020194                     0.05                     0.05                     0.05
                    0.114     0.000366371057118403     0.000366371057118559     0.000113739623596398     0.000154145540601105     0.000154145540601171     4.74226766687246e-05         3.82573407442103        0.347886580044886         0.34788658004481        0.538521280154046                     0.05                     0.05                     0.05
                    0.115     0.000382861860691442     0.000382861860691408     0.000120313604439789     0.000162357173474442     0.000162357173474428     5.05519362062909e-05         3.78970234192553        0.347046414177484        0.347046414177501        0.538037196904839                     0.05                     0.05                     0.05
                    0.116     0.000399894398966882     0.000399894398966844     0.000127173392433094     0.000170898321920157      0.00017089832192014     5.38408115279389e-05          3.7536705045914        0.346181721352287        0.346181721352304         0.53753854295097                     0.05                     0.05                     0.05
                    0.117     0.000417480443534939     0.000417480443534854     0.000134327338202229     0.000179778093341592     0.000179778093341555     5.72950364622607e-05         3.71764662832642        0.345292082169929        0.345292082169967        0.537025093799566                     0.05                     0.05                     0.05
                    0.118     0.000435631928179317     0.000435631928179356      0.00014178392335603     0.000189005681287404     0.000189005681287421     6.09204650026513e-05           3.681641225628        0.344377070955973        0.344377070955956         0.53649662474254                     0.05                     0.05                     0.05
                    0.119     0.000454361038516933      0.00045436103851694      0.00014955176150623     0.000198590456054103     0.000198590456054106     6.47230723014383e-05         3.64566309073121        0.343436255386503          0.3434362553865        0.535952910812137                     0.05                     0.05                     0.05
                     0.12     0.000473679778176758     0.000473679778176752     0.000157639599324524     0.000208542037465212     0.000208542037465209     6.87089556873942e-05         3.60971724794839        0.342469196101165        0.342469196101168        0.535393726735568                     0.05                     0.05                     0.05
                    0.121     0.000493600843649736     0.000493600843649744     0.000166056317633221      0.00021887010254471     0.000218870102544713      7.2884335705868e-05         3.57381211370085        0.341475446303011        0.341475446303008        0.534818846890948                     0.05                     0.05                     0.05
                    0.122     0.000514136754253098     0.000514136754253201     0.000174810932529635     0.000229584522126553       0.0002295845221266     7.72555571822746e-05         3.53795445239326        0.340454551341371        0.340454551341331        0.534228045262588                     0.05                     0.05                     0.05
                    0.123     0.000535300290755951     0.000535300290755839     0.000183912596540499     0.000240695331265874     0.000240695331265823     8.18290903079462e-05         3.50215056567343          0.3394060482806        0.339406048280642        0.533621095397659                     0.05                     0.05                     0.05
                    0.124     0.000557104410523636     0.000557104410523583     0.000193370599803862     0.000252212731516085     0.000252212731516061     8.66115317477618e-05         3.46640623420543        0.338329465454083        0.338329465454103        0.532997770364621                     0.05                     0.05                     0.05
                    0.125      0.00057956224989814     0.000579562249897927     0.000203194371278019     0.000264147093240227     0.000264147093240128     9.16096057698342e-05         3.43072690384275        0.337224321998328        0.337224321998404        0.532357842711764                     0.05                     0.05                     0.05
                    0.126     0.000602687126539807     0.000602687126539855     0.000213393479969455     0.000276508957942212     0.000276508957942235     9.68301653940803e-05         3.39511748385167        0.336090127374862        0.336090127374846        0.531701084430803                     0.05                     0.05                     0.05
                    0.127     0.000626492541753242     0.000626492541753242     0.000223977636183072     0.000289309040627941     0.000289309040627941     0.000102280193561448         3.35958261764443        0.334926380867566        0.334926380867566        0.531027266920048                     0.05                     0.05                     0.05
                    0.128     0.000650992182749404     0.000650992182749726     0.000234956692784316     0.000302558232173272     0.000302558232173425     0.000107966804319361         3.32412630094264        0.333732571068372        0.333732571068265        0.530336160953458                     0.05                     0.05                     0.05
                    0.129     0.000676199924867854     0.000676199924868239     0.000246340646472958     0.000316267601709075     0.000316267601709259     0.000113897244023409         3.28875228645583        0.332508175337914        0.332508175337789        0.529627536652577                     0.05                     0.05                     0.05
                     0.13      0.00070212983371746     0.000702129833717621     0.000258139639061877      0.00033044839900272     0.000330448399002797     0.000120078892552272         3.25346391777682         0.33125265925026        0.331252659250209        0.528901163463542                     0.05                     0.05                     0.05
                    0.131     0.000728796167243069     0.000728796167243531     0.000270363958756264     0.000345112056838202     0.000345112056838425     0.000126519264533752         3.21826407280749        0.329965476013312         0.32996547601317        0.528156810139212                     0.05                     0.05                     0.05
                    0.132     0.000756213377685397     0.000756213377685145     0.000283024041425693     0.000360270193377806     0.000360270193377682     0.000133226010578211         3.18315532227742         0.32864606586931        0.328646065869386        0.527394244728196                     0.05                     0.05                     0.05
                    0.133     0.000784396113414962     0.000784396113414436     0.000296130471862766     0.000375934614494132     0.000375934614493874      0.00014020691851621         3.14813967079019        0.327293855474283        0.327293855474438        0.526613234571134                     0.05                     0.05                     0.05
                    0.134     0.000813359220629273     0.000813359220629396     0.000309693985019906     0.000392117316065129     0.000392117316065189     0.000147469914635951         3.11321891879154         0.32590825725216        0.325908257252125        0.525813546305573                     0.05                     0.05                     0.05
                    0.135     0.000843117744885868     0.000843117744884771     0.000323725467217901     0.000408830486216364     0.000408830486215819     0.000155023064916964         3.07839457330847        0.324488668723733        0.324488668724041        0.524994945879005                     0.05                     0.05                     0.05
                    0.136     0.000873686932416759     0.000873686932417325     0.000338235957310002     0.000426086507480737      0.00042608650748102     0.000162874576251589         3.04366767930985        0.323034471817041        0.323034471816885        0.524157198575141                     0.05                     0.05                     0.05
                    0.137     0.000905082231235967     0.000905082231235181      0.00035323664779619      0.00044389795887791     0.000443897958877515     0.000171032797650749         3.00903867842119        0.321545032145711        0.321545032145922        0.523300069050944                     0.05                     0.05                     0.05
                    0.138      0.00093731929195625     0.000937319291956249     0.000368738885871237     0.000462277617867844     0.000462277617867843     0.000179506221425049         2.97450807011645        0.320019698268042        0.320019698268042        0.522423321388174                     0.05                     0.05                     0.05
                    0.139     0.000970413968311861     0.000970413968311205     0.000384754174392527     0.000481238462172054      0.00048123846217172     0.000188303484333063         2.94007580723138        0.318457800915418        0.318457800915587        0.521526719160772                     0.05                     0.05                     0.05
                     0.14      0.00100438231731084      0.00100438231731236     0.000401294172751314     0.000500793671418805     0.000500793671419584     0.000197433368687274         2.90574153238644        0.316858652197624         0.31685865219724        0.520610025519897                     0.05                     0.05                     0.05
                    0.141      0.00103924059898224      0.00103924059898146     0.000418370697626744     0.000520956628588407     0.000520956628588004     0.000206904803405682         2.87150468576038        0.315221544779627         0.31522154477982        0.519673003299768                     0.05                     0.05                     0.05
                    0.142      0.00107500527562522      0.00107500527562601     0.000435995723603704     0.000541740921203878     0.000541740921204291     0.000216726864997586         2.83736385008751        0.313545751037816        0.313545751037622        0.518715415145524                     0.05                     0.05                     0.05
                    0.143       0.0011116930105391      0.00111169301053931     0.000454181383626414     0.000563160342247994     0.000563160342248106     0.000226908778467076         2.80331798219992        0.311830522183598        0.311830522183547        0.517737023667806                     0.05                     0.05                     0.05
                    0.144      0.00114932066609753      0.00114932066609911     0.000472939969264824     0.000585228890726584     0.000585228890727411     0.000237459918119929          2.7693653235012        0.310075087369391        0.310075087369023        0.516737591624952                     0.05                     0.05                     0.05
                    0.145      0.00118790530111422      0.00118790530111441     0.000492283930755358     0.000607960771839611      0.00060796077183971     0.000248389808251241           2.735504056902        0.308278652768495        0.308278652768452        0.515716882139713                     0.05                     0.05                     0.05
                    0.146      0.00122746416737551      0.00122746416737397     0.000512225876787464     0.000631370396682395     0.000631370396681581     0.000259708123695576         2.70173161961353        0.306440400635748        0.306440400636093        0.514674658951182                     0.05                     0.05                     0.05
                    0.147       0.0012680147052384      0.00126801470523886     0.000532778573992182     0.000655472381409073     0.000655472381409322     0.000271424690213051         2.66804554868341        0.304559488347559        0.304559488347456         0.51361068670812                     0.05                     0.05                     0.05
                    0.148      0.00130957453813339      0.00130957453813256     0.000553954946081762     0.000680281545756867     0.000680281545756423     0.000283549484680335         2.63444293970146        0.302635047430525        0.302635047430705        0.512524731310764                     0.05                     0.05                     0.05
                    0.149      0.00135216146584376       0.0013521614658452       0.0005757680725991     0.000705812910843673     0.000705812910844451     0.000296092635059689         2.60092055587785        0.300666182577217        0.300666182576909         0.51141656030226                     0.05                     0.05                     0.05
                     0.15      0.00139579345633665      0.00139579345633624     0.000598231187195167     0.000732081696096826     0.000732081696096605     0.000309064420097342         2.56747501404906        0.298651970665405         0.29865197066549        0.510285943325141                     0.05                     0.05                     0.05
                    0.151        0.001440488636058      0.00144048863606019      0.00062135767540172     0.000759103315240766     0.000759103315241958     0.000322475268726767         2.53410244620412        0.296591459763795        0.296591459763344        0.509132652636345                     0.05                     0.05                     0.05
                    0.152      0.00148626527826339      0.00148626527826616     0.000645161071771599     0.000786893371083457     0.000786893371084975     0.000336335759102018         2.50079887277552         0.29448366817558        0.294483668175018        0.507956463708501                     0.05                     0.05                     0.05
                    0.153      0.00153314178940847      0.00153314178940968     0.000669655056366703     0.000815467649081056     0.000815467649081722     0.000350656617240908         2.46755991707138        0.292327583471168        0.292327583470927        0.506757155901427                     0.05                     0.05                     0.05
                    0.154      0.00158113669293082      0.00158113669292969     0.000694853450394291     0.000844842109278324       0.0008448421092777     0.000365448715162468         2.43438134749378        0.290122161600336        0.290122161600558        0.505534513250408                     0.05                     0.05                     0.05
                    0.155      0.00163026861049777      0.00163026861049782      0.00072077021099068     0.000875032876621121     0.000875032876621148     0.000380723068505287         2.40125786243864        0.287866326015728        0.287866326015718        0.504288325342491                     0.05                     0.05                     0.05
                    0.156      0.00168055623988543      0.00168055623988863     0.000747419424907875     0.000906056229131049     0.000906056229132838     0.000396490833483213         2.36818453867571        0.285558966917812        0.285558966917202        0.503018388334291                     0.05                     0.05                     0.05
                    0.157      0.00173201832958477      0.00173201832958519       0.0007748153010693     0.000937928583937309     0.000937928583937543     0.000412763303143854         2.33515652146594        0.283198940539948         0.28319894053987        0.501724506087706                     0.05                     0.05                     0.05
                    0.158      0.00178467364893452      0.00178467364893298     0.000802972161681945     0.000970666480431618      0.00097066648043075      0.00042955190274437         2.30216803518011        0.280785068638239        0.280785068638524        0.500406491487686                     0.05                     0.05                     0.05
                    0.159      0.00183854095395121      0.00183854095394619     0.000831904431861219      0.00100428656056372      0.00100428656056087     0.000446868184199563         2.26921333372115        0.278316138078487        0.278316138079404        0.499064167913119                     0.05                     0.05                     0.05
                     0.16      0.00189363894750878      0.00189363894751334     0.000861626627397812      0.00103880554543399      0.00103880554543659     0.000464723819378669         2.23628678643048        0.275790900694792        0.275790900693969        0.497697370930075                     0.05                     0.05                     0.05
                    0.161      0.00194998623370817      0.00194998623370516     0.000892153340553078      0.00107424020799096      0.00107424020798924     0.000483130592161691         2.20338250119818        0.273208073361467        0.273208073362002        0.496305950189889                     0.05                     0.05                     0.05
                    0.162      0.00200760126488877      0.00200760126488723     0.000923499223413891      0.00111060734083947      0.00111060734083858     0.000502100388969132         2.17049411902101        0.270566338467591        0.270566338467863        0.494889771613571                     0.05                     0.05                     0.05
                    0.163      0.00206650228124853      0.00206650228124151     0.000955678968716297      0.00114792371900773      0.00114792371900367     0.000521645187679896         2.13761580168626        0.267864344700037        0.267864344701255        0.493448719826137                     0.05                     0.05                     0.05
                    0.164      0.00212670724068019      0.00212670724067443     0.000988707287441334      0.00118620605615012      0.00118620605614677     0.000541777044515308         2.10474143146449        0.265100708454139        0.265100708455128        0.491982700967451                     0.05                     0.05                     0.05
                    0.165      0.00218823373884099      0.00218823373884177      0.00102259888307729      0.00122547095401775      0.00122547095401821      0.00056250806454746         2.07186479980579        0.262274015753413        0.262274015753281         0.49049164583073                     0.05                     0.05                     0.05
                    0.166      0.00225109891694107      0.00225109891693816      0.00105736847976701      0.00126573484354386      0.00126573484354215      0.00058385045500953         2.03897983968899        0.259382824998484        0.259382824998973        0.488975513453312                     0.05                     0.05                     0.05
                    0.167      0.00231531935645011      0.00231531935645893      0.00109303049807527      0.00130701391684652      0.00130701391685172     0.000605816362203607         2.00608068388023        0.256425670558229        0.256425670556762        0.487434295146753                     0.05                     0.05                     0.05
                    0.168      0.00238091095781523      0.00238091095781428      0.00112959959529683      0.00134932404818638      0.00134932404818582     0.000628417989699308         1.97316172322663        0.253401067570808        0.253401067570964        0.485868019105192                     0.05                     0.05                     0.05
                    0.169      0.00244788880233348      0.00244788880235163      0.00116709004018002      0.00139268070307293      0.00139268070308374     0.000651667499264074          1.9402176438752        0.250307517972463        0.250307517969501        0.484276755564884                     0.05                     0.05                     0.05
                     0.17      0.00251626699372331      0.00251626699371682      0.00120551595072873      0.00143709883314043      0.00143709883313655     0.000675576992785599         1.90724350775416        0.247143518210181        0.247143518211231        0.482660622665435                     0.05                     0.05                     0.05
                    0.171      0.00258605847743755      0.00258605847744773      0.00124489117651374      0.00148259275523762      0.00148259275524374     0.000700158475034439         1.87423525187486        0.243907568848274        0.243907568846641        0.481019793043419                     0.05                     0.05                     0.05
                    0.172      0.00265727483433354       0.0026572748343275      0.00128522923025714      0.00152917634691949      0.00152917634691585     0.000725423810718451         1.84118832082473        0.240598186528546        0.240598186529507        0.479354501288546                     0.05                     0.05                     0.05
                    0.173      0.00272992604592882      0.00272992604591868      0.00132654320988138      0.00157686121363948      0.00157686121363333     0.000751384675242003         1.80810249294703        0.237213918666589        0.237213918668193        0.477665052288712                     0.05                     0.05                     0.05
                    0.174      0.00280402110493976      0.00280402110492524      0.00136884570959986      0.00162565985263853      0.00162565985262969     0.000778052498220538         1.77497390277677         0.23375336140857        0.233753361410852        0.475951830611153                     0.05                     0.05                     0.05
                    0.175      0.00287956332662087      0.00287956332663639      0.00141214871867968      0.00167558209734839      0.00167558209735788     0.000805438398810611         1.74180316187913        0.230215181632976         0.23021518163055        0.474215311030739                     0.05                     0.05                     0.05
                    0.176      0.00295655877900571      0.00295655877901601      0.00145646350713545       0.0017266365535824      0.00172663655358872     0.000833553112259698         1.70859172217262        0.226598143296169        0.226598143294567        0.472456070172288                     0.05                     0.05                     0.05
                    0.177      0.00303500712663897       0.0030350071266668      0.00150180049627091      0.00177882999508465      0.00177882999510181     0.000862406906289081         1.67534296783688        0.222901139389505        0.222901139385193        0.470674799501779                     0.05                     0.05                     0.05
                    0.178      0.00311490558490427      0.00311490558491858      0.00154816911317599      0.00183216705909129      0.00183216705910015     0.000892009486588056         1.64206261123842        0.219123230129484        0.219123230127275        0.468872319636764                     0.05                     0.05                     0.05
                    0.179      0.00319624756324748        0.003196247563243      0.00159557762822907      0.00188664990485697      0.00188664990485419     0.000922369890653204         1.60875899732609        0.215263688312804        0.215263688313493        0.467049595963494                     0.05                     0.05                     0.05
                     0.18      0.00327902213419148      0.00327902213419834      0.00164403297436989      0.00194227783243351       0.0019422778324378     0.000953496369027909         1.57544366463308        0.211322053065558        0.211322053064503        0.465207755605915                     0.05                     0.05                     0.05
                    0.181      0.00336321345211592      0.00336321345212667      0.00169354054809079      0.00199904686140463      0.00199904686141138     0.000985396253680898         1.54213164485415        0.207298192899568        0.207298192897917        0.463348105575833                     0.05                     0.05                     0.05
                    0.182       0.0034488003721274       0.0034488003721274      0.00174410403961372      0.00205694942650608      0.00205694942650608      0.00101807584145927         1.50884202317346        0.203192341049251        0.203192341049251        0.461472143534626                     0.05                     0.05                     0.05
                    0.183      0.00353575481284068       0.0035357548128407      0.00179572501521758      0.00211597327165093      0.00211597327165093      0.00105154012815658         1.47559889047107        0.199005328678534        0.199005328678532        0.459581610384292                     0.05                     0.05                     0.05
                    0.184      0.00362404246692489      0.00362404246692489      0.00184840293980324      0.00217610181092472      0.00217610181092473      0.00108579280072344         1.44243117232016        0.194738464696251        0.194738464696251        0.457678461742676                     0.05                     0.05                     0.05
                    0.185      0.00371362117267578      0.00371362117267579      0.00190213474638802      0.00223731300737729       0.0022373130073773      0.00112083595854109         1.40937407096867        0.190393785034157        0.190393785034155        0.455764918496873                     0.05                     0.05                     0.05
                    0.186      0.00380444044039456      0.00380444044039456      0.00195691462294237      0.00229957896663143      0.00229957896663143      0.00115666996053901         1.37646838159308        0.185974138127205        0.185974138127205        0.453843476172433                     0.05                     0.05                     0.05
                    0.187      0.00389644080873658      0.00389644080873658      0.00201273376688528      0.00236286541400903      0.00236286541400903      0.00119329325065706         1.34376205178026        0.181483314086511        0.181483314086511        0.451916918649646                     0.05                     0.05                     0.05
                    0.188      0.00398955330435973      0.00398955330435971      0.00206958016492315      0.00242713122911649      0.00242713122911648       0.0012307021961826          1.3113099291912        0.176926179868686        0.176926179868688        0.449988326613737                     0.05                     0.05                     0.05
                    0.189      0.00408369906855565      0.00408369906855563      0.00212743841750568      0.00249232808168544      0.00249232808168542       0.0012688909510943          1.2791738544331        0.172308815009567         0.17230881500957        0.448061078450367                     0.05                     0.05                     0.05
                     0.19      0.00417878922784621       0.0041787892278462      0.00218628963155959      0.00255840022264104      0.00255840022264104      0.00130785135951936         1.24742239456168         0.16763864001859        0.167638640018591        0.446138840942086                     0.05                     0.05                     0.05
                    0.191      0.00427472509633358      0.00427472509633356      0.00224611140894914      0.00262528449321963      0.00262528449321961      0.00134757291708876         1.21613024487678        0.162924526745002        0.162924526745007         0.44422554690262                     0.05                     0.05                     0.05
                    0.192      0.00437139880266667      0.00437139880266666      0.00230687796034004      0.00269291062024794      0.00269291062024793      0.00138804280975183         1.18537705686087        0.158176877214579         0.15817687721458        0.442325356920979                     0.05                     0.05                     0.05
                    0.193      0.00446869442973891      0.00446869442973893      0.00236856037356923      0.00276120186452612      0.00276120186452613       0.0014292460496875         1.15524587850867        0.153407655076406        0.153407655076403        0.440442602813234                     0.05                     0.05                     0.05
                    0.194      0.00456648973616795      0.00456648973616795      0.00243112706084362      0.00283007607832532      0.00283007607832532      0.00147116572540434         1.12582077923288        0.148630352592797        0.148630352592797        0.438581711333389                     0.05                     0.05                     0.05
                    0.195      0.00466465849152143      0.00466465849152142      0.00249454439888343      0.00289944720441786      0.00289944720441786       0.0015137833771137         1.09718438133076        0.143859876890036        0.143859876890036         0.43674710826662                     0.05                     0.05                     0.05
                    0.196      0.00476307340079902      0.00476307340079901      0.00255877755991363      0.00296922721139265      0.00296922721139264      0.00155707949853154          1.0694140623606        0.139112342788785        0.139112342788787        0.434943105206692                     0.05                     0.05                     0.05
                    0.197      0.00486160952073346      0.00486160952073346      0.00262379150982693      0.00303932840970481      0.00303932840970481      0.00160103415270389         1.04257932439309        0.134404766490612        0.134404766490612        0.433173773933338                     0.05                     0.05                     0.05
                    0.198      0.00496014798966388      0.00496014798966389      0.00268955212524729      0.00310966603543599        0.003109666035436      0.00164562767363855         1.01673809590251        0.129754664606774        0.129754664606772        0.431442815984168                     0.05                     0.05                     0.05
                    0.199      0.00505857981833057      0.00505857981833058      0.00275602735771199      0.00318016093371449      0.00318016093371449      0.00169084140999119        0.991934111919129        0.125179575457797        0.125179575457795        0.429753437218563                     0.05                     0.05                     0.05
                      0.2      0.00515680924470662      0.00515680924473043       0.0028231883390743      0.00325074200208338      0.00325074200209952       0.0017366584444922         0.96819355274363        0.120696568942579        0.120696568938072        0.428108240523636                     0.05                     0.05                     0.05
                    0.201      0.00525475754454114      0.00525475754452108      0.00289101044118265      0.00332134898866353      0.00332134898864988       0.0017830642961844        0.945525122910372        0.116321557432553        0.116321557436442        0.426509132898121                     0.05                     0.05                     0.05
                    0.202      0.00535236390755618      0.00535236390753681      0.00295947391884716       0.0033919333331351      0.00339193333312188       0.0018300473700387        0.923920602957955         0.11206903881828        0.112069038822126        0.424957292843329                     0.05                     0.05                     0.05
                    0.203      0.00544958749832913      0.00544958749831417      0.00302856447733647      0.00346245982000982      0.00346245981999956      0.00187759936461775        0.903354539311915        0.107951507853267        0.107951507856316        0.423453149064157                     0.05                     0.05                     0.05
                    0.204       0.0055464072926876      0.00554640729267563      0.00309827341413058      0.00353290671721416      0.00353290671720593      0.00192571541400264        0.883786082158939        0.103979193719955        0.103979193722458        0.421996413095662                     0.05                     0.05                     0.05
                    0.205      0.00564282113316498       0.0056428211331739      0.00316859747999405      0.00360326535816117      0.00360326535816731       0.0019743940510018        0.865164095858017        0.100159886480103         0.10015988647819        0.420586143115018                     0.05                     0.05                     0.05
                    0.206      0.00573884393569245      0.00573884393569514      0.00323953847719344      0.00367353910848043      0.00367353910848229      0.00202363699957448        0.847428832700283       0.0964988995935552       0.0964988995929625        0.419220834108159                     0.05                     0.05                     0.05
                    0.207      0.00583450528654809       0.0058345052865352      0.00331110265927559      0.00374374187198487      0.00374374187197594      0.00207344883463934        0.830515621088269       0.0929991569958099       0.0929991569987281        0.417898524513476                     0.05                     0.05                     0.05
                    0.208      0.00592984669897282      0.00592984669897065      0.00338330000806534      0.00381389631710844      0.00381389631710693       0.0021238365556644        0.814357955357148       0.0896613810339662       0.0896613810344706        0.416616909139387                     0.05                     0.05                     0.05
                    0.209      0.00602491878205242      0.00602491878204954      0.00345614346135638      0.00388403199866735      0.00388403199866534      0.00217480912014004         0.79889016097663       0.0864843517393583       0.0864843517400473        0.415373449401397                     0.05                     0.05                     0.05
                     0.21      0.00611977852842538      0.00611977852842728      0.00352964815322253       0.0039541835219693      0.00395418352197062      0.00222637697661362        0.784048874026828       0.0834652072224871       0.0834652072220213        0.414165474096364                     0.05                     0.05                     0.05
                    0.211      0.00621448687101308      0.00621448687100476      0.00360383071805749       0.0040243888598227      0.00402438885981687      0.00227855162802369        0.769775373374375       0.0805997572607882       0.0805997572628867        0.412990266263787                     0.05                     0.05                     0.05
                    0.212      0.00630910659437134      0.00630910659437034      0.00367870866167745      0.00409468788934933      0.00409468788934863      0.00233134524492581        0.756015470675574       0.0778827884612341       0.0778827884614914        0.411845134105666                     0.05                     0.05                     0.05
                    0.213      0.00640370064059978      0.00640370064059815      0.00375429987622072      0.00416512118037458      0.00416512118037343      0.00238477033893104        0.742720534064067       0.0753083452225339       0.0753083452229679        0.410727465737458                     0.05                     0.05                     0.05
                    0.214      0.00649833077324013      0.00649833077323905      0.00383062221773264       0.0042357290372831      0.00423572903728234      0.00243883949874876        0.729847324243945       0.0728699772490261       0.0728699772493201        0.409634768900198                     0.05                     0.05                     0.05
                    0.215      0.00659305663979281        0.006593056639792      0.00390769320117946      0.00430655077728724      0.00430655077728667      0.00249356518587096        0.717357806285835       0.0705609492542489       0.0705609492544734        0.408564697531203                     0.05                     0.05                     0.05
                    0.216      0.00668793508788306      0.00668793508788285      0.00398552977705647      0.00437762421581139      0.00437762421581124      0.00254895958347527        0.705218640987653        0.068374412672484       0.0683744126725442        0.407515067458056                     0.05                     0.05                     0.05
                    0.217      0.00678301975418228      0.00678301975418242      0.00406414818006429      0.00444898532554585      0.00444898532554595      0.00260503449069534        0.693401075012084       0.0663035415343864       0.0663035415343457        0.406483863476308                     0.05                     0.05                     0.05
                    0.218      0.00687836084547234      0.00687836084547203      0.00414356383591521      0.00452066803490945      0.00452066803490923      0.00266180125392142        0.681880309506259       0.0643416363938864       0.0643416363939791        0.405469239917917                     0.05                     0.05                     0.05
                    0.219      0.00697400506968293      0.00697400506968309      0.00422379131347556       0.0045927041345954      0.00459270413459551      0.00271927073104902        0.670634804901433       0.0624822007504971       0.0624822007504481        0.404469516517047                     0.05                     0.05                     0.05
                     0.22      0.00706999567644517      0.00706999567644517      0.00430484431094943      0.00466512326870461      0.00466512326870461      0.00277745325953568        0.659646111904893          0.0607189946235       0.0607189946235007        0.403483171073344                     0.05                     0.05                     0.05
                    0.221      0.00716637257419998      0.00716637257420002      0.00438673566675304      0.00473795296368275      0.00473795296368278      0.00283635867774965        0.648898451823756       0.0590460696003604       0.0590460696003461        0.402508830090237                     0.05                     0.05                     0.05
                    0.222      0.00726317249761789      0.00726317249761774      0.00446947738749159      0.00481121873673965      0.00481121873673954      0.00289599632124931        0.638377839135457       0.0574577892687749       0.0574577892688229        0.401545258292189                     0.05                     0.05                     0.05
                    0.223      0.00736042920524673      0.00736042920524674      0.00455308068713672      0.00488494418964464      0.00488494418964464      0.00295637504524847        0.628072489846034       0.0559488383762155       0.0559488383762153        0.400591347683902                     0.05                     0.05                     0.05
                    0.224      0.00745817369240159      0.00745817369240153      0.00463755603289917      0.00495915113683688      0.00495915113683684        0.003017503248431        0.617972076181973       0.0545142235154919       0.0545142235155117        0.399646106624149                     0.05                     0.05                     0.05
                    0.225      0.00755643440847769      0.00755643440847771      0.00472291319447112      0.00503385973609589       0.0050338597360959      0.00307938889958453        0.608067542359779       0.0531492676139606       0.0531492676139548        0.398708649234725                     0.05                     0.05                     0.05
                    0.226      0.00765523747113681      0.00765523747113684       0.0048091612942475      0.00510908862006119      0.00510908862006121      0.00314203956546864         0.59835091552769       0.0518496000443551       0.0518496000443441        0.397778185349963                     0.05                     0.05                     0.05
                    0.227      0.00775460687232719      0.00775460687232719      0.00489630885685601      0.00518485502469929      0.00518485502469929      0.00320546243878845         0.58881518302362       0.0506111437814762       0.0506111437814787        0.396854011127811                     0.05                     0.05                     0.05
                    0.228      0.00785456467297961      0.00785456467297958      0.00498436385688618      0.00526117491215751      0.00526117491215749      0.00326966436550403        0.579454097083803       0.0494301007003936       0.0494301007004039        0.395935500381342                     0.05                     0.05                     0.05
                    0.229      0.00795513118459479      0.00795513118459484      0.00507333376411756      0.00533806308643597        0.005338063086436      0.00333465187097026         0.57026203554946       0.0483029358464813       0.0483029358464642        0.395022096646977                     0.05                     0.05                     0.05
                     0.23      0.00805632513692629      0.00805632513692641      0.00516322558585116      0.00541553330103592      0.00541553330103601      0.00340043118460043        0.561233916000991       0.0472263612924964       0.0472263612924512        0.394113305976453                     0.05                     0.05                     0.05
                    0.231       0.0081581638316392      0.00815816383163926      0.00525404590616264       0.0054935983582505      0.00549359835825054      0.00346700826288977        0.552365137890173       0.0461973200326564       0.0461973200326345        0.393208690420973                     0.05                     0.05                     0.05
                    0.232      0.00826066328229573      0.00826066328229564      0.00534580092204604      0.00557227020012613      0.00557227020012606      0.00353438881073552        0.543651483308974       0.0452129702288571       0.0452129702288905        0.392307862164801                     0.05                     0.05                     0.05
                    0.233      0.00836383834130413      0.00836383834130406      0.00543849647651997      0.00565155999135283      0.00565155999135278      0.00360257830106173        0.535089042876948       0.0442706700269359       0.0442706700269647        0.391410478259526                     0.05                     0.05                     0.05
                    0.234      0.00846770281464638      0.00846770281464638      0.00553213808883166      0.00573147819449398      0.00573147819449398      0.00367158199280262        0.526674198889825       0.0433679630830071       0.0433679630830071        0.390516235908115                     0.05                     0.05                     0.05
                    0.235      0.00857226956528368       0.0085722695652837      0.00562673098193286      0.00581203463804782      0.00581203463804783      0.00374140494732657         0.51840356658765        0.042502564885179        0.042502564885171          0.3896248682483                     0.05                     0.05                     0.05
                    0.236       0.0086775506061789      0.00867755060617894      0.00572228010742532      0.00589323857788254      0.00589323857788258      0.00381205204340277        0.510273962987374       0.0416723499100951       0.0416723499100774        0.388736140586334                     0.05                     0.05                     0.05
                    0.237      0.00878355718385352      0.00878355718385358      0.00581879016817616       0.0059750987525885      0.00597509875258855      0.00388352799081703        0.502282381413692       0.0408753396282673       0.0408753396282401        0.387849847035521                     0.05                     0.05                     0.05
                    0.238      0.00889029985337564      0.00889029985337567      0.00591626563880819      0.00605762343329243      0.00605762343329245       0.0039558373427498        0.494425957617659       0.0401096913446469       0.0401096913446317        0.386965807516687                     0.05                     0.05                     0.05
                    0.239      0.00899778854560752      0.00899778854560752      0.00601471078425619      0.00614082046844304      0.00614082046844305      0.00402898450702244        0.486701975686057       0.0393736878534294       0.0393736878534274        0.386083865082029                     0.05                     0.05                     0.05
                     0.24      0.00910603262750372      0.00910603262750371      0.00611412967657885      0.00622469732406301        0.006224697324063      0.00410297375632011        0.479107828791863       0.0386657278668387       0.0386657278668436        0.385203883526551                     0.05                     0.05                     0.05
                    0.241      0.00921504095616123      0.00921504095616125      0.00621452621019095      0.00630926111990762      0.00630926111990764      0.00417780923748443        0.471641019082531       0.0379843171830903       0.0379843171830825        0.384325745255866                     0.05                     0.05                     0.05
                    0.242      0.00932482192728833      0.00932482192728821      0.00631590411568289      0.00639451866195547      0.00639451866195538      0.00425349497997335        0.464299116190438       0.0373280605429111       0.0373280605429658        0.383449349381098                     0.05                     0.05                     0.05
                    0.243      0.00943538351867276      0.00943538351867278      0.00641826697236351      0.00648047647160128      0.00648047647160129      0.00433003490356634         0.45707979871094       0.0366956541335232       0.0366956541335165        0.382574610016154                     0.05                     0.05                     0.05
                    0.244      0.00954673332918885      0.00954673332918884       0.0065216182196652      0.00656714081189897      0.00656714081189896      0.00440743282539677        0.449980807416682       0.0360858786913608       0.0360858786913679        0.381701454754034                     0.05                     0.05                     0.05
                    0.245      0.00965887861381443      0.00965887861381444      0.00662596116752442      0.00665451771115886      0.00665451771115886      0.00448569246637738        0.442999951706445       0.0354975931623434       0.0354975931623381        0.380829823302554                     0.05                     0.05                     0.05
                    0.246      0.00977182631509656      0.00977182631509655      0.00673129900584839      0.00674261298418507      0.00674261298418506      0.00456481746737753        0.436135099755859       0.0349297288719352        0.034929728871944         0.37995966626127                     0.05                     0.05                     0.05
                    0.247      0.00988558309143553      0.00988558309143561      0.00683763481316179      0.00683143225139316      0.00683143225139322      0.00464481135450307        0.429384164750498       0.0343812841704421       0.0343812841704045        0.379090944024003                     0.05                     0.05                     0.05
                    0.248       0.0100001553425386       0.0100001553425386      0.00694497156451745      0.00692098096836241      0.00692098096836243      0.00472567760266285        0.422745139040887       0.0338513195103561       0.0338513195103406        0.378223625793122                     0.05                     0.05                     0.05
                    0.249       0.0101155492323415       0.0101155492323416      0.00705331213875464      0.00701126439320299      0.00701126439320301      0.00480741960211032         0.41621604120383       0.0333389529227639       0.0333389529227492        0.377357688692652                     0.05                     0.05                     0.05
                     0.25        0.010231770709671        0.010231770709671      0.00716265934684512      0.00710228767114069      0.00710228767114068      0.00489004067191924        0.409794926108832       0.0328433558584323       0.0328433558584404         0.37649311697024                     0.05                     0.05                     0.05
                    0.251       0.0103488255268863       0.0103488255268863      0.00727301585283237       0.0071940558012596       0.0071940558012596      0.00497354406389698        0.403479929365296       0.0323637493635412       0.0323637493635391        0.375629901277331                     0.05                     0.05                     0.05
                    0.252       0.0104667192816848       0.0104667192816849      0.00738438430496663      0.00728657365915699      0.00728657365915704      0.00505793296621494        0.397269175784424       0.0318994005622839       0.0318994005622532        0.374768038019801                     0.05                     0.05                     0.05
                    0.253       0.0105854573340037       0.0105854573340038      0.00749676725885768       0.0073798460073081      0.00737984600730813      0.00514321050678882          0.3911608832085       0.0314496194182871       0.0314496194182656        0.373907528771001                     0.05                     0.05                     0.05
                    0.254       0.0107050449648709       0.0107050449648708      0.00761016720245976      0.00747387750445285      0.00747387750445283      0.00522937975643168        0.385153256388064       0.0310137557540289       0.0310137557540462        0.373048379740905                     0.05                     0.05                     0.05
                    0.255       0.0108254872937805       0.0108254872937805      0.00772458656058072      0.00756867271410911      0.00756867271410912      0.00531644373180372        0.379244576569046       0.0305911965034521       0.0305911965034443        0.372190601295277                     0.05                     0.05                     0.05
                    0.256       0.0109467893133708       0.0109467893133708       0.0078400276990819      0.00766423611229748      0.00766423611229745      0.00540440539818016        0.373433122381195       0.0301813631806381       0.0301813631806565        0.371334207519516                     0.05                     0.05                     0.05
                    0.257       0.0110689558996916       0.0110689558996917      0.00795649292879305      0.00776057209456105      0.00776057209456108      0.00549326767205135        0.367717236943207       0.0297837095437431       0.0297837095437194        0.370479215822984                     0.05                     0.05                     0.05
                    0.258       0.0111919918215322       0.0111919918215323       0.0080739845091785      0.00785768498234837       0.0078576849823484       0.0055830334235775        0.362095266113425       0.0293977194393551       0.0293977194393336        0.369625646578984                     0.05                     0.05                     0.05
                    0.259       0.0113159017489046       0.0113159017489046      0.00819250465176464       0.0079555790288232       0.0079555790288232      0.00567370547890254        0.356565612725067        0.029022904812107       0.0290229048121086        0.368773522797799                     0.05                     0.05                     0.05
                     0.26       0.0114406902607689       0.0114406902607689      0.00831205552336705      0.00805425842416012       0.0080542584241601      0.00576528662235189        0.351126686875916       0.0286588038637804       0.0286588038637904        0.367922869828233                     0.05                     0.05                     0.05
                    0.261       0.0115663618520905       0.0115663618520905      0.00843263924912765      0.00815372730038721      0.00815372730038722      0.00585777959851938         0.34577693834318       0.0283049793413258       0.0283049793413187        0.367073715085427                     0.05                     0.05                     0.05
                    0.262       0.0116929209401672       0.0116929209401672      0.00855425791533705      0.00825398973572319      0.00825398973572316      0.00595118711422324        0.340514846903067       0.0279610170154177       0.0279610170154416        0.366226087805509                     0.05                     0.05                     0.05
                    0.263       0.0118203718706829       0.0118203718706829      0.00867691357220636      0.00835504975875038      0.00835504975875039      0.00604551184044709        0.335338911787921        0.027626524114379       0.0276265241143734        0.365380018813561                     0.05                     0.05                     0.05
                    0.264       0.0119487189228778       0.0119487189228778      0.00880060823634819      0.00845691135195635      0.00845691135195633      0.00614075641409213        0.330247663268511       0.0273011280797038       0.0273011280797216        0.364535540321938                     0.05                     0.05                     0.05
                    0.265       0.0120779663145467       0.0120779663145467      0.00892534389323341      0.00855957845518001      0.00855957845518002      0.00623692343972964        0.325239657919237       0.0269844752588649       0.0269844752588538        0.363692685737953                     0.05                     0.05                     0.05
                    0.266       0.0122081182065119        0.012208118206512      0.00905112249948092      0.00866305496869028       0.0086630549686903      0.00633401549125053        0.320313476820018       0.0266762297520928         0.02667622975208        0.362851489490853                     0.05                     0.05                     0.05
                    0.267       0.0123391787067397       0.0123391787067397      0.00917794594991593       0.0087673447560225      0.00876734475602249      0.00643203511345328        0.315467725116555       0.0263760723320482       0.0263760723320574        0.362011986872805                     0.05                     0.05                     0.05
                    0.268        0.012471151837587        0.012471151837587      0.00930581622084438      0.00887245164658337      0.00887245164658338      0.00653098479986089        0.310701033368042       0.0260836994392375       0.0260836994392293        0.361174213892991                     0.05                     0.05                     0.05
                    0.269       0.0126040416862387       0.0126040416862387      0.00943473515943824      0.00897837943804466      0.00897837943804465      0.00663086708965011        0.306012055554949       0.0257988222478775        0.025798822247885        0.360338207143888                     0.05                     0.05                     0.05
                     0.27       0.0127378521864393       0.0127378521864394      0.00956470462773725      0.00908513187466219      0.00908513187466222      0.00673168442513157        0.301399469957609       0.0255211657966368       0.0255211657966181        0.359504003678411                     0.05                     0.05                     0.05
                    0.271       0.0128725872695717       0.0128725872695717      0.00969572646886572      0.00919271274575486      0.00919271274575486      0.00683343924946196        0.296861974238625       0.0252504681788551        0.025250468178859        0.358671640897122                     0.05                     0.05                     0.05
                    0.272       0.0130082508302333       0.0130082508302333      0.00982780250875727      0.00930112574171085      0.00930112574171085       0.0069361339838062        0.292398292206481       0.0249864797879862       0.0249864797879937         0.35784115644471                     0.05                     0.05                     0.05
                    0.273        0.013144846728726        0.013144846728726       0.0099609345578071      0.00941037455361475      0.00941037455361475      0.00703977102861441        0.288007168461107       0.0247289626137804        0.024728962613777        0.357012588114772                     0.05                     0.05                     0.05
                    0.274       0.0132823787933532       0.0132823787933532       0.0100951244124513      0.00952046285022396      0.00952046285022397      0.00714435276485522        0.283687369464795       0.0244776895856011       0.0244776895855904        0.356185973762505                     0.05                     0.05                     0.05
                    0.275       0.0134208508225405       0.0134208508225405       0.0102303738566849       0.0096313942794373      0.00963139427943728      0.00724988155521297        0.279437683095572       0.0242324439590115       0.0242324439590281        0.355361351224197                     0.05                     0.05                     0.05
                    0.276       0.0135602665867945       0.0135602665867945       0.0103666846635135      0.00974317246965254      0.00974317246965255      0.00735635974524465        0.275256917514956       0.0239930187426918       0.0239930187426845        0.354538758243497                     0.05                     0.05                     0.05
                    0.277       0.0137006298305151       0.0137006298305151       0.0105040585963448      0.00985580103102253       0.0098558010310225      0.00746378966450052        0.271143902022023       0.0237592161625045       0.0237592161625245        0.353718232403763                     0.05                     0.05                     0.05
                    0.278       0.0138419442736724       0.0138419442736724       0.0106424974103292      0.00996928355661842      0.00996928355661842      0.00757217362761368        0.267097484998425        0.023530847159961        0.023530847159955        0.352899811065647                     0.05                     0.05                     0.05
                    0.279       0.0139842136133593       0.0139842136133593       0.0107820028536403       0.0100836236235074       0.0100836236235074      0.00768151393535312        0.263116537093781       0.0233077309229125       0.0233077309229132        0.352083531310157                     0.05                     0.05                     0.05
                     0.28       0.0141274415252316       0.0141274415252316       0.0109225766687106       0.0101988247937525       0.0101988247937525      0.00779181287564875        0.259199945985509       0.0230896944453854       0.0230896944453883        0.351269429886111                     0.05                     0.05                     0.05
                    0.281       0.0142716316648436       0.0142716316648435       0.0110642205934109       0.0103148906153405       0.0103148906153405        0.007903072724581        0.255346619547479       0.0228765721155472       0.0228765721155555        0.350457543162443                     0.05                     0.05                     0.05
                    0.282       0.0144167876688871       0.0144167876688871       0.0112069363621894       0.0104318246230434       0.0104318246230434      0.00801529574734587        0.251555484039752       0.0226682053287363       0.0226682053287366        0.349647907084093                     0.05                     0.05                     0.05
                    0.283        0.014562913156344        0.014562913156344       0.0113507257071628       0.0105496303392196       0.0105496303392196      0.00812848419918905         0.24782548485848       0.0224644421245317       0.0224644421245306        0.348840557131905                     0.05                     0.05                     0.05
                    0.284       0.0147100117295566       0.0147100117295566       0.0114955903591608       0.0106683112745589       0.0106683112745588      0.00824264032630981        0.244155584759922       0.0222651368457234       0.0222651368457326        0.348035528286235                     0.05                     0.05                     0.05
                    0.285       0.0148580869752242       0.0148580869752242       0.0116415320487367       0.0107878709287758       0.0107878709287758      0.00835776636674356        0.240544765476157       0.0220701498180624       0.0220701498180639          0.3472328549933                     0.05                     0.05                     0.05
                    0.286       0.0150071424653299       0.0150071424653299       0.0117885525071274        0.010908312791256        0.010908312791256        0.008473864551211        0.236992024829281       0.0218793470489852       0.0218793470489875        0.346432571135181                     0.05                     0.05                     0.05
                    0.287       0.0151571817580056       0.0151571817580056       0.0119366534671836       0.0110296403416579       0.0110296403416579      0.00859093710394795        0.233496379066984       0.0216925999442543         0.02169259994425        0.345634710002097                     0.05                     0.05                     0.05
                    0.288       0.0153082083983372       0.0153082083983372       0.0120858366642538       0.0111518570504744       0.0111518570504744      0.00870898624350351        0.230056861255533       0.0215097850411701       0.0215097850411666        0.344839304267861                     0.05                     0.05                     0.05
                    0.289       0.0154602259191158       0.0154602259191158       0.0122361038370401       0.0112749663795572       0.0112749663795572      0.00882801418352041        0.226672520512867       0.0213307837574865       0.0213307837574849        0.344046385967205                     0.05                     0.05                     0.05
                     0.29         0.01561323784154         0.01561323784154       0.0123874567284092       0.0113989717826062       0.0113989717826062      0.00894802313348398        0.223342422976192       0.0211554821545617        0.021155482154563        0.343255986476031                     0.05                     0.05                     0.05
                    0.291       0.0157672476758708       0.0157672476758709       0.0125398970861782       0.0115238767056269       0.0115238767056269      0.00906901529945419        0.220065650751151       0.0209837707142373       0.0209837707142307        0.342468136493213                     0.05                     0.05                     0.05
                    0.292       0.0159222589220447       0.0159222589220447       0.0126934266638578       0.0116496845873584       0.0116496845873584       0.0091909928847679        0.216841302223017       0.0208155441282479        0.020815544128246        0.341682866024975                     0.05                     0.05                     0.05
                    0.293        0.016078275070246        0.016078275070246       0.0128480472213691       0.0117763988596737       0.0117763988596737      0.00931395809072298        0.213668490711389       0.0206507010995877       0.0206507010995848        0.340900204370738                     0.05                     0.05                     0.05
                    0.294       0.0162352996014436       0.0162352996014436       0.0130037605257271       0.0119040229479544       0.0119040229479544      0.00943791311723829        0.210546343858873       0.0204891441547503       0.0204891441547492        0.340120180110873                     0.05                     0.05                     0.05
                    0.295       0.0163933359878932       0.0163933359878932       0.0131605683516905       0.0120325602714419       0.0120325602714419      0.00956286016349015        0.207474006839183       0.0203307794665973       0.0203307794666022        0.339342821096223                     0.05                     0.05                     0.05
                    0.296       0.0165523876936074       0.0165523876936074       0.0133184724823844       0.0121620142435666       0.0121620142435666      0.00968880142852879        0.204450638275217       0.0201755166866622       0.0201755166866651         0.33856815443902                     0.05                     0.05                     0.05
                    0.297       0.0167124581747973       0.0167124581747973       0.0134774747098948       0.0122923882722566       0.0122923882722566      0.00981573911187428        0.201475411306084       0.0200232687867141       0.0200232687867135        0.337796206505196                     0.05                     0.05                     0.05
                    0.298       0.0168735508802862       0.0168735508802862       0.0136375768358271       0.0124236857602275       0.0124236857602275       0.0099436754140864        0.198547512767682       0.0198739519088126       0.0198739519088205        0.337027002908457                     0.05                     0.05                     0.05
                    0.299       0.0170356692518981       0.0170356692518981       0.0137987806718496       0.0125559101052543       0.0125559101052543       0.0100726125373228        0.195666145324702       0.0197274852233954       0.0197274852233954        0.336260568504905                     0.05                     0.05                     0.05
                      0.3       0.0171988167248224       0.0171988167248224       0.0139610880401936       0.0126890647004272       0.0126890647004272       0.0102025526858649        0.192830523584847       0.0195837907947917       0.0195837907947917        0.335496927389831                     0.05                     0.05                     0.05
