                   T[GeV]                nU[GeV^3]                nD[GeV^3]                nS[GeV^3]             nUBar[GeV^3]             nDBar[GeV^3]            nSBbar[GeV^3]                W[GeV^-2]               effMU[GeV]               effMD[GeV]               effMS[GeV]              effCPU[GeV]              effCPD[GeV]              effCPS[GeV]
                     0.04     1.25824965215549e-05     1.25824965215549e-05      2.2882012995839e-07     5.74061311197053e-10     5.74061311197051e-10     1.03889745463217e-11          3.7076412177377        0.367001623983711        0.367001623983712        0.549186647605235                      0.2                      0.2                      0.2
                    0.041     1.45455207896416e-05     1.45455207896422e-05     2.95020145134814e-07      8.4737227149467e-10     8.47372271494706e-10     1.70946856554614e-11         3.73177557417263        0.366903167613796        0.366903167613794        0.549141479836914                      0.2                      0.2                      0.2
                    0.042     1.67194278196719e-05     1.67194278196719e-05     3.76215522832687e-07     1.22938457315999e-09     1.22938457315999e-09      2.7500084404257e-11         3.75456247941423        0.366794570934781        0.366794570934781        0.549091503371323                      0.2                      0.2                      0.2
                    0.043     1.91165466847458e-05     1.91165466847459e-05     4.74870730371533e-07     1.75516008555632e-09     1.75516008555632e-09     4.33181074348512e-11         3.77598825065222        0.366675302289158        0.366675302289158        0.549036435806142                      0.2                      0.2                      0.2
                    0.044     2.17492770293638e-05      2.1749277029364e-05     5.93696582892079e-07     2.46849543197546e-09     2.46849543197548e-09     6.69089609915525e-11          3.7960319278385        0.366544833565183        0.366544833565182        0.548975992413402                      0.2                      0.2                      0.2
                    0.045     2.46300824507012e-05     2.46300824507014e-05     7.35656242848569e-07     3.42345082462868e-09     3.42345082462871e-09     1.01470737977505e-10         3.81467177920353        0.366402640652427        0.366402640652426        0.548909886382064                      0.2                      0.2                      0.2
                    0.046     2.77714859847219e-05     2.77714859847202e-05     9.03970111837001e-07     4.68602368837609e-09      4.6860236883758e-09     1.51270017201887e-10         3.83190789493653        0.366248203794234        0.366248203794237          0.5488378290454                      0.2                      0.2                      0.2
                    0.047     3.11860674402744e-05     3.11860674402738e-05     1.10211966890925e-06     6.33596474700644e-09     6.33596474700632e-09     2.21917091602998e-10           3.847717793895        0.366081007848689         0.36608100784869        0.548759530096211                      0.2                      0.2                      0.2
                    0.048     3.48864623420273e-05     3.48864623420286e-05     1.33385032057232e-06     8.46873288349792e-09     8.46873288349821e-09      3.2069038139035e-10          3.8620964005854         0.36590054246856        0.365900542468558        0.548674697792173                      0.2                      0.2                      0.2
                    0.049     3.88853622622381e-05     3.88853622622387e-05     1.60317333568401e-06       1.119758389443e-08     1.11975838944302e-08     4.56914413493369e-10         3.87503711009142        0.365706302209574        0.365706302209573        0.548583039152859                      0.2                      0.2                      0.2
                     0.05     4.31955163411694e-05     4.31955163411716e-05     1.91436694376629e-06     1.46557872516088e-08     1.46557872516096e-08     6.42403350991679e-10         3.88653531059288          0.3654977865752        0.365497786575197        0.548484260149435                      0.2                      0.2                      0.2
                    0.051     4.78297338156546e-05     4.78297338156542e-05     2.27199781202207e-06     1.89989641662127e-08     1.89989641662125e-08     8.91927220061577e-10          3.8965507686317        0.365274500005114        0.365274500005115        0.548378065887473                      0.2                      0.2                      0.2
                    0.052     5.28008873943197e-05     5.28008873943176e-05     2.68081504691638e-06     2.44075396209362e-08     2.44075396209352e-08     1.22381889329814e-09         3.90518887292348        0.365035951813838         0.36503595181384        0.548264160783097                      0.2                      0.2                      0.2
                    0.053     5.81219173364384e-05     5.81219173364384e-05     3.14596061187675e-06      3.1089300587163e-08     3.10893005871631e-08     1.66057542311425e-09         3.91235481341283        0.364781656084895        0.364781656084895        0.548142248732215                      0.2                      0.2                      0.2
                    0.054     6.38058361083888e-05     6.38058361083892e-05     3.67275655790093e-06     3.92820523661057e-08     3.92820523661059e-08     2.22956233903286e-09         3.91807819007162        0.364511131525411        0.364511131525411        0.548012033272511                      0.2                      0.2                      0.2
                    0.055     6.98657335076573e-05     6.98657335076548e-05     4.26680882672429e-06     4.92563648714944e-08     4.92563648714926e-08     2.96380428578555e-09         3.92236063689159        0.364223901285361        0.364223901285363        0.547873217737681                      0.2                      0.2                      0.2
                    0.056     7.63147821589488e-05     7.63147821589469e-05     4.93398388959149e-06     6.13184006909868e-08     6.13184006909852e-08     3.90280011551592e-09          3.9252322945175        0.363919492745136        0.363919492745137        0.547725505403407                      0.2                      0.2                      0.2
                    0.057     8.31662433003883e-05     8.31662433003693e-05     5.68040622663335e-06     7.58128169073486e-08     7.58128169073309e-08     5.09346867521822e-09         3.92669247914781        0.363597437274568        0.363597437274584        0.547568599624348                      0.2                      0.2                      0.2
                    0.058     9.04334727802504e-05     9.04334727802626e-05     6.51245557664911e-06     9.31257329113747e-08     9.31257329113876e-08      6.5911401393558e-09         3.92675931689845        0.363257269966161        0.363257269966151        0.547402203961639                      0.2                      0.2                      0.2
                    0.059     9.81299272595721e-05     9.81299272595773e-05      7.4367640158808e-06     1.13687756779524e-07      1.1368775677953e-07     8.46062930625334e-09         3.92544501533605         0.36289852934508        0.362898529345076          0.5472260223004                      0.2                      0.2                      0.2
                     0.06     0.000106269170440295     0.000106269170440281      8.4602129192857e-06     1.37977063204449e-07      1.3797706320443e-07     1.07773841132618e-08         3.92276790299513        0.362520757058021        0.362520757058031        0.547039758956709                      0.2                      0.2                      0.2
                    0.061     0.000114864879444134     0.000114864879444149     9.58992985277281e-06     1.66522516441597e-07     1.66522516441619e-07     1.36287085266069e-08         3.91874704062647        0.362123497542394        0.362123497542384        0.546843118773517                      0.2                      0.2                      0.2
                    0.062     0.000123930851189586     0.000123930851189563     1.08332854398789e-05     1.99906832252844e-07     1.99906832252805e-07     1.71150585670195e-08         3.91341019873804        0.361706297678043        0.361706297678058        0.546635807205508                      0.2                      0.2                      0.2
                    0.063     0.000133481008785132     0.000133481008785154     1.21978902416768e-05     2.38769773381373e-07     2.38769773381413e-07     2.13514098762574e-08         3.90677194282401        0.361268706422471        0.361268706422457        0.546417530392369                      0.2                      0.2                      0.2
                    0.064     0.000143529407910169     0.000143529407910145     1.36915916841262e-05     2.83811373665225e-07     2.83811373665176e-07     2.64686949147136e-08         3.89886180703879         0.36081027443074        0.360810274430754        0.546187995220557                      0.2                      0.2                      0.2
                    0.065     0.000154090243166923     0.000154090243166908     1.53224710629121e-05     3.35795186482111e-07     3.35795186482078e-07     3.26153076083282e-08         3.88970498242409        0.360330553661153        0.360330553661161        0.545946909373189                      0.2                      0.2                      0.2
                    0.066     0.000165177854390022     0.000165177854390016     1.70988406516605e-05     3.95551553805072e-07     3.95551553805059e-07      3.9958673033773e-08         3.87932781617007        0.359829096968039        0.359829096968042        0.545693981368841                      0.2                      0.2                      0.2
                    0.067     0.000176806732907124     0.000176806732907136     1.90292409361055e-05     4.63980696257208e-07     4.63980696257241e-07     4.86868795455601e-08         3.86775501669923        0.359305457681048        0.359305457681042        0.545428920588226                      0.2                      0.2                      0.2
                    0.068     0.000188991527741183     0.000188991527741141     2.11224379929413e-05     5.42056738036244e-07      5.4205673803612e-07     5.90103706036383e-08         3.85502194310684        0.358759189173452        0.358759189173472         0.54515143729033                      0.2                      0.2                      0.2
                    0.069      0.00020174705175383      0.00020174705175383     2.33874210295296e-05     6.30830035193698e-07       6.308300351937e-07     7.11636934572091e-08         3.84115694408137        0.358189844418247        0.358189844418247        0.544861242617107                      0.2                      0.2                      0.2
                     0.07     0.000215088287726664     0.000215088287726682     2.58334000974786e-05     7.31431093938061e-07     7.31431093938125e-07     8.54073017739399e-08         3.82618741750921        0.357596975533318         0.35759697553331         0.54455804858781                      0.2                      0.2                      0.2
                    0.071     0.000229030394381731     0.000229030394381626     2.84698039908954e-05     8.45073773816813e-07      8.4507377381641e-07     1.02029409274423e-07         3.81014788839946        0.356980133315323        0.356980133315367        0.544241568082854                      0.2                      0.2                      0.2
                    0.072     0.000243588712339663     0.000243588712339714     3.13062783375698e-05     9.73059042666142e-07     9.73059042666358e-07      1.2134789143371e-07         3.79306901160058        0.356338866763701        0.356338866763681        0.543911514818314                      0.2                      0.2                      0.2
                    0.073     0.000258778770021674     0.000258778770021592     3.43526838898048e-05     1.11677668871267e-06      1.1167766887123e-06     1.43712232346194e-07         3.77497526687169        0.355672722593023        0.355672722593055        0.543567603310718                      0.2                      0.2                      0.2
                    0.074        0.000274616289495     0.000274616289495097     3.76190950194271e-05     1.27771114314606e-06     1.27771114314653e-06      1.6950551390886e-07         3.75592308088554        0.354981244735116         0.35498124473508         0.54320954883326                      0.2                      0.2                      0.2
                    0.075     0.000291117192265831     0.000291117192265655     4.11157984201384e-05      1.4574432452118e-06     1.45744324521088e-06     1.99146444562519e-07         3.73592152013229        0.354263973830385        0.354263973830448         0.54283706736393                      0.2                      0.2                      0.2
                    0.076     0.000308297605022883     0.000308297605022798     4.48532920192113e-05     1.65765402997215e-06     1.65765402997168e-06     2.33091424936877e-07         3.71501156881083         0.35352044670814        0.353520446708169        0.542449875525654                      0.2                      0.2                      0.2
                    0.077     0.000326173865336541     0.000326173865336524     4.88422840989385e-05     1.88012813543666e-06     1.88012813543656e-06     2.71836647866927e-07         3.69322472987401        0.352750195855058        0.352750195855063        0.542047690519577                      0.2                      0.2                      0.2
                    0.078     0.000344762527311067     0.000344762527311144     5.30936926273678e-05      2.1267572265978e-06      2.1267572265983e-06      3.1592023038713e-07         3.67058651836725        0.351952748873268        0.351952748873244        0.541630230052115                      0.2                      0.2                      0.2
                    0.079     0.000364080367200635     0.000364080367200528     5.76186447973781e-05     2.39954343886846e-06     2.39954343886772e-06     3.65924375463638e-07         3.64715889014749        0.351127627924716         0.35112762792475        0.541197212255612                      0.2                      0.2                      0.2
                     0.08     0.000384144388979685     0.000384144388979395      6.2428476771292e-05     2.70060284361849e-06     2.70060284361634e-06     4.22477561379941e-07         3.62293311769137        0.350274349165029        0.350274349165115        0.540748355604538                      0.2                      0.2                      0.2
                    0.081     0.000404971829879989     0.000404971829879512     6.75347336287266e-05     3.03216893893817e-06      3.0321689389344e-06     4.86256756866505e-07         3.59797213397865         0.34939242216248        0.349392422162618         0.54028337882676                      0.2                      0.2                      0.2
                    0.082     0.000426580165886992     0.000426580165886629      7.2949169514213e-05     3.39659616891357e-06     3.39659616891051e-06     5.57989660236466e-07         3.57229710628041        0.348481349303829        0.348481349303931         0.53980200081066                      0.2                      0.2                      0.2
                    0.083     0.000448987117193418     0.000448987117193746     7.86837479796985e-05     3.79636347497932e-06     3.79636347498227e-06     6.38456960959499e-07         3.54593846463256        0.347540625186334        0.347540625186245        0.539303940509989                      0.2                      0.2                      0.2
                    0.084     0.000472210653612691     0.000472210653612904      8.4750642518179e-05     4.23407788317045e-06     4.23407788317249e-06     7.28494622295112e-07         3.51892181967586         0.34656973599428        0.346569735994224        0.538788916845724                      0.2                      0.2                      0.2
                    0.085     0.000496268999930894     0.000496268999931133     9.11622372834163e-05     4.71247813129998e-06      4.7124781313024e-06     8.28996183779495e-07         3.49129373885475        0.345568158858842        0.345568158858781        0.538256648605756                      0.2                      0.2                      0.2
                    0.086     0.000521180641235118     0.000521180641235413     9.79311279886324e-05     5.23443834016266e-06     5.23443834016582e-06     9.40915082519463e-07         3.46307636312813        0.344535361202782         0.34453536120271        0.537706854344928                      0.2                      0.2                      0.2
                    0.087     0.000546964328136962     0.000546964328137743     0.000105070122979757     5.80297173317617e-06     5.80297173318503e-06     1.06526699244313e-06         3.43428877407845        0.343470800066761        0.343470800066575        0.537139252283914                      0.2                      0.2                      0.2
                    0.088     0.000573639081951877      0.00057363908195097     0.000112592244475652     6.42123440898712e-06     6.42123440897624e-06     1.20313218079934e-06         3.40498518403623        0.342373921415547        0.342373921415757         0.53655356020895                      0.2                      0.2                      0.2
                    0.089     0.000601224199770611      0.00060122419977053     0.000120510729967983     7.09252917139268e-06     7.09252917139164e-06     1.35565788135909e-06         3.37516767947611         0.34124415942792        0.341244159427938        0.535949495373217                      0.2                      0.2                      0.2
                     0.09     0.000629739259437972     0.000629739259438637     0.000128839033772064     7.82030942151498e-06     7.82030942152386e-06      1.5240606839095e-06         3.34487738772171        0.340080935762788        0.340080935762643        0.535326774401425                      0.2                      0.2                      0.2
                    0.091      0.00065920412438903     0.000659204124388403     0.000137590828721067     8.60818311655531e-06     8.60818311654647e-06     1.70962893978444e-06         3.31414188205927        0.338883658807364        0.338883658807497        0.534685113197364                      0.2                      0.2                      0.2
                    0.092     0.000689638948354359     0.000689638948353113     0.000146780007994868     9.45991680025351e-06     9.45991680023506e-06     1.91372518329849e-06         3.28298820049672        0.337651722898241        0.337651722898498         0.53402422685502                      0.2                      0.2                      0.2
                    0.093     0.000721064179859995     0.000721064179860636     0.000156420687068523     1.03794397090675e-05     1.03794397090775e-05     2.13778856898809e-06         3.25143383080371        0.336384507524317        0.336384507524188        0.533343829578147                      0.2                      0.2                      0.2
                    0.094     0.000753500566536489     0.000753500566535502      0.00016652720577412     1.13708479592437e-05     1.13708479592275e-05     2.38333732477227e-06         3.21951969767654        0.335081376500116        0.335081376500309         0.53264363460479                      0.2                      0.2                      0.2
                    0.095      0.00078696915914803      0.00078696915914729     0.000177114130459804     1.24384088184014e-05     1.24384088183887e-05     2.65197122111101e-06         3.18725976038093        0.333741677118826        0.333741677118967        0.531923354141023                      0.2                      0.2                      0.2
                    0.096     0.000821491315349301     0.000821491315348568     0.000188196256232184     1.35865650665566e-05     1.35865650665434e-05     2.94537405633094e-06         3.15467091069203        0.332364739273236        0.332364739273372        0.531182699304783                      0.2                      0.2                      0.2
                    0.097     0.000857088703041743     0.000857088703041366     0.000199788609263149     1.48199394491078e-05     1.48199394491007e-05     3.26531615825618e-06         3.12179196181216         0.33094987455825        0.330949874558318        0.530421380083189                      0.2                      0.2                      0.2
                    0.098     0.000893783303370987     0.000893783303370836     0.000211906449151262     1.61433392268945e-05     1.61433392268915e-05     3.61365690245056e-06         3.08863486265791        0.329496375334454        0.329496375334481        0.529639105299628                      0.2                      0.2                      0.2
                    0.099      0.00093159741317338     0.000931597413172288     0.000224565271302163      1.7561760823973e-05     1.75617608239504e-05     3.99234724696456e-06         3.05522775022715        0.328003513774815        0.328003513775004         0.52883558260248                      0.2                      0.2                      0.2
                      0.1     0.000970553646878971     0.000970553646878213     0.000237780809319717     1.90803945767418e-05     1.90803945767254e-05     4.40342861182346e-06          3.0215815917943        0.326470540877141        0.326470540877269        0.528010518467807                      0.2                      0.2                      0.2
                    0.101      0.00101067493775428      0.00101067493775399       0.0002515690373725     2.07046295853129e-05     2.07046295853064e-05     4.84904989072955e-06         2.98774763068141         0.32489668544667        0.324896685446718        0.527163618224513                      0.2                      0.2                      0.2
                    0.102      0.00105198453832705      0.00105198453832397      0.00026594617250319     2.24400586661675e-05     2.24400586660948e-05     5.33145289836679e-06         2.95370288728561        0.323281153057054        0.323281153057552        0.526294586105639                      0.2                      0.2                      0.2
                    0.103      0.00109450601994014      0.00109450601994113     0.000280928676855163     2.42924834064156e-05     2.42924834064402e-05     5.85297252443121e-06          2.9194879953055        0.321623124977885        0.321623124977727        0.525403125324204                      0.2                      0.2                      0.2
                    0.104      0.00113826327122688      0.00113826327122618     0.000296533259763318     2.62679193154719e-05     2.62679193154539e-05     6.41606015550577e-06         2.88509302251712        0.319921757080581        0.319921757080689        0.524488938184461                      0.2                      0.2                      0.2
                    0.105      0.00118328049538208      0.00118328049538497     0.000312776879678437       2.837260107025e-05      2.8372601070327e-05     7.02327039299077e-06          2.8506034784617        0.318176178717757        0.318176178717321        0.523551726225163                      0.2                      0.2                      0.2
                    0.106      0.00122958220600707      0.00122958220600706     0.000329676745853841     3.06129878459907e-05     3.06129878459905e-05     7.67726761107999e-06         2.81598703973964        0.316385491583563        0.316385491583564        0.522591190409012                      0.2                      0.2                      0.2
                    0.107      0.00127719322132538      0.00127719322132347     0.000347250319753829     3.29957687230754e-05     3.29957687230201e-05     8.38082860821326e-06         2.78129504699279        0.314548768555981        0.314548768556258        0.521607031354383                      0.2                      0.2                      0.2
                    0.108      0.00132613865652449      0.00132613865652454     0.000365515316099322     3.55278681566335e-05      3.5527868156635e-05     9.13684526540996e-06         2.74646863101192        0.312665052524893        0.312665052524885         0.52059894962301                      0.2                      0.2                      0.2
                    0.109      0.00137644391389375      0.00137644391389694     0.000384489703473665     3.82164514902348e-05     3.82164514903342e-05     9.94832720771262e-06         2.71159212877539        0.310733355217983        0.310733355217538        0.519566646069205                      0.2                      0.2                      0.2
                     0.11      0.00142813467055403        0.001428134670555     0.000404191704408135      4.1068930495118e-05     4.10689304951493e-05     1.08184044641968e-05         2.67666107369304        0.308752656014374        0.308752656014242        0.518509822254473                      0.2                      0.2                      0.2
                    0.111      0.00148123686313713      0.00148123686313637     0.000424639794817937     4.40929688987071e-05     4.40929688986814e-05     1.17503301198753e-05         2.64169266540418        0.306721900792807         0.30672190079291        0.517428180946222                      0.2                      0.2                      0.2
                    0.112      0.00153577666928602      0.00153577666928898     0.000445852702689568     4.72964878765009e-05     4.72964878766044e-05      1.2747482952533e-05         2.60669494363326        0.304640000783186        0.304640000782794        0.516321426702129                      0.2                      0.2                      0.2
                    0.113      0.00159178048529985      0.00159178048529656     0.000467849405863747     5.06876714586616e-05     5.06876714585424e-05     1.38133700448126e-05         2.57169277436792        0.302505831462032        0.302505831462459        0.515189266558356                      0.2                      0.2                      0.2
                    0.114      0.00164927489935407      0.00164927489935576      0.00049064912876335     5.42749717977559e-05     5.42749717978192e-05     1.49516293605191e-05         2.53667906429203        0.300318231509443        0.300318231509228        0.514031410831371                      0.2                      0.2                      0.2
                    0.115      0.00170828665966445      0.00170828665966457     0.000514271337848225     5.80671142332476e-05     5.80671142332523e-05     1.61660322703848e-05         2.50167759193351        0.298076001846697        0.298076001846682        0.512847574059452                      0.2                      0.2                      0.2
                    0.116      0.00176884263694387      0.00176884263695022     0.000538735735645819     6.20731020777453e-05     6.20731020780014e-05     1.74604860125676e-05         2.46668816510209        0.295777904769707        0.295777904768922        0.511637476080812                      0.2                      0.2                      0.2
                    0.117      0.00183096978013821      0.00183096978014162     0.000564062253026004     6.63022210232353e-05     6.63022210233772e-05     1.88390360652216e-05         2.43173949951356        0.293422663234321        0.293422663233907        0.510400843296011                      0.2                      0.2                      0.2
                    0.118      0.00189469506431889      0.00189469506431832     0.000590271039477817     7.07640430511359e-05     7.07640430511113e-05     2.03058684082721e-05         2.39684346622488        0.291008960334227        0.291008960334295        0.509137410122688                      0.2                      0.2                      0.2
                    0.119      0.00196004543021687        0.001960045430223     0.000617382451080199     7.54684297202035e-05     7.54684297204771e-05     2.18653116463629e-05         2.36197577255615        0.288535438985107        0.288535438984384        0.507846920663564                      0.2                      0.2                      0.2
                     0.12      0.00202704771329553      0.00202704771329838     0.000645417035728649     8.04255481946555e-05     8.04255481947871e-05     2.35218389565917e-05         2.32719396039973        0.286000701920613        0.286000701920281        0.506529130634804                      0.2                      0.2                      0.2
                    0.121      0.00209572856123591      0.00209572856123183     0.000674395515171214       8.564580501285e-05     8.56458050126555e-05     2.52800698195285e-05         2.29247161228683        0.283403312067397        0.283403312067865         0.50518380958941                      0.2                      0.2                      0.2
                    0.122      0.00216611433868759      0.00216611433868311     0.000704338763494527     9.11399817956311e-05     9.11399817954105e-05     2.71447714903678e-05         2.25783410015654        0.280741793307315        0.280741793307822        0.503810743436947                      0.2                      0.2                      0.2
                    0.123      0.00223823101600893      0.00223823101600408     0.000735267781198175     9.69190985442032e-05     9.69190985439564e-05     2.91208601419998e-05           2.223301415378        0.278014631889054        0.278014631889595        0.502409737377287                      0.2                      0.2                      0.2
                    0.124       0.0023121040411832      0.00231210404118813      0.00076720366447125     0.000102994478262795     0.000102994478263054     3.12134016223722e-05         2.18886755595691        0.275220278452231        0.275220278451688        0.500980619224405                      0.2                      0.2                      0.2
                    0.125      0.00238775819178263      0.00238775819177703     0.000800167568757105     0.000109377728079505     0.000109377728079202      3.3427611740338e-05         2.15453969658263        0.272357150887037        0.272357150887646        0.499523243216465                      0.2                      0.2                      0.2
                    0.126      0.00246521740398911      0.00246521740399284     0.000834180665746046     0.000116080731189239     0.000116080731189448     3.57688559859592e-05         2.12032883430272        0.269423638223361        0.269423638222959        0.498037494370773                      0.2                      0.2                      0.2
                    0.127      0.00254450457559201      0.00254450457560305     0.000869264092758541     0.000123115635528507     0.000123115635529143     3.82426485725916e-05         2.08624835868148        0.266418105746516         0.26641810574534        0.496523293462224                      0.2                      0.2                      0.2
                    0.128      0.00262564134000869      0.00262564134000102     0.000905438893568849     0.000130494838570424     0.000130494838569968     4.08546506793874e-05         2.05230741985718        0.263338901522942        0.263338901523751        0.494980602663799                      0.2                      0.2                      0.2
                    0.129      0.00270864780596706      0.00270864780597411     0.000942725949088738     0.000138230967404773     0.000138230967405204     4.36106677301557e-05         2.01850508345295        0.260184364778515        0.260184364777779        0.493409432001217                      0.2                      0.2                      0.2
                     0.13      0.00279354225989514      0.00279354225988274     0.000981145896723528     0.000146336853301216     0.000146336853300433     4.65166455445914e-05         1.98485897027601        0.256952836320276         0.25695283632156        0.491809846659834                      0.2                      0.2                      0.2
                    0.131      0.00288034082497565      0.00288034082497687      0.00102071903667271     0.000154825499660702     0.000154825499660781     4.95786651544865e-05         1.95138182554353         0.25364267153813        0.253642671538005        0.490181975271679                      0.2                      0.2                      0.2
                    0.132      0.00296905707267842      0.00296905707266986      0.00106146522346399      0.00016371004223619     0.000163710042235616     5.28029360561224e-05         1.91806348740236        0.250252256353237        0.250252256354109        0.488526019276372                      0.2                      0.2                      0.2
                    0.133      0.00305970157939455      0.00305970157940148      0.00110340374054916     0.000173003700152375     0.000173003700152853     5.61957876225979e-05         1.88492518890123        0.246780026852214        0.246780026851513        0.486842263509273                      0.2                      0.2                      0.2
                    0.134      0.00315228142531807      0.00315228142531325       0.0011465531563553     0.000182719716380951     0.000182719716380608      5.9763658401846e-05         1.85198303807893        0.243224492942846        0.243224492943331        0.485131088036306                      0.2                      0.2                      0.2
                    0.135      0.00324679962624756      0.00324679962625533      0.00119093115902661     0.000192871285719151     0.000192871285719719     6.35130829377356e-05         1.81924216562633        0.239584267115751        0.239584267114974        0.483392981446547                      0.2                      0.2                      0.2
                    0.136      0.00334325449543721      0.00334325449541991      0.00123655436799954     0.000203471468549427     0.000203471468548124     6.74506757663523e-05          1.7867166787767        0.235858098852705        0.235858098854428        0.481628555619285                      0.2                      0.2                      0.2
                    0.137      0.00344163892942356      0.00344163892940751      0.00128343812011122     0.000214533088245912     0.000214533088244669     7.15831121850803e-05         1.75441233280739        0.232044915705715        0.232044915707306        0.479838562051133                      0.2                      0.2                      0.2
                    0.138      0.00354193961410296      0.00354193961411057      0.00133159622812715     0.000226068610048828     0.000226068610049435     7.59171053689451e-05         1.72234833521915        0.228143872032494        0.228143872031741        0.478023909785053                      0.2                      0.2                      0.2
                    0.139      0.00364413615161429      0.00364413615162507      0.00138104071062414     0.000238089999374616       0.0002380899993755     8.04593794395321e-05         1.69054002257802        0.224154406204507        0.224154406203444        0.476185684817581                      0.2                      0.2                      0.2
                     0.14      0.00374820050955665      0.00374820050955666      0.00143178155532539       0.0002506085911785     0.000250608591178501     8.52166420149025e-05         1.65899925747063        0.220076267940087        0.220076267940086         0.47432516134403                      0.2                      0.2                      0.2
                    0.141      0.00385409442973604      0.00385409442973605      0.00148382614130526     0.000263634770002855     0.000263634770002857     9.01955325651796e-05         1.62774060634198        0.215909749982193        0.215909749982192        0.472443861481169                      0.2                      0.2                      0.2
                    0.142      0.00396177063344583      0.00396177063344583      0.00153717924393554     0.000277177945147765     0.000277177945147765     9.54026034363567e-05         1.59678409893674        0.211655551289015        0.211655551289015        0.470543522470941                      0.2                      0.2                      0.2
                    0.143      0.00407117021746038      0.00407117021746042      0.00159184241881031     0.000291246187693639     0.000291246187693642     0.000100844258903711         1.56615146761282        0.207315023450654         0.20731502345065        0.468626155623373                      0.2                      0.2                      0.2
                    0.144      0.00418222189525567      0.00418222189525564      0.00164781366201323      0.00030584599497331     0.000305845994973308     0.000106526707145115         1.53586274503112         0.20289024623695        0.202890246236953        0.466694059263807                      0.2                      0.2                      0.2
                    0.145      0.00429484092240753       0.0042948409224075      0.00170508700802108     0.000320982004061135     0.000320982004061132     0.000112455904206753         1.50593998528463        0.198384148843486        0.198384148843489        0.464749838380072                      0.2                      0.2                      0.2
                    0.146      0.00440892813300171      0.00440892813300171      0.00176365213851977     0.000336656689988382     0.000336656689988382     0.000118637494445615         1.47639470044728        0.193800638770849        0.193800638770849        0.462796420437279                      0.2                      0.2                      0.2
                    0.147      0.00452436917088776      0.00452436917088776       0.0018234940237247     0.000352870058266854     0.000352870058266854     0.000125076749037666         1.44727180335495        0.189144734344505        0.189144734344505        0.460837065285298                      0.2                      0.2                      0.2
                    0.148      0.00464103401903866      0.00464103401903866      0.00188459262392833     0.000369619345536031     0.000369619345536031     0.000131778504868675         1.41859018965552        0.184422694887218        0.184422694887218        0.458875366681128                      0.2                      0.2                      0.2
                    0.149       0.0047587769481671      0.00475877694816711      0.00194692268541985     0.000386898746889941     0.000386898746889942      0.00013874710694293         1.39037740520837         0.17964214023701        0.179642140237008        0.456915242622402                      0.2                      0.2                      0.2
                     0.15      0.00487743701498767      0.00487743701498764      0.00201045366745901     0.000404699193256599     0.000404699193256596     0.000145986358282834         1.36265286032134        0.174812148831832        0.174812148831835        0.454960911531863                      0.2                      0.2                      0.2
                    0.151      0.00499683924959058      0.00499683924959054      0.00207514984713209     0.000423008206371457     0.000423008206371454     0.000153499482031021         1.33545025750621        0.169943321276233        0.169943321276236        0.453016851464088                      0.2                      0.2                      0.2
                    0.152      0.00511679664349452      0.00511679664349455      0.00214097063537445     0.000441809861385142     0.000441809861385146     0.000161289100937996         1.30880149512162        0.165047794643286        0.165047794643282        0.451087740054405                      0.2                      0.2                      0.2
                    0.153      0.00523711302551892       0.0052371130255189      0.00220787114252186     0.000461084886719791     0.000461084886719789     0.000169357239415852         1.28272338075092        0.160139192374911        0.160139192374913        0.449178374010975                      0.2                      0.2                      0.2
                    0.154      0.00535758684253358       0.0053575868425336      0.00227580301044111     0.000480810926164124     0.000480810926164126      0.00017770535265085         1.25723439883347        0.155232496210947        0.155232496210945        0.447293568621062                      0.2                      0.2                      0.2
                    0.155      0.00547801577677216      0.00547801577677215      0.00234471550891252     0.000500962978431631     0.000500962978431629     0.000186334385735148         1.23236202423477        0.150343830689168        0.150343830689169          0.4454380399502                      0.2                      0.2                      0.2
                    0.156      0.00559820202474178      0.00559820202474175      0.00241455686542178     0.000521514014348518     0.000521514014348514     0.000195244863367284         1.20810644731392        0.145490157668835        0.145490157668838         0.44361627495303                      0.2                      0.2                      0.2
                    0.157      0.00571795795210093      0.00571795795210094       0.0024852757660825     0.000542435752586157     0.000542435752586158     0.000204437007548973         1.18449200904711        0.140688887698079        0.140688887698078        0.441832397210105                      0.2                      0.2                      0.2
                    0.158      0.00583711174430093      0.00583711174430093      0.00255682293588035     0.000563699553944994     0.000563699553944994     0.000213910877271621         1.16150220706832        0.135957425785005        0.135957425785005        0.440090037950368                      0.2                      0.2                      0.2
                    0.159      0.00595551230279228      0.00595551230275452      0.00262915265839256      0.00058527733232035     0.000585277332315178     0.000223666518594874         1.13916756647101        0.131312717348515        0.131312717353067         0.43839222564978                      0.2                      0.2                      0.2
                     0.16      0.00607303490400858      0.00607303490401413      0.00270222428313404     0.000607142677412447     0.000607142677413225     0.000233704129162871         1.11746494426952        0.126770595511154        0.126770595510469        0.436741286639359                      0.2                      0.2                      0.2
                    0.161       0.0061895822106894      0.00618958221063461      0.00277600316565069     0.000629271427965212     0.000629271427957378     0.000244024184642273         1.09637028282057        0.122345572854998        0.122345572861925        0.435138810653049                      0.2                      0.2                      0.2
                    0.162      0.00630508735970252      0.00630508735970618        0.002850461582867     0.000651642574024835     0.000651642574025369     0.000254627572982186         1.07588075336374        0.118050282991378        0.118050282990904        0.433585620401229                      0.2                      0.2                      0.2
                    0.163      0.00641951365152803      0.00641951365150032      0.00292557908441485     0.000674238710285384      0.00067423871028126     0.000265515683375873          1.0559731934853        0.113895242298799        0.113895242302484        0.432081797039197                      0.2                      0.2                      0.2
                    0.164      0.00653285316922264      0.00653285316921503      0.00300134248958627     0.000697046317298384     0.000697046317297229      0.00027669046429104         1.03662232481907        0.109888683901421        0.109888683902461        0.430626735672929                      0.2                      0.2                      0.2
                    0.165      0.00664512418686616      0.00664512418686639      0.00307774553542253      0.00072005582213187     0.000720055822131906     0.000288154446937175         1.01780647268841        0.106036511242233          0.1060365112422        0.429219227527873                      0.2                      0.2                      0.2
                    0.166      0.00675636769345531      0.00675636769345962      0.00315478824565247     0.000743261462140401     0.000743261462141079     0.000299910737178915         0.99949304909682        0.102342362413682        0.102342362413062        0.427857559940661                      0.2                      0.2                      0.2
                    0.167       0.0068666434073211      0.00686664340730915      0.00323247610926245     0.000766660993120886     0.000766660993118971     0.000311962981798295        0.981659193189879       0.0988077651644862       0.0988077651662548        0.426539624639913                      0.2                      0.2                      0.2
                    0.168      0.00697602562805034      0.00697602562805644      0.00331081915686684     0.000790255289090194     0.000790255289091188     0.000324315316115571        0.964279787103715       0.0954323584843921       0.0954323584834641        0.425263025895438                      0.2                      0.2                      0.2
                    0.169      0.00708459921918178      0.00708459921918481      0.00338983101415925     0.000814047881313811     0.000814047881314313     0.000336972300198911        0.947329213690717       0.0922141549956192       0.0922141549951464        0.424025181783245                      0.2                      0.2                      0.2
                     0.17      0.00719245593711163      0.00719245593711287      0.00346952799557222     0.000838044478485257     0.000838044478485467     0.000349938850195493        0.930786840332409       0.0891498204483416       0.0891498204481413        0.422823413892381                      0.2                      0.2                      0.2
                    0.171      0.00729969124127919      0.00729969124128129      0.00354992828199003     0.000862252501202188     0.000862252501202547     0.000363220170033959        0.914623546466219       0.0862349506192087        0.086234950618862        0.421655022893812                      0.2                      0.2                      0.2
                    0.172      0.00740640164541967      0.00740640164541631      0.00363105120771847     0.000886680653531883     0.000886680653531301     0.000376821687250641        0.898825398040582       0.0834643314076767       0.0834643314082454        0.420517349189437                      0.2                      0.2                      0.2
                    0.173      0.00751268261435393      0.00751268261435369      0.00371291666683185     0.000911338545476606     0.000911338545476565     0.000390748995321193        0.883371521373249       0.0808321727121097       0.0808321727121502        0.419407819159874                      0.2                      0.2                      0.2
                    0.174      0.00761862697154622      0.00761862697154626      0.00379554463780364     0.000936236372564097     0.000936236372564104     0.000405007803729196        0.868246161979169        0.078332310974472       0.0783323109744651        0.418323978373244                      0.2                      0.2                      0.2
                    0.175       0.0077243237562132      0.00772432375621456      0.00387895481696087     0.000961384652574031     0.000961384652574277     0.000419603896016835        0.853432902240883       0.0759583792210782       0.0759583792208292        0.417263513645947                      0.2                      0.2                      0.2
                    0.176      0.00782985746127523      0.00782985746127519      0.00396316634789462     0.000986794016131527     0.000986794016131519     0.000434543095540476        0.838919809479279       0.0737039453560178       0.0737039453560267        0.416224265922931                      0.2                      0.2                      0.2
                    0.177      0.00793530757998182      0.00793530757998118      0.00404819763169518      0.00101247504531019      0.00101247504531007     0.000449831238215678        0.824693655371115       0.0715626213829747       0.0715626213830976        0.415204235930784                      0.2                      0.2                      0.2
                    0.178      0.00804074839406155      0.00804074839406142      0.00413406620302546      0.00103843815344822      0.00103843815344819     0.000465474151357426        0.810742882596636       0.0695281470219418       0.0695281470219689        0.414201584358216                      0.2                      0.2                      0.2
                    0.179      0.00814624894480482      0.00814624894480523      0.00422078865837176      0.00106469349935538      0.00106469349935546     0.000481477637689943        0.797058290409668       0.0675944513761353       0.0675944513760523        0.413214628051347                      0.2                      0.2                      0.2
                     0.18      0.00825187313677684      0.00825187313677684      0.00430838062423792      0.00109125092930932      0.00109125092930932     0.000497847463599877         0.78362943053873       0.0657556964323489       0.0657556964323509        0.412241833466732                      0.2                      0.2                      0.2
                    0.181      0.00835767993388987       0.0083576799338899      0.00439685675512296      0.00111811994107185      0.00111811994107186      0.00051458935080953        0.770449597338451       0.0640063057630454       0.0640063057630385        0.411281808356311                      0.2                      0.2                      0.2
                    0.182      0.00846372361562118      0.00846372361562118      0.00448623075296388       0.0011453096648837       0.0011453096648837     0.000531708970749777        0.757508205713283       0.0623409815035671       0.0623409815035674        0.410333292435142                      0.2                      0.2                      0.2
                    0.183      0.00857005406883845      0.00857005406883842      0.00457651540134428      0.00117282885727016      0.00117282885727016     0.000549211941013334        0.744801214652803        0.060754712201916       0.0607547122019215        0.409395147598406                      0.2                      0.2                      0.2
                    0.184      0.00867671709679959      0.00867671709679966      0.00466772260935578      0.00120068590424568      0.00120068590424569     0.000567103823389758         0.73231970587689       0.0592427737351955       0.0592427737351817         0.40846634808981                      0.2                      0.2                      0.2
                    0.185      0.00878375473199471      0.00878375473199471      0.00475986346350716      0.00122888883120674      0.00122888883120674     0.000585390123073589        0.720059902317956       0.0578007250791021       0.0578007250791016        0.407545970904665                      0.2                      0.2                      0.2
                    0.186      0.00889120554342646       0.0088912055434267      0.00485294827075414      0.00125744531738357      0.00125744531738362     0.000604076288720109        0.708016021209865       0.0564244003769588       0.0564244003769021        0.406633186616092                      0.2                      0.2                      0.2
                    0.187      0.00899910493202928      0.00899910493202928      0.00494698662562006      0.00128636271321856      0.00128636271321856     0.000623167713099018         0.69617925524524       0.0551098984463055       0.0551098984463056        0.405727250738287                      0.2                      0.2                      0.2
                    0.188      0.00910748541267243      0.00910748541267245      0.00504198745310816      0.00131564805943216      0.00131564805943217     0.000642669734149828        0.684556260570351       0.0538535706175998       0.0538535706175955        0.404827495690697                      0.2                      0.2                      0.2
                    0.189      0.00921637686557372      0.00921637686557386      0.00513795906151438      0.00134530810686239      0.00134530810686242     0.000662587636293182        0.673129088467743       0.0526520075848959       0.0526520075848619        0.403933323387284                      0.2                      0.2                      0.2
                     0.19      0.00932580679357183       0.0093258067935719      0.00523490919045094      0.00137534933640963      0.00137534933640964     0.000682926651887477        0.661901694074283       0.0515020257879359       0.0515020257879179        0.403044198449909                      0.2                      0.2                      0.2
                    0.191      0.00943580053478174      0.00943580053478173       0.0053328450560355      0.00140577797861541      0.00140577797861541     0.000703691962750303        0.650867423161018       0.0504006537091756       0.0504006537091767        0.402159642026716                      0.2                      0.2                      0.2
                    0.192      0.00954638146897145      0.00954638146897139      0.00543177339306709      0.00143660003255521       0.0014366000325552     0.000724888701688258        0.640022382772984       0.0493451183614523       0.0493451183614703        0.401279226184548                      0.2                      0.2                      0.2
                    0.193      0.00965757120323178      0.00965757120323185      0.00553170049307914      0.00146782128383157      0.00146782128383159     0.000746521953993649         0.62936306728302       0.0483328321678818       0.0483328321678631        0.400402568839091                      0.2                      0.2                      0.2
                    0.194      0.00976938974056235      0.00976938974056247      0.00563263224495615      0.00149944732154807       0.0014994473215481     0.000768596758882593        0.618885711179257       0.0473613803602092       0.0473613803601758        0.399529329181805                      0.2                      0.2                      0.2
                    0.195      0.00988185563172692      0.00988185563172679      0.00573457416086175      0.00153148355419418      0.00153148355419415     0.000791118110856421        0.608586821479845       0.0464285089886661       0.0464285089887016        0.398659203563049                      0.2                      0.2                      0.2
                    0.196      0.00999498611682049      0.00999498611682041      0.00583753141175821       0.0015639352244257      0.00156393522442568     0.000814090960977673         0.59846343972711       0.0455321135876706       0.0455321135876941         0.39779192179042                      0.2                      0.2                      0.2
                    0.197       0.0101087972438318       0.0101087972438318      0.00594150885389627      0.00159680742275284      0.00159680742275285     0.000837520218056288        0.588512962085795       0.0446702285199101       0.0446702285198951        0.396927243803542                      0.2                      0.2                      0.2
                    0.198       0.0102233039852298       0.0102233039852299      0.00604651105424307      0.00163010510016991      0.00163010510016993     0.000861410749745863        0.578730684454013       0.0438410170009098       0.0438410170008909        0.396064956688558                      0.2                      0.2                      0.2
                    0.199       0.0103385203379343       0.0103385203379343      0.00615254231369039      0.00166383307977046      0.00166383307977046     0.000885767383551317        0.569116505013553       0.0430427617977291       0.0430427617977297        0.395204871998766                      0.2                      0.2                      0.2
                      0.2       0.0104544594144121        0.010454459414412      0.00625960668823813      0.00169799606741264      0.00169799606741263     0.000910594907753937        0.559665514145945       0.0422738565698393       0.0422738565698526        0.394346823349322                      0.2                      0.2                      0.2
                    0.201       0.0105711335246826       0.0105711335246826      0.00636770800831569      0.00173259866148607      0.00173259866148607     0.000935898072606268        0.550371763319227       0.0415327978368919       0.0415327978368942        0.393490664258443                      0.2                      0.2                      0.2
                    0.202       0.0106885542501731       0.0106885542501731      0.00647684989641828      0.00176764536185099      0.00176764536185099     0.000961681589792696        0.541238674481333       0.0408181775309403       0.0408181775309454        0.392636266208549                      0.2                      0.2                      0.2
                    0.203       0.0108067325102307       0.0108067325102307      0.00658703578320863      0.00180314057848961      0.00180314057848961     0.000987950134983932        0.532260872684636       0.0401286761045319       0.0401286761045248        0.391783516904376                      0.2                      0.2                      0.2
                    0.204        0.010925678622042       0.0109256786220421      0.00669826892222764      0.00183908863713868       0.0018390886371387       0.0010147083473306        0.523435743003635       0.0394630561594508       0.0394630561594249        0.390932318707136                      0.2                      0.2                      0.2
                    0.205       0.0110454023546436       0.0110454023546435      0.00681055240334607      0.00187549378870157      0.00187549378870156      0.00104196083032604        0.514761316804339       0.0388201565590835       0.0388201565591054        0.390082587225965                      0.2                      0.2                      0.2
                    0.206       0.0111659129776306       0.0111659129776306      0.00692388916508193      0.00191236021382403      0.00191236021382403        0.001069712152352        0.506234980760533       0.0381988869911463       0.0381988869911536        0.389234250049625                      0.2                      0.2                      0.2
                    0.207       0.0112872193051063       0.0112872193051063      0.00703828200588683      0.00194969202895507      0.00194969202895506      0.00109796684718154        0.497852705825216       0.0375982229495979       0.0375982229496093        0.388387245603912                      0.2                      0.2                      0.2
                    0.208       0.0114093297353741       0.0114093297353742      0.00715373359450461      0.00198749329152492      0.00198749329152493      0.00112672941444506        0.489613027729304       0.0370172011010857        0.037017201101069        0.387541522121189                      0.2                      0.2                      0.2
                    0.209       0.0115322522868024       0.0115322522868024      0.00727024647949098      0.00202576800467002      0.00202576800467002      0.00115600432006416         0.48151460520374       0.0364549150096016        0.036454915009604        0.386697036710224                      0.2                      0.2                      0.2
                     0.21       0.0116559946302611        0.011655994630261      0.00738782309797672      0.00206452012154687      0.00206452012154686      0.00118579599665817        0.473554336409985       0.0359105111897795       0.0359105111898018        0.385853754515667                      0.2                      0.2                      0.2
                    0.211       0.0117805641184821        0.011780564118482      0.00750646578374539      0.00210375354927172       0.0021037535492717      0.00121610884392692        0.465730465700819        0.035383185463172       0.0353831854632037         0.38501164795791                      0.2                      0.2                      0.2
                    0.212       0.0119059678126588       0.0119059678126588      0.00762617677469351      0.00214347215252051      0.00214347215252051      0.00124694722901415        0.458040109526236       0.0348721795925607       0.0348721795925628        0.384170696044781                      0.2                      0.2                      0.2
                    0.213       0.0120322125065603       0.0120322125065603      0.00774695821972581       0.0021836797568183      0.00218367975681829      0.00127831548685368        0.450481330326251       0.0343767781744731       0.0343767781744937         0.38333088374805                      0.2                      0.2                      0.2
                    0.214       0.0121593047484179        0.012159304748418      0.00786881218515105      0.00222438015154819       0.0022243801515482      0.00131021792050357        0.443052232348088       0.0338963057666525       0.0338963057666327        0.382492201437323                      0.2                      0.2                      0.2
                    0.215       0.0122872508608062       0.0122872508608063      0.00799174066061075      0.00226557709270476      0.00226557709270478       0.0013426588014685        0.435750715850864       0.0334301242320224       0.0334301242319954        0.381654644366371                      0.2                      0.2                      0.2
                    0.216       0.0124160569587173       0.0124160569587174      0.00811574556459806      0.00230727430541469      0.00230727430541469       0.0013756423700152        0.428574277309395       0.0329776302827463       0.0329776302827388         0.38081821220575                      0.2                      0.2                      0.2
                    0.217       0.0125457289660087       0.0125457289660087      0.00824082874959008      0.00234947548624608      0.00234947548624609      0.00140917283548061        0.421520844732421       0.0325382532072327       0.0325382532072158        0.379982908617911                      0.2                      0.2                      0.2
                    0.218       0.0126762726303855       0.0126762726303855      0.00836699200684339       0.0023921843053257       0.0023921843053257      0.00144325437657727         0.41458848417015       0.0321114527655416       0.0321114527655397         0.37914874086973                      0.2                      0.2                      0.2
                    0.219       0.0128076935370605       0.0128076935370605       0.0084942370708701      0.00243540440828141      0.00243540440828139      0.00147789114169544        0.407775234043643       0.0316967172393305       0.0316967172393532        0.378315719479507                      0.2                      0.2                      0.2
                     0.22       0.0129399971212186       0.0129399971212186      0.00862256562362966      0.00247913941802489      0.00247913941802488      0.00151308724920458        0.401078114289287       0.0312935616248897       0.0312935616248916        0.377483857894671                      0.2                      0.2                      0.2
                    0.221       0.0130731886794025       0.0130731886794025      0.00875197929846307       0.0025233929363898       0.0025233929363898      0.00154884678775599        0.394497503849314        0.030901525956519       0.0309015259565204        0.376653172197108                      0.2                      0.2                      0.2
                    0.222       0.0132072733799213       0.0132072733799213      0.00888247968378048      0.00256816854563735      0.00256816854563735      0.00158517381658549        0.388030028925164       0.0305201737510226         0.03052017375102        0.375823680834111                      0.2                      0.2                      0.2
                    0.223       0.0133422562723762       0.0133422562723763      0.00901406832653576      0.00261346980984165      0.00261346980984166      0.00162207236581981        0.381673409911964       0.0301490905627681       0.0301490905627588        0.374995404371778                      0.2                      0.2                      0.2
                    0.224       0.0134781422963837       0.0134781422963837      0.00914674673549755      0.00265930027616483      0.00265930027616484      0.00165954643678564        0.375426386250707       0.0297878826414483       0.0297878826414287        0.374168365269227                      0.2                      0.2                      0.2
                    0.225       0.0136149362895732       0.0136149362895732      0.00928051638433502      0.00270566347603192      0.00270566347603192      0.00169760000232269        0.369285163257568       0.0294361756836908       0.0294361756836812        0.373342587671588                      0.2                      0.2                      0.2
                    0.226       0.0137526429949255       0.0137526429949254      0.00941537871453401      0.00275256292621406      0.00275256292621404      0.00173623700710135        0.363251022003447       0.0290936136716998       0.0290936136717227        0.372518097219995                      0.2                      0.2                      0.2
                    0.227       0.0138912670675108       0.0138912670675108      0.00955133513815531      0.00280000212982775      0.00280000212982774      0.00177546136794514        0.357321025593161         0.02875985779208       0.0287598577920953         0.37169492087712                      0.2                      0.2                      0.2
                    0.228       0.0140308130807094       0.0140308130807095      0.00968838704045566      0.00284798457726491      0.00284798457726492      0.00181527697416031        0.351492175296123       0.0284345854176336        0.028434585417625        0.370873086766364                      0.2                      0.2                      0.2
                    0.229       0.0141712855318018       0.0141712855318018      0.00982653578232583      0.00289651374701506      0.00289651374701506       0.0018556876878607        0.345765367607757       0.0281174892131961       0.0281174892131992         0.37005262402659                      0.2                      0.2                      0.2
                     0.23        0.014312688847355        0.014312688847355      0.00996578270269562      0.00294559310649278      0.00294559310649279      0.00189669734431789         0.34013699644431       0.0278082762018231       0.0278082762018143         0.36923356267348                      0.2                      0.2                      0.2
                    0.231       0.0144550273880418       0.0144550273880418       0.0101061291207614      0.00299522611276309      0.00299522611276309      0.00193830975230449        0.334605407927776       0.0275066669528184        0.027506666952815        0.368415933475045                      0.2                      0.2                      0.2
                    0.232       0.0145983054529813       0.0145983054529813       0.0102475763380703      0.00304541621318307      0.00304541621318307      0.00198052869443571        0.329170940701928       0.0272123948682516       0.0272123948682558        0.367599767838814                      0.2                      0.2                      0.2
                    0.233       0.0147425272839522       0.0147425272839522       0.0103901256405787      0.00309616684605538      0.00309616684605538      0.00202335792753306         0.32382888413884       0.0269252054280824         0.02692520542808         0.36678509770387                      0.2                      0.2                      0.2
                    0.234       0.0148876970691692       0.0148876970691692       0.0105337783005723      0.00314748144120123      0.00314748144120123      0.00206680118298487        0.318579838660775       0.0266448555334577       0.0266448555334571        0.365971955443476                      0.2                      0.2                      0.2
                    0.235       0.0150338189467965       0.0150338189467965       0.0106785355785063      0.00319936342049841      0.00319936342049842      0.00211086216711426        0.313420976690096       0.0263711128827024       0.0263711128826949        0.365160373774801                      0.2                      0.2                      0.2
                    0.236       0.0151808970081995       0.0151808970081995       0.0108243987247573      0.00325181619838102      0.00325181619838103      0.00215554456155204         0.30835124433583       0.0261037553866928       0.0261037553866827        0.364350385675799                      0.2                      0.2                      0.2
                    0.237       0.0153289353009536       0.0153289353009536       0.0109713689812998       0.0033048431823034      0.00330484318230341      0.00220085202361574        0.303369546655886       0.0258425706217713       0.0258425706217565        0.363542024308289                      0.2                      0.2                      0.2
                    0.238       0.0154779378316348       0.0154779378316348       0.0111194475833045      0.00335844777317188      0.00335844777317188      0.00224678818669322        0.298474451780657       0.0255873553161623       0.0255873553161577        0.362735322947113                      0.2                      0.2                      0.2
                    0.239       0.0156279085684047       0.0156279085684047       0.0112686357606696      0.00341263336574588      0.00341263336574588       0.0022933566606319        0.293663687264097       0.0253379148690858       0.0253379148690833        0.361930314914554                      0.2                      0.2                      0.2
                     0.24       0.0157788514434108       0.0157788514434108       0.0114189347394772      0.00346740334901173      0.00346740334901173      0.00234056103213123        0.288935777362059       0.0250940628988386       0.0250940628988419        0.361127033520139                      0.2                      0.2                      0.2
                    0.241       0.0159307703550153       0.0159307703550153       0.0115703457433938      0.00352276110653058      0.00352276110653059      0.00238840486514122        0.284289913687694       0.0248556208187746       0.0248556208187688        0.360325512004687                      0.2                      0.2                      0.2
                    0.242       0.0160836691698657       0.0160836691698657       0.0117228699950047      0.00357871001676283      0.00357871001676282      0.00243689170126394        0.279724527957992        0.024622417438709       0.0246224174387223         0.35952578348894                      0.2                      0.2                      0.2
                    0.243       0.0162375517248208       0.0162375517248208       0.0118765087170892      0.00363525345337042      0.00363525345337041       0.0024860250601586        0.275237857576423        0.024394288590557       0.0243942885905647        0.358727880926198                      0.2                      0.2                      0.2
                    0.244        0.016392421828743        0.016392421828743       0.0120312631338452      0.00369239478549928      0.00369239478549928      0.00253580843995113        0.270828858115141       0.0241710767756952       0.0241710767756918        0.357931837058441                      0.2                      0.2                      0.2
                    0.245       0.0165482832641667       0.0165482832641667       0.0121871344720569      0.00375013737804269      0.00375013737804268      0.00258624531764617          0.2664955610406       0.0239526308336721       0.0239526308336789        0.357137684376032                      0.2                      0.2                      0.2
                    0.246       0.0167051397888536       0.0167051397888536       0.0123441239622085      0.00380848459188757      0.00380848459188757      0.00263733914954107        0.262237324693527       0.0237388056297631       0.0237388056297706        0.356345455080768                      0.2                      0.2                      0.2
                    0.247       0.0168629951372425       0.0168629951372425       0.0125022328395572      0.00386743978414465      0.00386743978414465      0.00268909337164412        0.258052550454167       0.0235294617608643       0.0235294617608579        0.355555181051523                      0.2                      0.2                      0.2
                    0.248        0.017021853021802        0.017021853021802       0.0126614623451505      0.00392700630836354      0.00392700630836354      0.00274151140009315        0.253940226014112       0.0233244652783956       0.0233244652783943        0.354766893813015                      0.2                      0.2                      0.2
                    0.249       0.0171817171342939       0.0171817171342939       0.0128218137268028      0.00398718751473444      0.00398718751473444       0.0027945966315766        0.249898613348012       0.0231236874264842       0.0231236874264877        0.353980624506988                      0.2                      0.2                      0.2
                     0.25       0.0173425911469525       0.0173425911469525        0.012983288240028      0.00404798675027651      0.00404798675027651      0.00284835244375614        0.245927077730733       0.0229270043955435        0.022927004395551        0.353196403865767                      0.2                      0.2                      0.2
                    0.251       0.0175044787135876       0.0175044787135876       0.0131458871489291      0.00410940735901473      0.00410940735901474      0.00290278219568995        0.242023972882268       0.0227342970891232       0.0227342970891179        0.352414262188119                      0.2                      0.2                      0.2
                    0.252       0.0176673834706167       0.0176673834706167       0.0133096117270446      0.00417145268214553      0.00417145268214554       0.0029578892282562         0.23818794634191        0.022545450903876       0.0225454509038642        0.351634229317327                      0.2                      0.2                      0.2
                    0.253       0.0178313090380293       0.0178313090380293       0.0134744632581611      0.00423412605819203      0.00423412605819203      0.00301367686457804        0.234418303535931       0.0223603555218116       0.0223603555218184         0.35085633462096                      0.2                      0.2                      0.2
                    0.254       0.0179962590202919       0.0179962590202919       0.0136404430370856      0.00429743082314992      0.00429743082314991      0.00307014841044818        0.230713270976044       0.0221789047135545       0.0221789047135589        0.350080606972586                      0.2                      0.2                      0.2
                    0.255       0.0181622370071947       0.0181622370071947       0.0138075523703763      0.00436137031062421      0.00436137031062422      0.00312730715475187        0.227071634054834       0.0220009961524483       0.0220009961524417        0.349307074735429                      0.2                      0.2                      0.2
                    0.256       0.0183292465746454       0.0183292465746454       0.0139757925770457       0.0044259478519579       0.0044259478519579      0.00318515636989122         0.22349313673146       0.0218265312385304       0.0218265312385411        0.348535765747252                      0.2                      0.2                      0.2
                    0.257       0.0184972912854146       0.0184972912854146       0.0141451649892245      0.00449116677635262      0.00449116677635262      0.00324369932410032        0.219975661545084        0.021655414932014       0.0216554149320025        0.347766707306979                      0.2                      0.2                      0.2
                    0.258       0.0186663746898344       0.0186663746898344       0.0143156709527891      0.00455703042364555      0.00455703042364555       0.0033029392347475        0.216518947695462       0.0214875555953972       0.0214875555953954        0.346999926162858                      0.2                      0.2                      0.2
                    0.259       0.0188364883518761       0.0188364883518761       0.0144873118876742      0.00462354209421772      0.00462354209421772      0.00336287933871068        0.213121836945533       0.0213228648438866       0.0213228648438868        0.346235448501433                      0.2                      0.2                      0.2
                     0.26       0.0190076717855717       0.0190076717855717        0.014660089050953      0.00469070512366365      0.00469070512366364      0.00342352284666103        0.209783041891717       0.0211612574036248       0.0211612574036295        0.345473299938482                      0.2                      0.2                      0.2
                    0.261        0.019179892459438        0.019179892459438       0.0148340038291819      0.00475852283368434      0.00475852283368433      0.00348487295488215        0.206501236559612       0.0210026509772276       0.0210026509772285        0.344713505510541                      0.2                      0.2                      0.2
                    0.262       0.0193531659161667       0.0193531659161667       0.0150090577523606      0.00482699854434419      0.00482699854434419      0.00354693284568246        0.203275335644524       0.0208469661160797       0.0208469661160817        0.343956089667846                      0.2                      0.2                      0.2
                    0.263       0.0195274955871163       0.0195274955871163        0.015185252182427      0.00489613557415498      0.00489613557415499      0.00360970567392788        0.200104819879168       0.0206941260992369       0.0206941260992353        0.343201076268087                      0.2                      0.2                      0.2
                    0.264       0.0197028850918046       0.0197028850918046       0.0153625885592564      0.00496593724015517      0.00496593724015517       0.0036731946228425        0.196988860176827       0.0205440568183242       0.0205440568183276        0.342448488571432                      0.2                      0.2                      0.2
                    0.265       0.0198793378446617       0.0198793378446617       0.0155410683400364      0.00503640684333188      0.00503640684333188      0.00373740282157524        0.193926201723973       0.0203966866682511       0.0203966866682501        0.341698349236122                      0.2                      0.2                      0.2
                    0.266       0.0200568573171275       0.0200568573171275       0.0157206929996609      0.00510754772730152      0.00510754772730153      0.00380233340061097        0.190915737899222       0.0202519464432479        0.020251946443244         0.34095068031523                      0.2                      0.2                      0.2
                    0.267       0.0202354469728861       0.0202354469728861       0.0159014640311048      0.00517936319055139      0.00517936319055139      0.00386798947847842        0.187956701227379         0.02010976923808       0.0201097692380809        0.340205503253957                      0.2                      0.2                      0.2
                    0.268       0.0204151102682468       0.0204151102682468       0.0160833829457675      0.00525185654493901      0.00525185654493901      0.00393437416214219        0.185047725604828       0.0199700903540837       0.0199700903540811         0.33946283888797                      0.2                      0.2                      0.2
                    0.269        0.020595850652504        0.020595850652504       0.0162664512737956      0.00532503110118264      0.00532503110118264      0.00400149054739154         0.18218862829429       0.0198328472096255       0.0198328472096261        0.338722707442276                      0.2                      0.2                      0.2
                     0.27       0.0207776715682769       0.0207776715682769       0.0164506705643859      0.00539889016891728      0.00539889016891728      0.00406934171922555        0.179378433232242       0.0196979792550529       0.0196979792550514        0.337985128530668                      0.2                      0.2                      0.2
                    0.271       0.0209605764518305       0.0209605764518305       0.0166360423860562      0.00547343705674782      0.00547343705674782      0.00413793075223162         0.17661606403252       0.0195654278915028       0.0195654278915029        0.337250121156166                      0.2                      0.2                      0.2
                    0.272       0.0211445687333783       0.0211445687333783       0.0168225683269047      0.00554867507229913      0.00554867507229913      0.00420726071096171        0.173900349137897       0.0194351363937171       0.0194351363937159        0.336517703711638                      0.2                      0.2                      0.2
                    0.273       0.0213296518373697       0.0213296518373697       0.0170102499948395      0.00562460752226367      0.00562460752226367      0.00427733465030175        0.171230630896078       0.0193070498363141       0.0193070498363133        0.335787893981313                      0.2                      0.2                      0.2
                    0.274       0.0215158291827603       0.0215158291827603        0.017199089017794      0.00570123771244634      0.00570123771244634      0.00434815561583768        0.168606554468201       0.0191811150236405       0.0191811150236405        0.335060709142557                      0.2                      0.2                      0.2
                    0.275       0.0217031041832688       0.0217031041832688        0.017389087043917      0.00577856894780709       0.0057785689478071      0.00441972664421475         0.16602675322829       0.0190572804227649       0.0190572804227628         0.33433616576838                      0.2                      0.2                      0.2
                    0.276       0.0218914802476197       0.0218914802476197       0.0175802457417475      0.00585660453250123      0.00585660453250122      0.00449205076349304        0.163490744993391       0.0189354960996125       0.0189354960996173        0.333614279830195                      0.2                      0.2                      0.2
                    0.277        0.022080960779773        0.022080960779773       0.0177725668003687      0.00593534776991761      0.00593534776991761      0.00456513099349666         0.16099748556288       0.0188157136579652       0.0188157136579639        0.332895066701131                      0.2                      0.2                      0.2
                    0.278       0.0222715491791422       0.0222715491791422       0.0179660519295418       0.0060148019627149       0.0060148019627149      0.00463897034615701        0.158546606757582       0.0186978861812249       0.0186978861812257        0.332178541159837                      0.2                      0.2                      0.2
                    0.279       0.0224632488408004       0.0224632488408004       0.0181607028598285      0.00609497041285587      0.00609497041285587      0.00471357182585218        0.156136623912684       0.0185819681768127       0.0185819681768101         0.33146471739437                      0.2                      0.2                      0.2
                     0.28       0.0226560631556765       0.0226560631556765       0.0183565213426901      0.00617585642163997      0.00617585642163997       0.0047889384297389        0.153767647030148       0.0184679155230348       0.0184679155230348        0.330753609006737                      0.2                      0.2                      0.2
                    0.281       0.0228499955107398       0.0228499955107398       0.0185535091505725       0.0062574632897343       0.0062574632897343      0.00486507314807912        0.151437221878651       0.0183556854182936       0.0183556854182907         0.33004522901768                      0.2                      0.2                      0.2
                    0.282       0.0230450492891771       0.0230450492891771       0.0187516680769767      0.00633979431720286      0.00633979431720287      0.00494197896456143        0.149147303172162        0.018245236332541       0.0182452363325386        0.329339589871676                      0.2                      0.2                      0.2
                    0.283        0.023241227870559        0.023241227870559        0.018950999936512      0.00642285280353448      0.00642285280353448      0.00501965885661562        0.146895652698977       0.0181365279608285         0.01813652796083        0.328636703442356                      0.2                      0.2                      0.2
                    0.284       0.0234385346309989       0.0234385346309989       0.0191515065649348      0.00650664204766921      0.00650664204766921      0.00509811579572171        0.144681260591145        0.018029521178915       0.0180295211789161        0.327936581038138                      0.2                      0.2                      0.2
                    0.285       0.0236369729433039       0.0236369729433039       0.0193531898191758      0.00659116534802352      0.00659116534802352       0.0051773527477133        0.142504767388767       0.0179241780007206       0.0179241780007212         0.32723923340803                      0.2                      0.2                      0.2
                    0.286       0.0238365461771174       0.0238365461771174       0.0195560515773474      0.00667642600251417      0.00667642600251417      0.00525737267307344        0.140364490035711       0.0178204615376418       0.0178204615376444        0.326544670747899                      0.2                      0.2                      0.2
                    0.287       0.0240372576990556       0.0240372576990557       0.0197600937387465      0.00676242730858087      0.00676242730858087      0.00533817852722672        0.138260336909722       0.0177183359596152       0.0177183359596146        0.325852902706598                      0.2                      0.2                      0.2
                    0.288       0.0242391108728371       0.0242391108728371       0.0199653182238359      0.00684917256320796      0.00684917256320796      0.00541977326082252        0.136191046239339       0.0176177664577212       0.0176177664577222         0.32516393839267                      0.2                      0.2                      0.2
                    0.289       0.0244421090594053       0.0244421090594053       0.0201717269742203      0.00693666506294488      0.00693666506294488      0.00550215982001446        0.134156722548769       0.0175187192084951       0.0175187192084987        0.324477786380921                      0.2                      0.2                      0.2
                     0.29       0.0246462556170462       0.0246462556170462        0.020379321952606      0.00702490810392574      0.00702490810392574      0.00558534114673187         0.13215589338775       0.0174211613396051       0.0174211613396069        0.323794454719389                      0.2                      0.2                      0.2
                    0.291       0.0248515539014994       0.0248515539014994       0.0205881051427519      0.00711390498188792      0.00711390498188792      0.00566932017894634        0.130188345351171       0.0173250608969851        0.017325060896987        0.323113950936312                      0.2                      0.2                      0.2
                    0.292       0.0250580072660644       0.0250580072660644       0.0207980785494102      0.00720365899218979      0.00720365899218979      0.00575409985093178        0.128253747906125       0.0172303868133415       0.0172303868133406        0.322436282047257                      0.2                      0.2                      0.2
                    0.293       0.0252656190617018       0.0252656190617018       0.0210092441982535      0.00729417342982753      0.00729417342982753       0.0058396830935176        0.126351252991489       0.0171371088779172        0.017137108877918        0.321761454562487                      0.2                      0.2                      0.2
                    0.294       0.0254743926371294       0.0254743926371294       0.0212216041357952      0.00738545158945125      0.00738545158945125      0.00592607283433677         0.12447956667161       0.0170451977074679       0.0170451977074688          0.3210894744943                      0.2                      0.2                      0.2
                    0.295       0.0256843313389138       0.0256843313389138       0.0214351604293012      0.00747749676538023      0.00747749676538023      0.00601327199806759        0.122639193031864       0.0169546247184417       0.0169546247184399        0.320420347364484                      0.2                      0.2                      0.2
                    0.296       0.0258954385115585       0.0258954385115585       0.0216499151666861      0.00757031225161757      0.00757031225161757      0.00610128350666783        0.120829406010617       0.0168653621002261       0.0168653621002265        0.319754078212064                      0.2                      0.2                      0.2
                    0.297       0.0261077174975866       0.0261077174975866       0.0218658704564116      0.00766390134186401      0.00766390134186401      0.00619011027960592        0.119049316268834       0.0167773827895032       0.0167773827895033        0.319090671600725                      0.2                      0.2                      0.2
                    0.298       0.0263211716376208       0.0263211716376208       0.0220830284273664      0.00775826732953124      0.00775826732953124       0.0062797552340828        0.117298292881098       0.0166906604455782       0.0166906604455778        0.318430131626731                      0.2                      0.2                      0.2
                    0.299       0.0265358042704594       0.0265358042704594       0.0223013912287438      0.00785341350775455      0.00785341350775455      0.00637022128524976        0.115576541168254       0.0166051694266841       0.0166051694266833        0.317772461926638                      0.2                      0.2                      0.2
                      0.3       0.0267516187331483       0.0267516187331483       0.0225209610299114      0.00794934316940482      0.00794934316940482         0.00646151134642        0.113883035584395       0.0165208847672235       0.0165208847672223        0.317117665685117                      0.2                      0.2                      0.2
