            sqrt(s) [GeV]               sigma [mb]
       0.0458541178888134       0.0312710177945818
       0.0516813455266639       0.0286849910938145
       0.0575085731645144       0.0299471200928621
       0.0633358008023649       0.0329777430006986
       0.0691630284402154       0.0372350720571077
       0.0749902560780659       0.0424119470732425
       0.0808174837159164       0.0483130579806689
       0.0866447113537669       0.0548057511379688
       0.0924719389916174       0.0617954364761098
       0.0982991666294679       0.0692119082519147
        0.104126394267318       0.0770012548164973
        0.109953621905169       0.0851208423546939
        0.115780849543019       0.0935360876241415
         0.12160807718087        0.102218315575108
         0.12743530481872         0.11114329802511
        0.133262532456571        0.120290232026878
        0.139089760094421        0.129641010302295
        0.144916987732272        0.139179688647682
        0.150744215370122        0.148892090682649
        0.156571443007973        0.158765508143922
        0.162398670645823        0.168788470954567
        0.168225898283674        0.178950566970284
        0.174053125921524        0.189242299060804
        0.179880353559375        0.199654970610459
        0.185707581197225        0.210180591115454
        0.191534808835076        0.220811799040179
        0.197362036472926        0.231541797070342
        0.203189264110777        0.242364297263831
        0.209016491748627        0.253273474350033
        0.214843719386478        0.264263925512998
        0.220670947024328        0.275330635340123
        0.226498174662179        0.286468945114188
        0.232325402300029        0.297674525798127
         0.23815262993788        0.308943353718571
         0.24397985757573        0.320271689527482
        0.249807085213581        0.331656226266144
        0.255634312851432        0.343093232605387
        0.261461540489282        0.354580216056094
        0.267288768127133        0.366114229367219
        0.273115995764983        0.377692696926878
        0.278943223402834        0.389313234607839
        0.284770451040684        0.400973639128912
        0.290597678678535         0.41267187694421
        0.296424906316385         0.42440607525676
        0.302252133954236        0.436174513282131
        0.308079361592086        0.447975613750906
        0.313906589229937        0.459807983282217
        0.319733816867787        0.471670166748921
        0.325561044505638        0.483561115314915
        0.331388272143488        0.495479707656167
        0.337215499781339        0.507424980826685
        0.343042727419189        0.519396076049362
         0.34886995505704        0.531392234206604
         0.35469718269489        0.543412792249995
        0.360524410332741        0.555457175437321
        0.366351637970591        0.567524897721138
        0.372178865608442        0.579615553865891
        0.378006093246292        0.591728817026753
        0.383833320884143        0.603864436788388
        0.389660548521993        0.616022233323757
        0.395487776159844         0.62820209433306
        0.401315003797694        0.640403975379973
        0.407142231435545        0.652627893939935
        0.412969459073395        0.664873926811507
        0.418796686711246        0.677142207984154
        0.424623914349096        0.689432927820732
        0.430451141986947        0.701746329322281
        0.436278369624797        0.714082706806988
        0.442105597262648        0.726442405924574
        0.447932824900498        0.738825809427186
        0.453760052538349        0.751233356593774
        0.459587280176199        0.763665521338486
         0.46541450781405        0.776122831121642
          0.4712417354519        0.788605839487479
        0.477068963089751        0.801115144885477
        0.482896190727601        0.813651385507157
        0.488723418365452        0.826215233829924
        0.494550646003302        0.838807394925729
        0.500377873641153         0.85142860794882
        0.506205101279003        0.864079649237138
        0.512032328916854        0.876761321203571
        0.517859556554704         0.88947445868818
        0.523686784192555        0.902219923949618
        0.529514011830405        0.914998612969219
        0.535341239468256        0.927811441657279
        0.541168467106106        0.940659359314229
        0.546995694743957        0.953543338020051
        0.552822922381807        0.966464378457758
        0.558650150019658           0.979423496353
        0.564477377657508        0.992421745163534
        0.570304605295359         1.00546019167679
        0.576131832933209         1.01853992825031
         0.58195906057106         1.03166206921147
         0.58778628820891         1.04482775155793
        0.593613515846761         1.05803812514824
        0.599440743484611         1.07129437394549
        0.605267971122462           1.084597691238
        0.611095198760312         1.09794929757629
        0.616922426398163          1.1113504241158
        0.622749654036013         1.12480232537284
        0.628576881673864         1.13830627366184
        0.634404109311714         1.15186355834662
        0.640231336949565         1.16547548773963
        0.646058564587415         1.17914338438504
        0.651885792225266         1.19286859040776
        0.657713019863116         1.20665246333833
        0.663540247500967         1.22049637657398
        0.669367475138817         1.23440171787877
        0.675194702776668         1.24836989368774
        0.681021930414518         1.26240232341774
        0.686849158052369         1.27650044245629
        0.692676385690219         1.29066569956819
         0.69850361332807          1.3048995596173
         0.70433084096592         1.31920350169014
        0.710158068603771         1.33357901359461
        0.715985296241621         1.34802760634211
        0.721812523879472         1.36255079795663
        0.727639751517322         1.37715012024761
        0.733466979155173         1.39182711757644
        0.739294206793023         1.40658335391281
        0.745121434430874         1.42142039488116
        0.750948662068724         1.43633982723165
        0.756775889706575         1.45134324270314
        0.762603117344425         1.46643227422161
        0.768430344982276         1.48160847855747
        0.774257572620126         1.49687354798752
        0.780084800257977         1.51222910495876
        0.785912027895827         1.52767680395604
        0.791739255533678         1.54321830761988
        0.797566483171528         1.55885529530748
        0.803393710809379         1.57458945129701
        0.809220938447229         1.59042247324299
         0.81504816608508         1.60635606818226
         0.82087539372293         1.62239195293435
        0.826702621360781         1.63853185546123
        0.832529848998631         1.65477751180567
        0.838357076636482         1.67113066829444
        0.844184304274332         1.68759308030714
        0.850011531912183         1.70416651231179
        0.855838759550033         1.72085273754808
        0.861665987187884         1.73765353776501
        0.867493214825734         1.75457070321943
        0.873320442463585         1.77160603357414
        0.879147670101435         1.78876133152081
        0.884974897739286         1.80603841454842
        0.890802125377136         1.82343910282053
        0.896629353014987         1.84096522309006
        0.902456580652837         1.85861861645622
        0.908283808290688         1.87640112053131
        0.914111035928538         1.89431458536359
        0.919938263566389         1.91236086612012
        0.925765491204239         1.93054182378216
         0.93159271884209         1.94885932499719
         0.93741994647994         1.96731524185503
        0.943247174117791         1.98591145150176
        0.949074401755641         2.00464983591879
        0.954901629393492          2.0235322816137
        0.960728857031342         2.04256067935536
        0.966556084669193          2.0617369238028
        0.972383312307043         2.08106291304921
        0.978210539944894         2.10054054926081
        0.984037767582744         2.12017173598606
        0.989864995220595          2.1399583807029
        0.995692222858445         2.15990239267667
          1.0015194504963         2.18000568309977
         1.00734667813415         2.20027016411717
           1.013173905772          2.2206977504151
         1.01900113340985         2.24129035614283
          1.0248283610477         2.26204989643417
         1.03065558868555         2.28297828613591
          1.0364828163234         2.30407743988524
         1.04231004396125          2.3253492714298
          1.0481372715991         2.34679569234642
         1.05396449923695          2.3684186150325
          1.0597917268748         2.39021994690621
         1.06561895451265         2.41220159410367
          1.0714461821505         2.43436545950178
         1.07727340978835         2.45671344242514
          1.0831006374262         2.47924743816511
         1.08892786506405         2.50196933742422
          1.0947550927019         2.52488102590888
         1.10058232033975          2.5479843836827
         1.10640954797761         2.57128128470073
         1.11223677561546         2.59477359670998
         1.11806400325331         2.61846317927074
         1.12389123089116          2.6423518851475
         1.12971845852901         2.66644155823036
         1.13554568616686         2.69073403379039
         1.14137291380471         2.71523113729138
         1.14720014144256         2.73993468426076
         1.15302736908041         2.76484647945233
         1.15885459671826         2.78996831605024
         1.16468182435611         2.81530197528945
         1.17050905199396         2.84084922571068
         1.17633627963181          2.8666118223941
         1.18216350726966         2.89259150640385
         1.18799073490751         2.91879000396926
         1.19381796254536         2.94520902584103
         1.19964519018321         2.97185026657719
         1.20547241782106         2.99871540404887
