            sqrt(s) [GeV]               sigma [mb]
       0.0603194438613301       0.0243236337746465
       0.0660771817105518        0.031008975915206
       0.0718349195597736       0.0416921891826576
       0.0775926574089953       0.0554809114160283
       0.0833503952582171       0.0720276185070555
       0.0891081331074388       0.0911918257665423
       0.0948658709566605        0.112966220424199
        0.100623608805882        0.137441740271635
        0.106381346655104         0.16479040617652
        0.112139084504326        0.195258023320972
        0.117896822353548        0.229163136200633
        0.123654560202769        0.266900468011839
        0.129412298051991        0.308948004147418
        0.135170035901213        0.355877401046994
        0.140927773750435        0.408367726539603
        0.146685511599656        0.467222760611642
        0.152443249448878        0.533392248480898
          0.1582009872981          0.6079976242329
        0.163958725147322        0.692362816005979
        0.169716462996543        0.788050764663436
        0.175474200845765        0.896906237479827
        0.181231938694987         1.02110529214166
        0.186989676544209         1.16321126572788
         0.19274741439343         1.32623622482404
        0.198505152242652         1.51370517729783
        0.204262890091874         1.72971758363743
        0.210020627941095         1.97899626575759
        0.215778365790317         2.26690697150719
        0.221536103639539         2.59942166608746
        0.227293841488761         2.98298461387789
        0.233051579337982         3.42422229055763
        0.238809317187204          3.9294188310767
        0.244567055036426         4.50366481504905
        0.250324792885648         5.14959385623968
        0.256082530734869         5.86567364313815
        0.261840268584091         6.64415030460887
        0.267598006433313         7.46897896534797
        0.273355744282535           8.314385886523
        0.279113482131756         9.14496780385102
        0.284871219980978         9.91819808007482
          0.2906289578302         10.5896275751558
        0.296386695679422         11.1199565853059
        0.302144433528643         11.4820116332283
        0.307902171377865         11.6652839225693
        0.313659909227087         11.6765240213376
        0.319417647076309         11.5365227360938
         0.32517538492553         11.2746277724183
        0.330933122774752         10.9229896125387
        0.336690860623974         10.5120203128449
        0.342448598473196         10.0676539884839
        0.348206336322417         9.61026608223909
        0.353964074171639         9.15475753295801
        0.359721812020861         8.71127621827328
        0.365479549870083         8.28617325452598
        0.371237287719304         7.88294891677392
        0.376995025568526         7.50306970500591
        0.382752763417748         7.14661949830666
         0.38851050126697         6.81279115414586
        0.394268239116191         6.50024329239856
        0.400025976965413         6.20735127195911
        0.405783714814635         5.93237901352548
        0.411541452663857         5.67359352512027
        0.417299190513078         5.42933892017841
          0.4230569283623         5.19808226119587
        0.428814666211522         4.97844000257908
        0.434572404060744         4.76919111325182
        0.440330141909965         4.56928100416701
        0.446087879759187         4.37781898979791
        0.451845617608409         4.19407116905289
        0.457603355457631          4.0174498390135
        0.463361093306852         3.84750042088963
        0.469118831156074         3.68388648300892
        0.474876569005296         3.52637347101218
        0.480634306854518         3.37481168067705
        0.486392044703739         3.22911900846579
        0.492149782552961         3.08926406517387
        0.497907520402183         2.95525006292061
        0.503665258251405         2.82710008800336
        0.509422996100626         2.70484400749592
        0.515180733949848         2.58850739999338
         0.52093847179907         2.47810262303773
        0.526696209648291         2.37362207923827
        0.532453947497513         2.27503363588333
        0.538211685346735         2.18227801391204
        0.543969423195957         2.09526791870674
        0.549727161045178         2.01388864142689
          0.5554848988944         1.93799979874276
        0.561242636743622         1.86743792776255
        0.567000374592844          1.8020196089505
        0.572758112442065          1.7415448903716
        0.578515850291287         1.68580074754409
        0.584273588140509         1.63456438769716
        0.590031325989731         1.58760623925787
        0.595789063838952         1.54469243632199
        0.601546801688174         1.50558665018876
        0.607304539537396         1.47005098096018
        0.613062277386618          1.4378455174971
        0.618820015235839          1.4087257167192
        0.624577753085061         1.38243583659952
        0.630335490934283         1.35869427381931
        0.636093228783505         1.33716004696948
        0.641850966632726         1.31734820163685
        0.647608704481948         1.29837714060504
         0.65336644233117         1.27797333557871
        0.659124180180392          1.2458283847115
        0.664881918029613         1.66377515010098
        0.670639655878835         1.31586827050925
        0.676397393728057         1.28740107895586
        0.682155131577279         1.27531852149058
          0.6879128694265         1.26833722420109
        0.693670607275722         1.26412248842329
        0.699428345124944         1.26184115231777
        0.705186082974166         1.26109299716372
        0.710943820823387          1.2616435849421
        0.716701558672609         1.26333501688441
        0.722459296521831         1.26604995996959
        0.728217034371053         1.26969484428598
        0.733974772220274         1.27419051500001
        0.739732510069496         1.27946267126174
        0.745490247918718         1.28538625070957
        0.751247985767939         1.29213760500403
        0.757005723617161         1.29953820619002
        0.762763461466383         1.30753659880479
        0.768521199315605         1.31609442509654
        0.774278937164827         1.32517844310749
        0.780036675014048         1.33475895048634
         0.78579441286327         1.34480910363866
        0.791552150712492          1.3553045112703
        0.797309888561713         1.36622294667014
        0.803067626410935         1.37754411508248
        0.808825364260157         1.38924948111448
        0.814583102109379         1.40132210831284
          0.8203408399586          1.4137465333972
        0.826098577807822         1.42650865479645
        0.831856315657044         1.43959563863097
        0.837614053506266          1.4529958168293
        0.843371791355487         1.46669862720504
        0.849129529204709         1.48069449747081
        0.854887267053931         1.49497476224667
        0.860645004903153         1.50953155999705
        0.866402742752374         1.52435773191315
        0.872160480601596         1.53944672928717
        0.877918218450818          1.5547925353295
         0.88367595630004          1.5703896119007
        0.889433694149261         1.58623285371818
        0.895191431998483         1.60231756975134
        0.900949169847705         1.61863946625196
        0.906706907696927         1.63519463467876
        0.912464645546148         1.65197953372789
         0.91822238339537         1.66899098185373
        0.923980121244592         1.68622613281919
        0.929737859093814         1.70368245944948
        0.935495596943035         1.72135773086659
        0.941253334792257         1.73924999227975
        0.947011072641479         1.75735754428274
        0.952768810490701         1.77567892323643
        0.958526548339922         1.79421288294857
        0.964284286189144         1.81295837762897
        0.970042024038366         1.83191454614948
        0.975799761887588         1.85108069764491
        0.981557499736809          1.8704562982601
        0.987315237586031         1.89004095893348
        0.993072975435253         1.90983442439081
        0.998830713284475         1.92983656171999
          1.0045884511337         1.95004735465814
         1.01034618898292         1.97046688887235
         1.01610392683214         1.99109534894755
         1.02186166468136         2.01193300716777
         1.02761940253058         2.03298022046305
         1.03337714037981         2.05423741989649
         1.03913487822903         2.07570510640963
         1.04489261607825          2.0973838445493
         1.05065035392747         2.11927425649018
         1.05640809177669         2.14137702055038
         1.06216582962591         2.16369285306642
         1.06792356747514          2.1862225254568
         1.07368130532436          2.2089668393266
         1.07943904317358         2.23192663092439
          1.0851967810228         2.25510276482911
         1.09095451887202          2.2784961286728
         1.09671225672124          2.3021076281218
         1.10246999457047         2.32593818125837
         1.10822773241969         2.34998871249593
         1.11398547026891         2.37426014570688
         1.11974320811813         2.39875339564487
         1.12550094596735         2.42346935882452
         1.13125868381657         2.44840890018918
          1.1370164216658         2.47357283703677
         1.14277415951502         2.49896191668295
         1.14853189736424         2.52457678477215
         1.15428963521346         2.55041793843346
         1.16004737306268         2.57648565401851
         1.16580511091191         2.60277986811394
         1.17156284876113         2.62929997542641
         1.17732058661035         2.65604443940557
         1.18307832445957         2.68300999660576
         1.18883606230879         2.71018974388093
         1.19459380015801         2.73756746218266
         1.20035153800724         2.76509250123887
         1.20610927585646         2.79119833194703
