            sqrt(s) [GeV]               sigma [mb]
        0.401982478309435       0.0687963923476696
        0.406023316488063       0.0709185633010096
        0.410064154666691        0.076006934723388
         0.41410499284532       0.0818594112616006
        0.418145831023948       0.0882015780126631
        0.422186669202576       0.0948899291813127
        0.426227507381204        0.101829413212363
        0.430268345559833        0.108951501236102
        0.434309183738461        0.116205405658918
        0.438350021917089        0.123553744944937
        0.442390860095717        0.130970102628771
        0.446431698274346        0.138437676787148
        0.450472536452974        0.145948659657254
        0.454513374631602        0.153504268428441
         0.45855421281023        0.161115412548435
        0.462595050988859        0.168804337813859
        0.466635889167487        0.176607703472864
        0.470676727346115        0.184582692687193
        0.474717565524743        0.192821361200037
        0.478758403703372        0.201507659449309
           0.482799241882        0.211056211483849
        0.486840080060628        0.221172437899519
        0.490880918239256        0.231641309744649
        0.494921756417885        0.242354927770182
        0.498962594596513        0.253242773901267
        0.503003432775141        0.264254308295758
        0.507044270953769        0.275351978860934
        0.511085109132398        0.286506437213506
        0.515125947311026         0.29769473284846
        0.519166785489654        0.308902209584254
        0.523207623668282        0.320103662689716
        0.527248461846911        0.331296034774034
        0.531289300025539          0.3424697609165
        0.535330138204167        0.353614357356211
        0.539370976382795         0.36472263389913
        0.543411814561424        0.375791467305341
        0.547452652740052        0.386815485391734
         0.55149349091868        0.397791812496924
        0.555534329097308        0.408717969986844
        0.559575167275937        0.419592166258785
        0.563616005454565        0.430412795311806
        0.567656843633193        0.441178976597494
        0.571697681811822        0.451890609599054
         0.57573851999045        0.462546721964076
        0.579779358169078        0.473148296787288
        0.583820196347706         0.48369531303039
        0.587861034526335        0.494187940139917
        0.591901872704963        0.504627910569507
        0.595942710883591         0.51501487534945
        0.599983549062219         0.52535094301765
        0.604024387240848        0.535636801364161
        0.608065225419476        0.545872954584499
        0.612106063598104        0.556062150454863
        0.616146901776732        0.566204128966271
        0.620187739955361        0.576300597598227
        0.624228578133989        0.586354059366975
        0.628269416312617        0.596363947978773
        0.632310254491245        0.606333383182114
        0.636351092669874        0.616263141066237
        0.640391930848502        0.626150582742112
         0.64443276902713        0.636001817712056
        0.648473607205758        0.645815168947128
        0.652514445384387        0.655591252929982
        0.656555283563015        0.665329861025604
        0.660596121741643         0.67503042111424
        0.664636959920271        0.684691093281063
          0.6686777980989        0.694304635295357
        0.672718636277528          0.7038501956686
        0.676759474456156        0.713348373624706
        0.680800312634784        0.722821540092953
        0.684841150813413        0.732285100407492
        0.688881988992041        0.741745507855358
        0.692922827170669        0.751207416251379
        0.696963665349297        0.760677766172183
        0.701004503527926        0.770160162451697
        0.705045341706554        0.779656875044413
        0.709086179885182         0.78917116062731
        0.713127018063811        0.798706167739539
        0.717167856242439        0.808262768552733
        0.721208694421067        0.817843223906451
        0.725249532599695        0.827444734418498
        0.729290370778323        0.837081616834313
        0.733331208956952         0.84674038727432
         0.73737204713558        0.856432477109949
        0.741412885314208         0.86615874934422
        0.745453723492836        0.875905440833099
        0.749494561671465        0.885691621095901
        0.753535399850093        0.895502849410465
        0.757576238028721        0.905353074512337
         0.76161707620735        0.915244280543396
        0.765657914385978        0.925159607869561
        0.769698752564606        0.935115059123572
        0.773739590743234        0.945111197278469
        0.777780428921862         0.95514870603532
        0.781821267100491        0.965208867987746
        0.785862105279119        0.975321886146325
        0.789902943457747        0.985461946967367
        0.793943781636375        0.995651261150311
        0.797984619815004         1.00587925371702
        0.802025457993632         1.01615093796224
         0.80606629617226         1.02646260489785
        0.810107134350889         1.03681575654022
        0.814147972529517         1.04721854090469
        0.818188810708145          1.0576603795318
        0.822229648886773         1.06814785752767
        0.826270487065402         1.07868494700818
         0.83031132524403         1.08926456639993
        0.834352163422658         1.09988922242821
        0.838393001601286         1.11056105850405
        0.842433839779915         1.12128180108485
        0.846474677958543         1.13205030042184
        0.850515516137171         1.14287461727259
        0.854556354315799         1.15374501908983
        0.858597192494428          1.1646703147312
        0.862638030673056         1.17564084013795
        0.866678868851684         1.18666428953206
        0.870719707030312         1.19774025263191
        0.874760545208941         1.20886987502125
        0.878801383387569         1.22005453561308
        0.882842221566197         1.23130140968337
        0.886883059744825         1.24259373238892
        0.890923897923454         1.25391251181719
        0.894964736102082         1.26534780936302
         0.89900557428071         1.27682374923081
        0.903046412459338         1.28831911830923
        0.907087250637967         1.29995443469456
        0.911128088816595          1.3116003414134
        0.915168926995223         1.32330974143349
        0.919209765173851         1.33503811542256
         0.92325060335248         1.34688461144176
        0.927291441531108         1.35878070264417
        0.931332279709736         1.37073290681277
        0.935373117888364         1.38276668488222
        0.939413956066993         1.39484063082586
        0.943454794245621         1.40699156264842
        0.947495632424249         1.41920917431786
        0.951536470602877         1.43150153766267
        0.955577308781506         1.44384925574517
        0.959618146960134         1.45628025389935
        0.963658985138762         1.46877352872497
         0.96769982331739         1.48134329414551
        0.971740661496019         1.49397576842162
        0.975781499674647         1.50668549946474
        0.979822337853275         1.51945592311194
        0.983863176031904         1.53232623905152
        0.987904014210532          1.5452577860317
         0.99194485238916         1.55827273840414
        0.995985690567788         1.57135926321048
         1.00002652874642          1.5845460381957
         1.00406736692504         1.59777091024515
         1.00810820510367         1.61108391878903
          1.0121490432823         1.62448856041463
         1.01618988146093         1.63797627194573
         1.02023071963956         1.65154868794863
         1.02427155781819         1.66520939656862
         1.02831239599681         1.67896219437337
         1.03235323417544         1.69280061542008
         1.03639407235407         1.70673092248075
          1.0404349105327         1.72075093781708
         1.04447574871133         1.73484176011408
         1.04851658688996         1.74902971501494
         1.05255742506858         1.76330258834212
         1.05659826324721         1.77765967801025
         1.06063910142584         1.79210617332494
         1.06467993960447         1.80663676634089
          1.0687207777831         1.82126214116482
         1.07276161596173         1.83597619979486
         1.07680245414035         1.85077298593929
         1.08084329231898         1.86565755243617
         1.08488413049761         1.88064021526395
         1.08892496867624         1.89570616340914
         1.09296580685487         1.91086932985077
         1.09700664503349         1.92612222380164
         1.10104748321212         1.94146619031562
         1.10508832139075         1.95689860040799
         1.10912915956938         1.97242501202433
         1.11316999774801          1.9880445477755
         1.11721083592664         2.00376399356109
         1.12125167410526          2.0195712649039
         1.12529251228389         2.03548408281757
         1.12933335046252         2.05148169988002
         1.13337418864115         2.06755083569558
         1.13741502681978         2.08376012544432
         1.14145586499841         2.10004509812511
         1.14549670317703         2.11643036668058
         1.14953754135566         2.13292354233089
         1.15357837953429         2.14949751568553
         1.15761921771292         2.16618869940622
         1.16166005589155         2.18297060640357
         1.16570089407017          2.1998452119609
          1.1697417322488          2.2168283169051
         1.17378257042743         2.23391315541477
         1.17782340860606         2.25110751851871
         1.18186424678469            2.26838805969
         1.18590508496332         2.28577708683527
         1.18994592314194         2.30324867480047
         1.19398676132057         2.32088294754423
          1.1980275994992         2.33859017536188
         1.20206843767783         2.35640718699476
         1.20610927585646         2.37431419588215
