            sqrt(s) [GeV]               sigma [mb]
        0.821408990806992         8.41305814854127
         0.82338236526791         7.78726999520792
        0.825355739728828         7.56966949843093
        0.827329114189746         7.41145061324118
        0.829302488650664         7.28288493930653
        0.831275863111581         7.17303370047735
        0.833249237572499          7.0765206265363
        0.835222612033417         6.99027393001749
        0.837195986494335         6.91236970689997
        0.839169360955253         6.84152559438027
        0.841142735416171         6.77684999160973
        0.843116109877089         6.71770479443264
        0.845089484338006         6.66362480904505
        0.847062858798924          6.6142676861265
        0.849036233259842         6.56938132689964
         0.85100960772076         6.52878179044533
        0.852982982181678         6.49233775701495
        0.854956356642596         6.45995920763041
        0.856929731103513         6.43158886999265
        0.858903105564431         6.40719550159593
        0.860876480025349         6.38676838879669
        0.862849854486267         6.37031263949851
        0.864823228947185          6.3578449678862
        0.866796603408103         6.34938975822745
         0.86876997786902         6.34497524769106
        0.870743352329938         6.34462971796387
        0.872716726790856         6.34837761482385
        0.874690101251774          6.3562355479828
        0.876663475712692         6.36820815073837
         0.87863685017361         6.38428380742664
        0.880610224634528         6.40443028555157
        0.882583599095445         6.42859033977777
        0.884556973556363         6.45667738598555
        0.886530348017281         6.48857169306619
        0.888503722478199         6.52411534348488
        0.890477096939117         6.56311090059325
        0.892450471400035         6.60531765955772
        0.894423845860952         6.65045042007489
         0.89639722032187         6.69817909697858
        0.898370594782788         6.74812966333088
        0.900343969243706         6.79988656782091
        0.902317343704624         6.85299671248067
        0.904290718165542         6.90697500219269
        0.906264092626459         6.96131139315767
        0.908237467087377         7.01547927309998
        0.910210841548295         7.06894491701379
        0.912184216009213         7.12117767732751
        0.914157590470131         7.17166050463561
        0.916130964931049         7.21990035554643
        0.918104339391966         7.26543803613532
        0.920077713852884         7.30785705357112
        0.922051088313802         7.34679110435995
         0.92402446277472         7.38192990925368
        0.925997837235638          7.4130232055168
        0.927971211696556         7.43988281661725
        0.929944586157474         7.46238282802521
        0.931917960618391         7.48045799626078
        0.933891335079309         7.49410059936028
        0.935864709540227         7.50335599576083
        0.937838084001145         7.50831719322467
        0.939811458462063         7.50911874046329
        0.941784832922981         7.50593024431205
        0.943758207383898         7.49894978883155
        0.945731581844816         7.48839749444466
        0.947704956305734         7.47450941018359
        0.949678330766652         7.45753188460749
         0.95165170522757         7.43771651497904
        0.953625079688488          7.4153157322324
        0.955598454149405         7.39057904306249
        0.957571828610323         7.36374992111908
        0.959545203071241         7.33506331658836
        0.961518577532159         7.30474373761086
        0.963491951993077         7.27300384623556
        0.965465326453995         7.24004350703128
        0.967438700914912         7.20604922419886
         0.96941207537583         7.17119390505706
        0.971385449836748         7.13563689119166
        0.973358824297666         7.09952420358166
        0.975332198758584         7.06298895379104
        0.977305573219502         7.02615187937053
         0.97927894768042         6.98912196763819
        0.981252322141337         6.95199713775325
        0.983225696602255         6.91486495629108
        0.985199071063173          6.8778033662768
        0.987172445524091         6.84088141384972
        0.989145819985009         6.80415996031635
        0.991119194445927         6.76769237046317
        0.993092568906844         6.73152517051971
        0.995065943367762         6.69569867132767
         0.99703931782868         6.66024755392811
        0.999012692289598         6.62520141616299
         1.00098606675052         6.59058527996954
         1.00295944121143         6.55642005981319
         1.00493281567235         6.52272299334203
         1.00690619013327         6.48950803577471
         1.00887956459419         6.45678621983796
         1.01085293905511         6.42456598322435
         1.01282631351602         6.39285346569776
         1.01479968797694         6.36165277796442
         1.01677306243786         6.33096624443523
         1.01874643689878         6.30079462194912
         1.02071981135969         6.27113729644692
         1.02269318582061         6.24199245949268
         1.02466656028153         6.21335726642293
         1.02663993474245         6.18522797781442
         1.02861330920337         6.15760008579666
         1.03058668366428         6.13046842667827
          1.0325600581252         6.10382728119541
         1.03453343258612         6.07767046360485
         1.03650680704704         6.05199140073321
         1.03848018150795         6.02678320199664
         1.04045355596887         6.00203872131308
         1.04242693042979         5.97775061174509
         1.04440030489071         5.95391137362568
         1.04637367935163         5.93051339686755
         1.04834705381254         5.90754899804864
         1.05032042827346          5.8850104528567
         1.05229380273438         5.86289002437989
          1.0542671771953         5.84117998769509
         1.05624055165622         5.81987265117202
         1.05821392611713         5.79896037483368
         1.06018730057805         5.77843558612282
         1.06216067503897         5.75829079335256
         1.06413404949989         5.73851859710471
          1.0661074239608         5.71911169981629
         1.06808079842172         5.70006291375679
         1.07005417288264         5.68136516758237
         1.07202754734356         5.66301151164058
         1.07400092180448         5.64499512217256
         1.07597429626539         5.62730930453869
         1.07794767072631         5.60994749560554
         1.07992104518723         5.59290326536278
         1.08189441964815         5.57617031791311
         1.08386779410907         5.55974249188053
         1.08584116856998          5.5436137603221
          1.0878145430309         5.52777823022844
         1.08978791749182         5.51223014163563
         1.09176129195274         5.49696386643455
         1.09373466641365         5.48197390690531
         1.09570804087457         5.46725489402234
         1.09768141533549         5.45280158557173
         1.09965478979641         5.43860886410171
         1.10162816425733         5.42467173474701
         1.10360153871824         5.41098532294196
         1.10557491317916         5.39754487205477
         1.10754828764008         5.38434574094987
           1.109521662101         5.37138340150745
         1.11149503656191         5.35865343610656
         1.11346841102283         5.34615153509103
         1.11544178548375          5.3338734942222
         1.11741515994467         5.32181521214005
         1.11938853440559         5.30997268782694
          1.1213619088665         5.29834201809434
         1.12333528332742         5.28691939508947
         1.12530865778834         5.27570110383444
         1.12728203224926         5.26468351979821
         1.12925540671018         5.25386310650747
         1.13122878117109         5.24323641319834
         1.13320215563201         5.23280007251509
         1.13517553009293         5.22255079825406
         1.13714890455385         5.21248538315835
         1.13912227901476         5.20260069676367
         1.14109565347568         5.19289368329704
          1.1430690279366         5.18336135962335
         1.14504240239752         5.17400081328706
         1.14701577685844         5.16480920053009
         1.14898915131935         5.15578374444916
         1.15096252578027          5.1469217331771
         1.15293590024119         5.13822051811929
         1.15490927470211         5.12967751230737
         1.15688264916303         5.12129018871843
         1.15885602362394         5.11305607876597
         1.16082939808486         5.10497277081651
         1.16280277254578         5.09703790879224
          1.1647761470067         5.08924919086527
         1.16674952146761         5.08160436824705
         1.16872289592853         5.07410124408602
         1.17069627038945         5.06673767249077
         1.17266964485037         5.05951155769943
         1.17464301931129         5.05242085342154
          1.1766163937722         5.04546356239955
         1.17858976823312         5.03863773623041
         1.18056314269404         5.03194147553446
         1.18253651715496         5.02537293056386
         1.18450989161588         5.01893030241159
         1.18648326607679         5.01261184503357
         1.18845664053771         5.00641586841643
         1.19043001499863         5.00034074338872
         1.19240338945955         4.99438490888213
         1.19437676392046          4.9885468829379
         1.19635013838138         4.98282527967744
          1.1983235128423         4.97721883618604
         1.20029688730322         4.97172645676195
         1.20227026176414         4.96634728959238
         1.20424363622505         4.96108086913148
         1.20621701068597          4.9559274066035
         1.20819038514689         4.95088846826957
         1.21016375960781         4.94596892728887
         1.21213713406872         4.94118522352174
         1.21411050852964         4.93697167456933
