            sqrt(s) [GeV]               sigma [mb]
        0.706392814990222          7435.2750230836
         0.70890075269289         12.5787957160324
        0.711408690395558          8.9556038526749
        0.713916628098225         7.36233854084506
        0.716424565800893         6.41969016030462
         0.71893250350356         5.78134903389943
        0.721440441206228         5.31387560000008
        0.723948378908895         4.95351283351085
        0.726456316611563          4.6654629804393
         0.72896425431423         4.42891781414752
        0.731472192016898         4.23057397257089
        0.733980129719565         4.06147926140985
        0.736488067422233         3.91536034247868
          0.7389960051249         3.78767401356586
        0.741503942827568         3.67503922919474
        0.744011880530236         3.57488088454587
        0.746519818232903         3.48519969191613
        0.749027755935571         3.40441609291711
        0.751535693638238         3.33126389245007
        0.754043631340906         3.26471470459528
        0.756551569043573         3.20392354743147
        0.759059506746241         3.14818895683948
        0.761567444448908         3.09692312603924
        0.764075382151576         3.04962936240111
        0.766583319854243          3.0058847280713
        0.769091257556911         2.96532658383339
        0.771599195259579         2.92764198896145
        0.774107132962246         2.89255930960539
        0.776615070664914         2.85984146983517
        0.779123008367581          2.8292805435239
        0.781630946070249         2.80069328018224
        0.784138883772916         2.77391750098877
        0.786646821475584         2.74880908732743
        0.789154759178251         2.72523948050746
        0.791662696880919          2.7030935972309
        0.794170634583586         2.68226807038557
        0.796678572286254         2.66266976984666
        0.799186509988921         2.64421453562451
        0.801694447691589         2.62682616511145
        0.804202385394257         2.61043519373394
        0.806710323096924         2.59497869321767
        0.809218260799592         2.58039899455754
        0.811726198502259         2.56664338778543
        0.814234136204927         2.55366354830963
        0.816742073907594         2.54141508609147
        0.819250011610262         2.52985714145452
        0.821757949312929         2.51895205253655
        0.824265887015597         2.50866503772852
        0.826773824718265         2.49896392678577
        0.829281762420932          2.4898189195295
          0.8317897001236         2.48120237528179
        0.834297637826267         2.47308861945976
        0.836805575528935         2.46545377111241
        0.839313513231602         2.45827559121979
         0.84182145093427          2.4515333420277
        0.844329388636937         2.44520766581814
        0.846837326339605         2.43928046491648
        0.849345264042272          2.4337348062961
         0.85185320174494         2.42855482608133
        0.854361139447607         2.42372564373847
        0.856869077150275         2.41923328117342
        0.859377014852943          2.4150646034787
         0.86188495255561         2.41120724484546
        0.864392890258278         2.40764955382945
        0.866900827960945         2.40438054228258
        0.869408765663613          2.4013898330828
         0.87191670336628         2.39866762176011
        0.874424641068948          2.3962046287995
        0.876932578771615         2.39399207098245
        0.879440516474283         2.39202161685891
         0.88194845417695         2.39028537161817
        0.884456391879618         2.38877583491942
        0.886964329582286         2.38748588214864
        0.889472267284953         2.38640873902785
        0.891980204987621         2.38553795984127
        0.894488142690288         2.38486740859684
        0.896996080392956          2.3843912397358
        0.899504018095623          2.3841038801665
        0.902011955798291         2.38400001580986
        0.904519893500958         2.38407457472392
        0.907027831203626         2.38432271440851
        0.909535768906294         2.38473980799138
        0.912043706608961         2.38532144044461
        0.914551644311629         2.38606338218558
        0.917059582014296         2.38696159122807
        0.919567519716964         2.38801220032682
        0.922075457419631         2.38921150682296
        0.924583395122299         2.39055596490222
        0.927091332824966         2.39204217783057
        0.929599270527634         2.39366689024322
        0.932107208230301         2.39542698115603
        0.934615145932969         2.39731945844443
        0.937123083635636         2.39934144944417
        0.939631021338304         2.40149019954623
        0.942138959040972         2.40376306354372
        0.944646896743639         2.40615750108724
        0.947154834446307         2.40867107268381
        0.949662772148974         2.41130143400467
        0.952170709851642         2.41404633208749
        0.954678647554309         2.41690359988502
        0.957186585256977         2.41987115714181
        0.959694522959644         2.42294699601419
        0.962202460662312         2.42612919182387
        0.964710398364979         2.42941591513788
        0.967218336067647         2.43280529966558
        0.969726273770315         2.43629570616659
        0.972234211472982         2.43988545171757
         0.97474214917565         2.44357294096736
        0.977250086878317         2.44735663685361
        0.979758024580985         2.45123505807898
        0.982265962283652          2.4552067766023
         0.98477389998632         2.45927041647087
        0.987281837688987         2.46342464988318
        0.989789775391655         2.46766819692782
        0.992297713094322         2.47199982274139
         0.99480565079699         2.47641833544955
        0.997313588499658         2.48092258767217
        0.999821526202325         2.48551146452961
         1.00232946390499         2.49018390167471
         1.00483740160766         2.49493886237803
         1.00734533931033         2.49977534888232
           1.009853277013         2.50469239740993
         1.01236121471566          2.5096890770198
         1.01486915241833         2.51476449004471
           1.017377090121         2.51991776702395
         1.01988502782367         2.52514806782088
         1.02239296552633         2.53045458699426
           1.024900903229         2.53583653703056
         1.02740884093167         2.54129316273777
         1.02991677863434         2.54682373308767
           1.032424716337         2.55242754135042
         1.03493265403967         2.55810390503081
         1.03744059174234         2.56385216394721
         1.03994852944501         2.56967168029058
         1.04245646714767         2.57556183732761
         1.04496440485034         2.58152203908837
         1.04747234255301         2.58755170946832
         1.04998028025568         2.59365029155406
         1.05248821795834         2.59981724694499
         1.05499615566101         2.60605205531075
         1.05750409336368         2.61235421356059
         1.06001203106635         2.61872323547954
         1.06251996876901         2.62515865108904
         1.06502790647168         2.63166000574572
         1.06753584417435         2.63822686096396
         1.07004378187702         2.64485879152826
         1.07255171957968         2.65155538790675
         1.07505965728235         2.65831625361872
         1.07756759498502         2.66514100565878
         1.08007553268769         2.67202927391362
         1.08258347039035         2.67898070157865
         1.08509140809302         2.68599494160833
         1.08759934579569          2.6930716618386
         1.09010728349836         2.70021053977087
         1.09261522120102         2.70741126427136
         1.09512315890369         2.71467353507362
         1.09763109660636         2.72199706207896
         1.10013903430903         2.72938156552544
         1.10264697201169         2.73682677525045
         1.10515490971436         2.74433243092632
         1.10766284741703         2.75189828110268
          1.1101707851197         2.75952408280039
         1.11267872282236         2.76720960341136
         1.11518666052503         2.77495461700945
          1.1176945982277         2.78275890660558
         1.12020253593037         2.79062226306634
         1.12271047363303         2.79854448500521
          1.1252184113357         2.80652537832968
         1.12772634903837         2.81456475666943
         1.13023428674104         2.82266243976014
          1.1327422244437         2.83081825527856
         1.13525016214637         2.83903203784037
         1.13775809984904          2.8473036270726
         1.14026603755171         2.85563286976868
         1.14277397525438         2.86401961873707
         1.14528191295704          2.8724637327184
         1.14778985065971         2.88096507584008
         1.15029778836238         2.88952351909185
         1.15280572606505          2.8981389369905
         1.15531366376771          2.9068112106409
         1.15782160147038         2.91554022587006
         1.16032953917305         2.92432587318354
         1.16283747687572         2.93316804845793
         1.16534541457838         2.94206665162913
         1.16785335228105         2.95102158716255
         1.17036128998372           2.960032764127
         1.17286922768639         2.96910009537407
         1.17537716538905         2.97822349767651
         1.17788510309172         2.98740289146882
         1.18039304079439         2.99663820047407
         1.18290097849706         3.00592935139483
         1.18540891619972         3.01527627353878
         1.18791685390239         3.02467889746372
         1.19042479160506         3.03413715456484
         1.19293272930773         3.04365097394033
         1.19544066701039         3.05322027842796
         1.19794860471306         3.06284497390174
         1.20045654241573         3.07252491882437
          1.2029644801184         3.08225979680479
         1.20547241782106         3.09204272493034
