            sqrt(s) [GeV]               sigma [mb]
       0.0254109146410352      0.00309730044670726
       0.0313378345994797      0.00417690813038673
       0.0372647545579242      0.00602631949028177
       0.0431916745163687      0.00847361828683243
       0.0491185944748132       0.0114609277539056
       0.0550455144332577       0.0149686855019808
       0.0609724343917022       0.0189948851118436
       0.0668993543501467        0.023546764397719
       0.0728262743085912       0.0286370824515348
       0.0787531942670357       0.0342823216194613
       0.0846801142254802       0.0405017761745776
       0.0906070341839247       0.0473170820140928
       0.0965339541423692         0.05475198004425
        0.102460874100814       0.0628322113128006
        0.108387794059258       0.0715854905368818
        0.114314714017703       0.0810415292399605
        0.120241633976147       0.0912320922053368
        0.126168553934592        0.102191077936878
        0.132095473893036        0.113954617433213
        0.138022393851481        0.126561188057382
        0.143949313809925         0.14005174043577
         0.14987623376837         0.15446983717827
        0.155803153726814        0.169861802684047
        0.161730073685259        0.186276883563214
        0.167656993643703        0.203767419016164
        0.173583913602148        0.222389022505541
        0.179510833560592        0.242200771400406
        0.185437753519037        0.263265407602246
        0.191364673477481        0.285649545854653
        0.197291593435926        0.309423892736571
         0.20321851339437        0.334663470163005
        0.209145433352815        0.361447847308656
        0.215072353311259         0.38986137653336
        0.220999273269704        0.419993432374186
        0.226926193228148        0.451938649144264
        0.232853113186593        0.485797158268357
        0.238780033145037        0.521674814292897
        0.244706953103482        0.559683410770648
        0.250633873061926        0.599940876860168
        0.256560793020371        0.642571445601337
        0.262487712978815        0.687705787316671
         0.26841463293726        0.735481094112772
        0.274341552895704         0.78604110483969
        0.280268472854149        0.839536050162932
        0.286195392812593        0.896122503346337
        0.292122312771038        0.955963111305174
        0.298049232729482         1.01922618116321
        0.303976152687927         1.08608509308023
        0.309903072646372         1.15671750398891
        0.315829992604816         1.23130430515395
        0.321756912563261         1.31002829032228
        0.327683832521705         1.39307248744373
         0.33361075248015         1.48061810374496
        0.339537672438594         1.57284202984533
        0.345464592397039         1.66991385106584
        0.351391512355483         1.77199230874679
        0.357318432313928         1.87922116638664
        0.363245352272372         1.99172443798629
        0.369172272230817         2.10960095219768
        0.375099192189261         2.23291824775304
        0.381026112147706         2.36170582213068
         0.38695303210615         2.49594779521571
        0.392879952064595         2.63557509778247
        0.398806872023039          2.7804573535198
        0.404733791981484         2.93039468989963
        0.410660711939928         3.08510979199233
        0.416587631898373         3.24424058927873
        0.422514551856817         3.40733404307703
        0.428441471815262         3.57384156672477
        0.434368391773706         3.74311665253349
        0.440295311732151         3.91441528930738
        0.446222231690595         4.08689971418746
         0.45214915164904         4.25964594846313
        0.458076071607484         4.43165540595108
        0.464002991565929         4.60187063867755
        0.469929911524373         4.76919500399588
        0.475856831482818         4.93251572154429
        0.481783751441262         5.09072946306858
        0.487710671399707          5.2427693250889
        0.493637591358151         5.38763181100073
        0.499564511316596         5.52440233005258
         0.50549143127504          5.6522777394831
        0.511418351233485         5.77058461237143
        0.517345271191929         5.87879224288911
        0.523272191150374         5.97651967583992
        0.529199111108818         6.06353676468167
        0.535126031067263         6.13975941106226
        0.541052951025707         6.20523983817911
        0.546979870984152         6.26015301755837
        0.552906790942596         6.30478085811805
        0.558833710901041         6.33949687347149
        0.564760630859485         6.36476086237727
         0.57068755081793         6.38118859827298
        0.576614470776374         6.38851550536793
        0.582541390734819         6.38787499267179
        0.588468310693263         6.37977028594724
        0.594395230651708         6.36473220711389
        0.600322150610152         6.34328455544648
        0.606249070568597         6.31593572271131
        0.612175990527041         6.28317415438092
        0.618102910485486         6.24546592029031
         0.62402983044393         6.20325381426772
        0.629956750402375         6.15695749692063
        0.635883670360819         6.10697441354798
        0.641810590319264         6.05368106515521
        0.647737510277708         5.99743441959215
        0.653664430236153         5.93857327159148
        0.659591350194597         5.87741942708843
        0.665518270153042         5.81427865797465
        0.671445190111486          5.7494414160723
        0.677372110069931         5.68318332545019
        0.683299030028375         5.61576549074063
         0.68922594998682         5.54743467017894
        0.695152869945264         5.47842335927519
        0.701079789903709         5.40894983116251
        0.707006709862154         5.33921817191827
        0.712933629820598          5.2694183419393
        0.718860549779042         5.19972628489015
        0.724787469737487         5.13030410094036
        0.730714389695931         5.06130029013503
        0.736641309654376         4.99285007134479
        0.742568229612821         4.92507577148776
        0.748495149571265         4.85808728096191
         0.75442206952971         4.79198256688569
        0.760348989488154          4.7268482343868
        0.766275909446599         4.66276012575393
        0.772202829405043         4.59978394665221
        0.778129749363488         4.53797591046831
        0.784056669321932         4.47738339009368
        0.789983589280377          4.4180455679716
        0.795910509238821         4.35999408010325
        0.801837429197266         4.30325364304919
         0.80776434915571         4.24784266172625
        0.813691269114155         4.19377381183592
        0.819618189072599         4.14105459412805
        0.825545109031044         4.08968785833655
        0.831472028989488            4.03967229348
        0.837398948947933          3.9910028870305
        0.843325868906377         3.94367134885338
        0.849252788864822         3.89766650319056
        0.855179708823266         3.85297464796604
        0.861106628781711         3.80957988358002
        0.867033548740155         3.76746441106806
          0.8729604686986         3.72660880326915
        0.878887388657044         3.68699224829252
        0.884814308615489         3.64859276854784
        0.890741228573933         3.61138741648884
        0.896668148532378         3.57535244815424
        0.902595068490822         3.54046347727617
        0.908521988449267         3.50669560989229
        0.914448908407711         3.47402356225229
        0.920375828366156         3.44242176246374
          0.9263027483246         3.41186443732447
        0.932229668283045         3.38232568567798
        0.938156588241489         3.35377953885867
        0.944083508199934         3.32620000959181
        0.950010428158378         3.29956112966839
        0.955937348116823         3.27383697730821
        0.961864268075267         3.24900169546027
        0.967791188033712         3.22502949937734
        0.973718107992156         3.20189467664259
        0.979645027950601         3.17957157750133
        0.985571947909045         3.15803459683211
         0.99149886786749         3.13725814733696
        0.997425787825934         3.11721662322691
         1.00335270778438         3.09788435477898
         1.00927962774282         3.07923555246749
         1.01520654770127           3.061244239974
         1.02113346765971         3.04388417477871
         1.02706038761816         3.02712875481883
          1.0329873075766         3.01095090914614
         1.03891422753505         2.99532296977422
         1.04484114749349         2.98021652170508
         1.05076806745193         2.96560222660638
         1.05669498741038         2.95144961521409
         1.06262190736882         2.93772684071302
         1.06854882732727         2.92440038536877
         1.07447574728571         2.91143470783472
         1.08040266724416         2.89879181662336
          1.0863295872026         2.88643074922089
         1.09225650716105         2.87430693105479
         1.09818342711949         2.86237137562998
         1.10411034707794         2.85056967866094
         1.11003726703638         2.83884073303331
         1.11596418699482         2.82711506634435
         1.12189110695327         2.81531265429644
         1.12781802691171         2.80333999358697
         1.13374494687016         2.79108610345283
          1.1396718668286          2.7784169356592
         1.14559878678705         2.76516734814251
         1.15152570674549         2.75112921161447
         1.15745262670394         2.73603311523435
         1.16337954666238         2.71951891874628
         1.16930646662082         2.70108560140509
         1.17523338657927         2.67999946435207
         1.18116030653771         2.65510917734664
         1.18708722649616         2.62441923122882
          1.1930141464546         2.58387869219462
         1.19894106641305         2.52234234696604
         1.20486798637149         2.21044931479626
