            sqrt(s) [GeV]               sigma [mb]
        0.743645577496534         3.16531323823471
        0.745969515679247         2.89853181414971
        0.748293453861961         2.79735093387339
        0.750617392044674         2.72330488345412
        0.752941330227387         2.66326040571872
          0.7552652684101         2.61214376464258
        0.757589206592813         2.56735853899464
        0.759913144775526         2.52736501208885
         0.76223708295824         2.49116174035763
        0.764561021140953         2.45805405077293
        0.766884959323666         2.42753677911177
        0.769208897506379         2.39922898017441
        0.771532835689092         2.37283507779331
        0.773856773871806         2.34811994011158
        0.776180712054519         2.32489331551958
        0.778504650237232         2.30299843263839
        0.780828588419945         2.28230434780328
        0.783152526602658          2.2627003542393
        0.785476464785371         2.24409185666333
        0.787800402968085         2.22639726784913
        0.790124341150798         2.20954563396359
        0.792448279333511         2.19347478941531
        0.794772217516224         2.17812990443659
        0.797096155698937         2.16346232726595
        0.799420093881651          2.1494286513537
        0.801744032064364         2.13598995617437
        0.804067970247077         2.12311118397294
         0.80639190842979         2.11076062348916
        0.808715846612503          2.0989094793181
        0.811039784795216         2.08753151015373
         0.81336372297793          2.0766027226161
        0.815687661160643         2.06610111098436
        0.818011599343356         2.05600643431905
        0.820335537526069         2.04630002493316
        0.822659475708782         2.03696462269386
        0.824983413891496         2.02798423118041
        0.827307352074209         2.01934404759264
        0.829631290256922          2.0110301322933
        0.831955228439635         2.00302964238636
        0.834279166622348         1.99533052697378
        0.836603104805062         1.98792150656874
        0.838927042987775         1.98079200613358
        0.841250981170488         1.97393209542688
        0.843574919353201         1.96733243576273
        0.845898857535914         1.96098423220874
        0.848222795718627          1.9548791907775
        0.850546733901341         1.94900947975377
        0.852870672084054         1.94336769488962
        0.855194610266767         1.93794682785942
         0.85751854844948         1.93274023762694
        0.859842486632193         1.92774162452532
        0.862166424814906         1.92294500652838
         0.86449036299762         1.91834469774789
        0.866814301180333         1.91393528859955
        0.869138239363046         1.90971162788331
        0.871462177545759         1.90566880608423
        0.873786115728472         1.90180214023653
        0.876110053911186         1.89810715990266
        0.878433992093899         1.89457959423038
        0.880757930276612         1.89121536010827
        0.883081868459325         1.88801055111679
        0.885405806642038         1.88496142732857
        0.887729744824751         1.88206440592104
        0.890053683007465         1.87931605235831
        0.892377621190178         1.87671307227035
        0.894701559372891         1.87425230391517
        0.897025497555604         1.87193071106969
        0.899349435738317         1.86974537649121
        0.901673373921031         1.86769349577298
        0.903997312103744          1.8657723716282
        0.906321250286457         1.86397940848233
         0.90864518846917         1.86231210749933
        0.910969126651883         1.86076806185758
        0.913293064834596           1.859344952326
         0.91561700301731         1.85804054314047
        0.917940941200023         1.85685267808842
        0.920264879382736         1.85577927686566
        0.922588817565449         1.85481833161418
        0.924912755748162         1.85396790368011
        0.927236693930876         1.85322612054264
        0.929560632113589         1.85259117295587
        0.931884570296302         1.85206131215804
        0.934208508479015         1.85163484735669
        0.936532446661728         1.85131014325197
        0.938856384844442         1.85108561773338
        0.941180323027155         1.85095973971056
        0.943504261209868         1.85093102701468
        0.945828199392581         1.85099804447127
        0.948152137575294         1.85115940199024
        0.950476075758007         1.85141375283598
        0.952800013940721         1.85175979193202
        0.955123952123434         1.85219625425244
        0.957447890306147          1.8527219133205
         0.95977182848886         1.85333557974856
        0.962095766671573         1.85403609986687
        0.964419704854287         1.85482235440515
           0.966743643037         1.85569325725577
        0.969067581219713         1.85664775426637
        0.971391519402426         1.85768482209303
        0.973715457585139         1.85880346715096
        0.976039395767852         1.86000272453914
        0.978363333950566         1.86128165705422
        0.980687272133279         1.86263935426423
        0.983011210315992         1.86407493157489
        0.985335148498705         1.86558752937472
        0.987659086681418         1.86717631220642
        0.989983024864131         1.86884046796645
        0.992306963046845         1.87057920713423
        0.994630901229558         1.87239176205802
        0.996954839412271         1.87427738624179
        0.999278777594984         1.87623535367877
          1.0016027157777         1.87826495819869
         1.00392665396041         1.88036551284898
         1.00625059214312         1.88253634931442
         1.00857453032584         1.88477681732512
         1.01089846850855         1.88708628411775
         1.01322240669126         1.88946413390601
         1.01554634487398         1.89190976736403
         1.01787028305669          1.8944226011507
          1.0201942212394         1.89700206743194
         1.02251815942212         1.89964761342523
         1.02484209760483         1.90235870096389
         1.02716603578754         1.90513480607956
         1.02948997397026         1.90797541858829
         1.03181391215297         1.91088004172008
         1.03413785033568         1.91384819170718
          1.0364617885184          1.9168793974595
         1.03878572670111         1.91997320018556
         1.04110966488382         1.92312915305988
         1.04343360306653         1.92634682090647
         1.04575754124925         1.92962577986929
         1.04808147943196         1.93296561711769
         1.05040541761467         1.93636593053724
         1.05272935579739         1.93982632846392
          1.0550532939801         1.94334642939238
         1.05737723216281         1.94692586171613
         1.05970117034553          1.9505642634681
         1.06202510852824         1.95426128207078
         1.06434904671095         1.95801657409262
         1.06667298489367         1.96182980502426
         1.06899692307638         1.96570064903269
         1.07132086125909         1.96962878875597
         1.07364479944181         1.97361391509357
         1.07596873762452         1.97765572698652
         1.07829267580723         1.98175393122646
         1.08061661398995         1.98590824226507
         1.08294055217266         1.99011838201281
         1.08526449035537         1.99438407966907
         1.08758842853809         1.99870507154543
          1.0899123667208         2.00308110088045
         1.09223630490351         2.00751191768997
         1.09456024308622         2.01199727859133
         1.09688418126894          2.0165369466566
         1.09920811945165         2.02113069125469
         1.10153205763436         2.02577828790122
         1.10385599581708         2.03047951811972
         1.10617993399979         2.03523416929297
          1.1085038721825         2.04004203453903
         1.11082781036522         2.04490291257051
         1.11315174854793          2.0498166075636
         1.11547568673064         2.05478292903488
         1.11779962491336          2.0598016917266
         1.12012356309607         2.06487271547783
         1.12244750127878           2.069995825111
          1.1247714394615         2.07517085032421
         1.12709537764421         2.08039762557797
         1.12941931582692         2.08567598998681
         1.13174325400964         2.09100578721901
         1.13406719219235         2.09638686538918
         1.13639113037506         2.10181907697112
         1.13871506855778         2.10730227868674
         1.14103900674049         2.11283633142266
          1.1433629449232         2.11842110013698
         1.14568688310591         2.12405645376386
         1.14801082128863         2.12974226513324
         1.15033475947134         2.13547841088272
         1.15265869765405         2.14126477137623
         1.15498263583677         2.14710123061776
         1.15730657401948          2.1529876761814
         1.15963051220219         2.15892399912658
         1.16195445038491         2.16491009392745
         1.16427838856762         2.17094585838845
         1.16660232675033         2.17703119359117
         1.16892626493305         2.18316600380744
         1.17125020311576         2.18935019643876
         1.17357414129847         2.19558368194467
         1.17589807948119         2.20186637377828
          1.1782220176639         2.20819818832737
         1.18054595584661         2.21457904484293
         1.18286989402933         2.22100886538152
         1.18519383221204         2.22748757474857
         1.18751777039475         2.23401510043053
         1.18984170857747         2.24059137254804
         1.19216564676018         2.24721632378995
         1.19448958494289         2.25388988936455
          1.1968135231256         2.26061200694254
         1.19913746130832         2.26738261660256
         1.20146139949103          2.2742016607832
         1.20378533767374         2.28106908422944
         1.20610927585646         2.28798476716224
