            sqrt(s) [GeV]               sigma [mb]
       0.0254109146410337     0.000165268280793103
       0.0313378345994783     0.000197068726161597
       0.0372647545579228     0.000281663891573989
       0.0431916745163673     0.000402556726481268
       0.0491185944748118     0.000553537282765378
       0.0550455144332563     0.000731791008922534
       0.0609724343917008     0.000935998876523072
       0.0668993543501453      0.00116557894868191
       0.0728262743085899      0.00142034515544683
       0.0787531942670344      0.00170033983150997
       0.0846801142254789      0.00200574569334619
       0.0906070341839234       0.0023368369365567
       0.0965339541423679      0.00269395076036458
        0.102460874100812      0.00307747012345979
        0.108387794059257      0.00348781294491679
        0.114314714017701      0.00392542513563914
        0.120241633976146      0.00439077598574196
         0.12616855393459      0.00488435504211671
        0.132095473893035      0.00540666994684748
        0.138022393851479        0.005958244917881
        0.143949313809924      0.00653961966032544
        0.149876233768369      0.00715134857570942
        0.155803153726813      0.00779400017986446
        0.161730073685258      0.00846815667370694
        0.167656993643702      0.00917441350748895
        0.173583913602147      0.00991337937718309
        0.179510833560591        0.010685675759137
        0.185437753519036       0.0114919369058828
         0.19136467347748       0.0123328094963976
        0.197291593435925       0.0132089529575949
        0.203218513394369       0.0141210389562859
        0.209145433352814       0.0150697514979428
        0.215072353311258       0.0160557868300517
        0.220999273269703       0.0170798534660568
        0.226926193228147       0.0181426718012064
        0.232853113186592       0.0192449746184303
        0.238780033145036        0.020387506487627
        0.244706953103481       0.0215710239192771
        0.250633873061925       0.0227962954575285
         0.25656079302037       0.0240641013690689
        0.262487712978814        0.025375233744807
        0.268414632937259       0.0267304962638542
        0.274341552895703       0.0281307044676714
        0.280268472854148       0.0295766853009168
        0.286195392812592       0.0310692772873824
        0.292122312771037        0.032609330392022
        0.298049232729481       0.0341977058967189
        0.303976152687926       0.0358352764430151
         0.30990307264637       0.0375229258456202
        0.315829992604815       0.0392615490301846
        0.321756912563259       0.0410520519715818
        0.327683832521704       0.0428953515845909
        0.333610752480148       0.0447923756926579
        0.339537672438593       0.0467440627273122
        0.345464592397037       0.0487513619775618
        0.351391512355482         0.05081523314848
        0.357318432313927       0.0529366464367375
        0.363245352272371       0.0551165824396912
        0.369172272230816       0.0573560319114701
         0.37509919218926       0.0596559957736492
        0.381026112147705       0.0620174849744431
        0.386953032106149       0.0644415203264029
        0.392879952064594       0.0669291323934138
        0.398806872023038       0.0694813614931699
        0.404733791981483       0.0720992574001415
        0.410660711939927       0.0747838793163055
        0.416587631898372       0.0775362957400865
        0.422514551856816       0.0803575843207394
        0.428441471815261       0.0832488317782178
        0.434368391773705       0.0862111336870025
         0.44029531173215       0.0892455944416392
        0.446222231690594       0.0923533270686186
        0.452149151649039       0.0955354531293012
        0.458076071607483       0.0987931025811835
        0.464002991565928        0.102127413660107
        0.469929911524372        0.105539532694212
        0.475856831482817        0.109030614074274
        0.481783751441261        0.112601820090828
        0.487710671399706        0.116254320728923
         0.49363759135815         0.11998929370325
        0.499564511316595        0.123807924237887
        0.505491431275039        0.127711404859636
        0.511418351233484         0.13170093384547
        0.517345271191928         0.13577772338694
        0.523272191150373        0.139942982461149
        0.529199111108817        0.144197933878447
        0.535126031067262        0.148543805619701
        0.541052951025706        0.152981832415706
        0.546979870984151        0.157513255583161
        0.552906790942595        0.162139323196059
         0.55883371090104        0.166861289390041
        0.564760630859484        0.171680415317729
        0.570687550817929        0.176597967940757
        0.576614470776374        0.181615220663326
        0.582541390734818         0.18673345311105
        0.588468310693263        0.191953950925263
        0.594395230651707        0.197278005982739
        0.600322150610152        0.202706915679923
        0.606249070568596        0.208241984155187
        0.612175990527041         0.21388452091315
        0.618102910485485        0.219635840244328
         0.62402983044393        0.225497267297569
        0.629956750402374        0.231470125928099
        0.635883670360819        0.237555749810475
        0.641810590319263        0.243755478642096
        0.647737510277708        0.250070657016869
        0.653664430236152        0.256502635638746
        0.659591350194597        0.263052771135082
        0.665518270153041         0.26972242597521
        0.671445190111486        0.276512968612922
         0.67737211006993        0.283425773582917
        0.683299030028375        0.290462221282808
        0.689225949986819        0.297623698365755
        0.695152869945264        0.304911597650818
        0.701079789903708        0.312327318158068
        0.707006709862153        0.319872265185751
        0.712933629820597        0.327547850587973
        0.718860549779042        0.335355492667463
        0.724787469737486        0.343296616539138
        0.730714389695931        0.351372653812409
        0.736641309654375        0.359585043170441
         0.74256822961282        0.367935230301821
        0.748495149571264        0.376424668032089
        0.754422069529709        0.385054816516641
        0.760348989488153         0.39382714340056
        0.766275909446598        0.402743124009507
        0.772202829405042        0.411804241361843
        0.778129749363487        0.421011986609869
        0.784056669321932        0.430367859254508
        0.789983589280376        0.439873366812958
        0.795910509238821        0.449530025709643
        0.801837429197265        0.459339361048922
         0.80776434915571         0.46930290703516
        0.813691269114154        0.479422207119014
        0.819618189072599        0.489698814208791
        0.825545109031043        0.500134291117481
        0.831472028989488        0.510730210311557
        0.837398948947932        0.521488154780643
        0.843325868906377         0.53240971788202
        0.849252788864821        0.543496503769991
        0.855179708823266        0.554750127539604
         0.86110662878171        0.566172215700921
        0.867033548740155        0.577764406133071
        0.872960468698599        0.589528348735869
        0.878887388657044        0.601465705462499
        0.884814308615488        0.613578150668469
        0.890741228573933        0.625867371478413
        0.896668148532377        0.638335067896228
        0.902595068490822        0.650982953346597
        0.908521988449266        0.663812754750698
        0.914448908407711        0.676826212955591
        0.920375828366155        0.690025083005981
          0.9263027483246        0.703411134398586
        0.932229668283044        0.716986151457331
        0.938156588241489        0.730751933566858
        0.944083508199933        0.744710295548317
        0.950010428158378        0.758863067888409
        0.955937348116822         0.77321209697512
        0.961864268075267        0.787759245750139
        0.967791188033711        0.802506393498586
        0.973718107992156        0.817455436512828
          0.9796450279506        0.832608288206322
        0.985571947909045        0.847966879453541
         0.99149886786749        0.863533158966986
        0.997425787825934        0.879309093414808
         1.00335270778438        0.895296667801972
         1.00927962774282         0.91149788572249
         1.01520654770127        0.927914769623982
         1.02113346765971        0.944549361052132
         1.02706038761816        0.961403720917868
          1.0329873075766        0.978479929787097
         1.03891422753505        0.995780088062218
         1.04484114749349         1.01330631625746
         1.05076806745193         1.03106075516914
         1.05669498741038         1.04904556623737
         1.06262190736882         1.06726293154335
         1.06854882732727         1.08571505419679
         1.07447574728571         1.10440415844015
         1.08040266724416         1.12333248987401
          1.0863295872026         1.14250231548871
         1.09225650716105          1.1619159242084
         1.09818342711949         1.18157562647556
         1.10411034707794         1.20148375490001
         1.11003726703638         1.22164266406984
         1.11596418699482         1.24205473082273
         1.12189110695327         1.26272235429556
         1.12781802691171          1.2836479560135
         1.13374494687016         1.30483398000018
          1.1396718668286         1.32628289273393
         1.14559878678705          1.3479971833459
         1.15152570674549         1.36997936355532
         1.15745262670394         1.39223196770841
         1.16337954666238         1.41475755277226
         1.16930646662082          1.4375586983165
         1.17523338657927          1.4606380065082
         1.18116030653771          1.4839981020348
         1.18708722649616         1.50764163203986
          1.1930141464546         1.53157126604845
         1.19894106641305         1.55578969587774
         1.20486798637149         1.58029963544122
