            sqrt(s) [GeV]               sigma [mb]
        0.756104380138032         9.33734375532164
        0.758367682525172         8.91027193906209
        0.760630984912311         8.68185791423438
        0.762894287299451           8.490227904674
        0.765157589686591         8.32001277657933
        0.767420892073731          8.1651848365789
        0.769684194460871         8.02258752495035
        0.771947496848011         7.89029452649116
        0.774210799235151         7.76701558230991
        0.776474101622291         7.65182898661238
        0.778737404009431         7.54404707281993
        0.781000706396571         7.44314083781006
        0.783264008783711         7.34869465751234
        0.785527311170851         7.26037743337684
        0.787790613557991         7.17792327806661
         0.79005391594513         7.10111800721572
         0.79231721833227         7.02978930583531
         0.79458052071941         6.96379928153091
         0.79684382310655         6.90303859864382
         0.79910712549369         6.84742166525499
         0.80137042788083         6.79688251571599
         0.80363373026797         6.75137113700781
         0.80589703265511         6.71085005861336
         0.80816033504225         6.67529107145173
         0.81042363742939         6.64467197613918
         0.81268693981653         6.61897328667401
         0.81495024220367         6.59817520291832
        0.817213544590809          6.5822526307026
        0.819476846977949         6.57117368925969
        0.821740149365089         6.56489446668708
        0.824003451752229         6.56335546662397
        0.826266754139369           6.566477638269
        0.828530056526509         6.57415842273556
        0.830793358913649         6.58626791494237
        0.833056661300789         6.60264526409809
        0.835319963687929         6.62309545777373
        0.837583266075069         6.64738665211502
        0.839846568462209          6.6752482215606
        0.842109870849349         6.70636970381959
        0.844373173236489         6.74040080603525
        0.846636475623628         6.77695261573738
        0.848899778010768         6.81560012335026
        0.851163080397908         6.85588611196137
        0.853426382785048         6.89732640710121
        0.855689685172188         6.93941640679145
        0.857952987559328         6.98163873576147
        0.860216289946468         7.02347179297351
        0.862479592333608         7.06439889574728
        0.864742894720748         7.10391767290764
        0.867006197107888         7.14154932935144
        0.869269499495028         7.17684739955268
        0.871532801882168         7.20940562855019
        0.873796104269307         7.23886466490727
        0.876059406656447         7.26491731782193
        0.878322709043587         7.28731221273472
        0.880586011430727         7.30585577017164
        0.882849313817867         7.32041252287932
        0.885112616205007          7.3309038689204
        0.887375918592147         7.33730542840131
        0.889639220979287         7.33964322313218
        0.891902523366427         7.33798893195341
        0.894165825753567         7.33245448744962
        0.896429128140707         7.32318627607107
        0.898692430527847         7.31035918518432
        0.900955732914987          7.2941707115426
        0.903219035302126          7.2748353091491
        0.905482337689266         7.25257911617824
        0.907745640076406         7.22763516109168
        0.910008942463546         7.20023911137775
        0.912272244850686          7.1706255964476
        0.914535547237826         7.13902510890908
        0.916798849624966         7.10566146641337
        0.919062152012106         7.07074980094442
        0.921325454399246         7.03449503057776
        0.923588756786386         6.99709076255449
        0.925852059173526         6.95871857315394
        0.928115361560666         6.91954761004263
        0.930378663947805         6.87973446419238
        0.932641966334945         6.83942326245298
        0.934905268722085         6.79874593605711
        0.937168571109225         6.75782262519112
        0.939431873496365         6.71676218503354
        0.941695175883505         6.67566276357201
        0.943958478270645         6.63461242618737
        0.946221780657785         6.59368980653506
        0.948485083044925           6.552964767031
        0.950748385432065         6.51249905557634
        0.953011687819205         6.47234694855368
        0.955274990206345         6.43255587217153
        0.957538292593485          6.3931669967677
        0.959801594980624         6.35421580009104
        0.962064897367764          6.3157325973768
        0.964328199754904         6.27774303689241
        0.966591502142044         6.24026856061054
        0.968854804529184         6.20332683041717
        0.971118106916324         6.16693212078173
        0.973381409303464         6.13109567909166
        0.975644711690604         6.09582605521082
        0.977908014077744          6.0611294020146
        0.980171316464884          6.0270097486165
        0.982434618852024         5.99346924827136
        0.984697921239164         5.96050840259782
        0.986961223626303         5.92812626413764
        0.989224526013443          5.8963206188654
        0.991487828400583         5.86508815034804
        0.993751130787723         5.83442458711514
        0.996014433174863         5.80432483479168
        0.998277735562003         5.77478309428798
         1.00054103794914          5.7457929673908
         1.00280434033628         5.71734755093029
         1.00506764272342         5.68943952061301
         1.00733094511056         5.66206120552633
          1.0095942474977         5.63520465426888
         1.01185754988484          5.6088616934342
         1.01412085227198         5.58302397939134
         1.01638415465912         5.55768304388177
         1.01864745704626         5.53283033415645
          1.0209107594334         5.50845724823949
         1.02317406182054         5.48455516569527
         1.02543736420768         5.46111547459188
         1.02770066659482         5.43812959484888
         1.02996396898196         5.41558899850247
          1.0322272713691         5.39348522716224
         1.03449057375624         5.37180990698087
         1.03675387614338         5.35055476138556
         1.03901717853052          5.3297116218878
         1.04128048091766         5.30927243710354
          1.0435437833048         5.28922928023571
         1.04580708569194         5.26957435521941
         1.04807038807908         5.25030000157462
         1.05033369046622         5.23139869827871
         1.05259699285336         5.21286306665263
          1.0548602952405         5.19468587239477
         1.05712359762764         5.17686002694096
         1.05938690001478         5.15937858816706
         1.06165020240192         5.14223498533662
         1.06391350478906         5.12542211980706
          1.0661768071762         5.10893371217113
         1.06844010956334         5.09276340289868
         1.07070341195048         5.07690497535201
         1.07296671433762         5.06135235413349
         1.07523001672476         5.04609960310633
          1.0774933191119         5.03114092329671
         1.07975662149904         5.01647065063748
         1.08201992388618         5.00208325353621
         1.08428322627332         4.98797333039075
         1.08654652866046         4.97413560696636
          1.0888098310476         4.96056493375507
         1.09107313343474         4.94725628326727
         1.09333643582188           4.934204747268
         1.09559973820902         4.92140553405354
         1.09786304059616         4.90885396564354
          1.1001263429833         4.89654547503096
         1.10238964537044         4.88447560340806
         1.10465294775758           4.872639997442
         1.10691625014472          4.8610344065273
         1.10917955253186         4.84965468010898
           1.111442854919         4.83849676501713
         1.11370615730614         4.82755670284202
         1.11596945969328         4.81683062735117
         1.11823276208042         4.80631476194493
         1.12049606446756          4.7960054171669
          1.1227593668547         4.78589898823263
         1.12502266924184         4.77599195266179
         1.12728597162898         4.76628086789187
         1.12954927401612         4.75676236898441
         1.13181257640326         4.74743316638179
          1.1340758787904          4.7382900436852
         1.13633918117754          4.7293298555138
         1.13860248356468          4.7205495253937
         1.14086578595182         4.71194604371676
         1.14312908833896         4.70351646572712
          1.1453923907261         4.69525790957802
         1.14765569311324         4.68716755442568
         1.14991899550038         4.67924263859639
         1.15218229788752         4.67148045775723
         1.15444560027466         4.66387836320823
          1.1567089026618         4.65643376016592
         1.15897220504894         4.64914410613653
         1.16123550743608         4.64200690934271
         1.16349880982322         4.63501972721175
         1.16576211221036          4.6281801649287
          1.1680254145975         4.62148587408928
         1.17028871698464         4.61493455143097
         1.17255201937178         4.60852393769519
         1.17481532175892         4.60225181661841
         1.17707862414606         4.59611601417331
          1.1793419265332         4.59011439801584
         1.18160522892034         4.58424487738682
         1.18386853130748         4.57850540358393
         1.18613183369462         4.57289397137534
         1.18839513608176         4.56740862194436
          1.1906584384689         4.56204744852973
         1.19292174085604         4.55680860703084
         1.19518504324318         4.55169033668704
         1.19744834563032         4.54669100339804
         1.19971164801746         4.54180920214758
          1.2019749504046         4.53704405294771
         1.20423825279174         4.53239645034889
         1.20650155517888         4.52792606426973
