            sqrt(s) [GeV]               sigma [mb]
       0.0603194438582137        0.171046548081852
       0.0660771817074511        0.202370341532591
       0.0718349195566885        0.242076472586692
       0.0775926574059259        0.288073477789293
       0.0833503952551633        0.340597630002964
       0.0891081331044007        0.400127758579271
       0.0948658709536381        0.467291750276838
        0.100623608802876        0.542849558202462
        0.106381346652113        0.627695543722775
         0.11213908450135        0.722870276514714
        0.117896822350588         0.82957812689094
        0.123654560199825        0.949210138621068
        0.129412298049063         1.08337217993877
          0.1351700358983         1.23391882575389
        0.140927773747537         1.40299367433777
        0.146685511596775         1.59307697173149
        0.152443249446012         1.80704152265804
         0.15820098729525         2.04821789044365
        0.163958725144487         2.32046978337666
        0.169716462993724         2.62828018800655
        0.175474200842962         2.97684811406133
        0.181231938692199         3.37219450711499
        0.186989676541437         3.82127362213496
        0.192747414390674         4.33208237862823
        0.198505152239911         4.91375417293052
        0.204262890089149         5.57661420194215
        0.210020627938386         6.33215916553806
        0.215778365787624          7.1929036864924
        0.221536103636861         8.17200759057964
        0.227293841486098         9.28256265157538
        0.233051579335336         10.5363786208613
        0.238809317184573         11.9420792470937
        0.244567055033811         13.5023273430837
        0.250324792883048         15.2100935823911
        0.256082530732285         17.0441368374974
        0.261840268581523          18.964341041315
         0.26759800643076         20.9082420342464
        0.273355744279998         22.7907672304013
        0.279113482129235         24.5093926652152
        0.284871219978473         25.9559254256745
         0.29062895782771         27.0336541155735
        0.296386695676947         27.6755014383998
        0.302144433526185         27.8570408048385
        0.307902171375422         27.5995631763501
         0.31365990922466         26.9624812519551
        0.319417647073897         26.0286923661537
        0.325175384923134         24.8884695117384
        0.330933122772372          23.626448657544
        0.336690860621609         22.3137545986913
        0.342448598470847         21.0050208460026
        0.348206336320084         19.7388739146532
        0.353964074169321         18.5402824970676
        0.359721812018559         17.4235401305123
        0.365479549867796         16.3951395397703
        0.371237287717034         15.4561945846918
        0.376995025566271         14.6043182811692
        0.382752763415508         13.8349959469453
        0.388510501264746         13.1425437385837
        0.394268239113983         12.5207507701969
        0.400025976963221         11.9632916268573
        0.405783714812458         11.4639785611549
        0.411541452661695         11.0169054526734
        0.417299190510933         10.6165211117391
         0.42305692836017         10.2576582683015
        0.428814666209408         9.93553625575557
        0.434572404058645         9.64574938601194
        0.440330141907882         9.38424881903366
         0.44608787975712         9.14732271410844
        0.451845617606357         8.93157742299408
        0.457603355455595         8.73392106140269
        0.463361093304832         8.55154980359661
        0.469118831154069          8.3819366282148
        0.474876569003307         8.22282184579961
        0.480634306852544         8.07220455123429
        0.486392044701782         7.92833410991178
        0.492149782551019         7.78970086434916
        0.497907520400257         7.65502544505451
        0.503665258249494          7.5232462499253
        0.509422996098731          7.3935049689674
        0.515180733947969         7.26513020450648
        0.520938471797206         7.13761949215372
        0.526696209646444          7.0106201595154
        0.532453947495681         6.88390955885782
        0.538211685344918         6.75737525101592
        0.543969423194156         6.63099569156422
        0.549727161043393         6.50482191134241
        0.555484898892631         6.37896059169446
        0.561242636741868         6.25355882352115
        0.567000374591105         6.12879073227064
        0.572758112440343         6.00484604117696
         0.57851585028958         5.88192055984129
        0.584273588138818         5.76020850916916
        0.590031325988055         5.63989654021531
        0.595789063837292         5.52115927159445
         0.60154680168653         5.40415614788147
        0.607304539535767         5.28902942149798
        0.613062277385005         5.17590305996865
        0.618820015234242         5.06488239866414
         0.62457775308348         4.95605437373441
        0.630335490932717         4.84948819129664
        0.636093228781954         4.74523630969091
        0.641850966631192         4.64333563164625
        0.647608704480429         4.54380882395465
        0.653366442329667         4.44666569685016
        0.659124180178904         4.35190459266404
        0.664881918028141         4.25951374548746
        0.670639655877379         4.16947258318821
        0.676397393726616         4.08175295387888
        0.682155131575854         3.99632026445549
        0.687912869425091         3.91313452476766
        0.693670607274328         3.83215129536057
        0.699428345123566         3.75332253963367
        0.705186082972803         3.67659738355022
        0.710943820822041           3.601922787639
        0.716701558671278         3.52924413684565
        0.722459296520515         3.45850575494536
        0.728217034369753         3.38965134881698
         0.73397477221899         3.32262439084918
        0.739732510068228         3.25736844409714
        0.745490247917465         3.19382743705223
        0.751247985766702         3.13194589357166
         0.75700572361594         3.07166912307682
        0.762763461465177          3.0129433758075
        0.768521199314415         2.95571596766496
        0.774278937163652         2.89993537839923
         0.78003667501289          2.8455513268172
        0.785794412862127         2.79251482605161
        0.791552150711364          2.7407782218768
        0.797309888560602          2.6902952164873
        0.803067626409839         2.64102087934275
        0.808825364259076         2.59291164864326
        0.814583102108314         2.54592532266917
        0.820340839957551         2.50002104484122
        0.826098577806789         2.45515928208266
        0.831856315656026         2.41130179855113
        0.837614053505264         2.36841162432568
        0.843371791354501         2.32645302319077
        0.849129529203738         2.28539145470292
        0.854887267052976         2.24519353658138
        0.860645004902213         2.20582700469998
        0.866402742751451         2.16726067208046
        0.872160480600688         2.12946438713663
        0.877918218449925         2.09240899134198
        0.883675956299163         2.05606627698352
          0.8894336941484          2.0204089440291
        0.895191431997638         1.98541055787704
        0.900949169846875         1.95104550674813
        0.906706907696112         1.91728895937772
         0.91246464554535         1.88411682246384
        0.918222383394587         1.85150569927707
        0.923980121243825         1.81943284731544
        0.929737859093062         1.78787613681356
        0.935495596942299         1.75681400884069
        0.941253334791537         1.72622543349102
        0.947011072640774         1.69608986776105
        0.952768810490012          1.6663872130249
        0.958526548339249         1.63709777191727
        0.964284286188486         1.60820220438007
        0.970042024037724         1.57968148261266
        0.975799761886961         1.55151684462051
        0.981557499736199         1.52368974599503
        0.987315237585436         1.49618180950591
        0.993072975434674         1.46897477203086
        0.998830713283911         1.44205042813565
         1.00458845113315         1.41539057012455
         1.01034618898239         1.38897692256483
         1.01610392683162         1.36279107204451
         1.02186166468086         1.33681438938169
          1.0276194025301         1.31102794427306
         1.03337714037934         1.28541240942138
         1.03913487822857         1.25994795328049
         1.04489261607781         1.23461411820934
         1.05065035392705          1.2093896811457
         1.05640809177628         1.18425249345989
         1.06216582962552         1.15917929303211
         1.06792356747476         1.13414548733773
           1.073681305324         1.10912489270464
         1.07943904317323         1.08408942601292
         1.08519678102247         1.05900873211876
         1.09095451887171         1.03384973063747
         1.09671225672095         1.00857605873767
         1.10246999457018        0.983147378361563
         1.10822773241942        0.957518504482121
         1.11398547026866        0.931638293724097
          1.1197432081179        0.905448206854189
         1.12550094596713        0.878880419862212
         1.13125868381637        0.851855296473881
         1.13701642166561        0.824277937924469
         1.14277415951485        0.796033362445899
         1.14853189736408        0.766979587892642
         1.15428963521332        0.736937389072959
         1.16004737306256        0.705674553833102
          1.1658051109118           0.672880560202
         1.17156284876103        0.638123486720958
         1.17732058661027        0.600771209559203
         1.18307832445951        0.559832785716967
         1.18883606230875        0.513593031466247
         1.19459380015798         0.45857616742303
         1.20035153800722        0.385240505101917
         1.20610927585646        0.100580644527705
