            sqrt(s) [GeV]               sigma [mb]
         0.49436328157883        0.147009267482856
        0.497933171114148        0.137432201984727
        0.501503060649467        0.134394178972669
        0.505072950184786        0.132421127251985
        0.508642839720105        0.131002642329657
        0.512212729255424        0.129943513676351
        0.515782618790743        0.129144708139313
        0.519352508326062        0.128547969717207
        0.522922397861381        0.128115682913174
        0.526492287396699        0.127821944200329
        0.530062176932018        0.127648036985964
        0.533632066467337        0.127579951385564
        0.537201956002656         0.12760688594214
        0.540771845537975        0.127720318853758
        0.544341735073294        0.127913396896131
        0.547911624608613        0.128180519932124
        0.551481514143932        0.128517049669728
         0.55505140367925        0.128919100140578
        0.558621293214569        0.129383383551099
        0.562191182749888        0.129907094633295
        0.565761072285207        0.130487822365548
        0.569330961820526        0.131123481562273
        0.572900851355845         0.13181225911231
        0.576470740891164         0.13255257121905
        0.580040630426482        0.133343029005302
        0.583610519961801        0.134182410565693
         0.58718040949712        0.135069638046752
        0.590750299032439        0.136003758689969
        0.594320188567758        0.136983929029538
        0.597890078103077        0.138009401624015
        0.601459967638396        0.139079513840844
        0.605029857173714        0.140193678316629
        0.608599746709033        0.141351374795646
        0.612169636244352         0.14255214310924
        0.615739525779671        0.143795577105863
         0.61930941531499        0.145081319378363
        0.622879304850309        0.146409056660213
        0.626449194385628        0.147778515795773
        0.630019083920947        0.149189460189736
        0.633588973456265        0.150641686673611
        0.637158862991584        0.152135022727523
        0.640728752526903        0.153669324009481
        0.644298642062222        0.155244472150276
        0.647868531597541        0.156860372780251
         0.65143842113286        0.158516953757729
        0.655008310668179        0.160214163574182
        0.658578200203498        0.161951969915216
        0.662148089738816        0.163730358357557
        0.665717979274135        0.165549331188313
        0.669287868809454        0.167408906330381
        0.672857758344773        0.169309116364065
        0.676427647880092        0.171250007633216
        0.679997537415411        0.173231639427839
         0.68356742695073        0.175254083234095
        0.687137316486049        0.177317422046198
        0.690707206021367        0.179421749732842
        0.694277095556686         0.18156717045345
        0.697846985092005         0.18375379811908
        0.701416874627324        0.185981755894435
        0.704986764162643        0.188251175736069
        0.708556653697962        0.190562197964807
        0.712126543233281        0.192914970868467
          0.7156964327686        0.195309650332036
        0.719266322303918        0.197746392680976
        0.722836211839237        0.200225381597068
        0.726406101374556        0.202746786990847
        0.729975990909875        0.205310791922471
        0.733545880445194        0.207917585546447
        0.737115769980513        0.210567362865414
        0.740685659515832        0.213260324501835
         0.74425554905115        0.215996676483605
        0.747825438586469        0.218776630042098
        0.751395328121788        0.221600401422964
        0.754965217657107         0.22446821170827
        0.758535107192426        0.227380286649227
        0.762104996727745        0.230336856508826
        0.765674886263064        0.233338155913633
        0.769244775798382        0.236384423714204
        0.772814665333701        0.239475902853573
         0.77638455486902        0.242612840242911
        0.779954444404339           0.245795486646
        0.783524333939658        0.249024096566136
        0.787094223474977         0.25229892814478
        0.790664113010296        0.255620243061942
        0.794234002545615        0.258988306443752
        0.797803892080933        0.262403386774936
        0.801373781616252        0.265865755816213
        0.804943671151571        0.269375688526364
         0.80851356068689        0.272933462988687
        0.812083450222209        0.276539360341195
        0.815653339757528        0.280193645116069
        0.819223229292847        0.283896643587832
        0.822793118828166        0.287648626063091
        0.826363008363484        0.291449885283763
        0.829932897898803        0.295300716754437
        0.833502787434122        0.299201418695827
        0.837072676969441        0.303152291998219
         0.84064256650476        0.307153640180077
        0.844212456040079        0.311205769346046
        0.847782345575398         0.31530898815132
        0.851352235110717        0.319463607767486
        0.854922124646035         0.32366994184671
        0.858492014181354        0.327928306495023
        0.862061903716673        0.332239020242507
        0.865631793251992        0.336602385016658
        0.869201682787311         0.34101876218556
         0.87277157232263        0.345488458343692
        0.876341461857949         0.35001180147921
        0.879911351393267         0.35458912189445
        0.883481240928586        0.359220752189426
        0.887051130463905        0.363907027246963
        0.890621019999224         0.36864828421953
        0.894190909534543        0.373444862517558
        0.897760799069862        0.378297103799405
        0.901330688605181        0.383205351962609
          0.9049005781405        0.388169953136418
        0.908470467675818        0.393191255677761
        0.912040357211137        0.398269610164375
        0.915610246746456        0.403405369393241
        0.919180136281775        0.408598888378139
        0.922750025817094        0.413850524350625
        0.926319915352413          0.4191606367556
        0.929889804887732        0.424529587261554
         0.93345969442305        0.429957739753773
        0.937029583958369         0.43544546034833
        0.940599473493688        0.440993069195625
        0.944169363029007         0.44660103361262
        0.947739252564326         0.45226967788969
        0.951309142099645        0.457999377105374
        0.954879031634964        0.463790508600977
        0.958448921170283        0.469643451987137
        0.962018810705601        0.475558589158061
         0.96558870024092        0.481536304302071
        0.969158589776239        0.487576983914989
        0.972728479311558         0.49368101681663
        0.976298368846877        0.499848749857471
        0.979868258382196        0.506080665581552
        0.983438147917515        0.512377115128642
        0.987008037452834        0.518738496756229
        0.990577926988152        0.525165211123619
        0.994147816523471         0.53165766130382
         0.99771770605879         0.53821625281472
         1.00128759559411        0.544841393627864
         1.00485748512943        0.551533494203271
         1.00842737466475        0.558292967496451
         1.01199726420007        0.565120228979437
         1.01556715373538        0.572015696676523
          1.0191370432707        0.578979791172653
         1.02270693280602         0.58601293565748
         1.02627682234134        0.593115555921826
         1.02984671187666        0.600288080401572
         1.03341660141198        0.607530940202425
          1.0369864909473        0.614844569119001
         1.04055638048262        0.622229403651296
         1.04412627001794        0.629685883066592
         1.04769615955325        0.637214449395453
         1.05126604908857        0.644815547455108
         1.05483593862389        0.652489624898748
         1.05840582815921         0.66023713224682
         1.06197571769453        0.668058522900433
         1.06554560722985        0.675954253156089
         1.06911549676517        0.683924782276758
         1.07268538630049         0.69197041023549
         1.07625527583581        0.700091930779487
         1.07982516537112        0.708289645993092
         1.08339505490644        0.716564027223774
         1.08696494444176        0.724915548907289
         1.09053483397708        0.733344688619242
          1.0941047235124        0.741851927094502
         1.09767461304772        0.750437748264618
         1.10124450258304        0.759102639312403
         1.10481439211836        0.767847090645381
         1.10838428165368        0.776671595970745
         1.11195417118899        0.785576652343289
         1.11552406072431        0.794562760183761
         1.11909395025963        0.803630423294885
         1.12266383979495        0.812780148907722
         1.12623372933027        0.822012447716585
         1.12980361886559        0.831327833929368
         1.13337350840091        0.840726825267027
         1.13694339793623         0.85020994302155
         1.14051328747154        0.859777712112429
         1.14408317700686        0.869430661059624
         1.14765306654218        0.879169322052658
          1.1512229560775        0.888994231020346
         1.15479284561282        0.898905927614551
         1.15836273514814        0.908904955270044
         1.16193262468346        0.918991861213726
         1.16550251421878        0.929167196525986
          1.1690724037541          0.9394315161883
         1.17264229328941        0.949785379066338
         1.17621218282473        0.960229347996605
         1.17978207236005        0.970763989801624
         1.18335196189537        0.981389875311525
         1.18692185143069        0.992107579421387
         1.19049174096601         1.00291768112552
         1.19406163050133          1.0138207634958
         1.19763152003665         1.02481741381092
         1.20120140957197         1.03590822352414
         1.20477129910728         1.04709378831621
