            sqrt(s) [GeV]               sigma [mb]
       0.0254109146410352     0.000230628155230509
       0.0313378345994797     0.000243492794821614
       0.0372647545579242     0.000313365592743558
       0.0431916745163687     0.000420366360325821
       0.0491185944748132      0.00055733546103308
       0.0550455144332577     0.000721013243522512
       0.0609724343917022     0.000909850383135351
       0.0668993543501467      0.00112313901351442
       0.0728262743085912      0.00136062222376388
       0.0787531942670357      0.00162230237106612
       0.0846801142254802      0.00190834026173196
       0.0906070341839247      0.00221899909880988
       0.0965339541423692      0.00255461182117212
        0.102460874100814      0.00291556131620087
        0.108387794059258      0.00330226802436531
        0.114314714017703      0.00371518194234323
        0.120241633976147      0.00415477733381136
        0.126168553934592      0.00462154915315045
        0.132095473893036      0.00511601057665214
        0.138022393851481      0.00563869127235364
        0.143949313809925      0.00619013616668476
         0.14987623376837      0.00677090455436026
        0.155803153726814      0.00738156944846004
        0.161730073685259      0.00802271710596355
        0.167656993643703        0.008694946573643
        0.173583913602148      0.00939886964103979
        0.179510833560592       0.0101351103947823
        0.185437753519037       0.0109043051961085
        0.191364673477481       0.0117071023541634
        0.197291593435926       0.0125441624127197
         0.20321851339437       0.0134161576894541
        0.209145433352815       0.0143237723680605
        0.215072353311259       0.0152677024147711
        0.220999273269704       0.0162486556068767
        0.226926193228148       0.0172673511877292
        0.232853113186593       0.0183245203396932
        0.238780033145037       0.0194209056408312
        0.244706953103482        0.020557261211857
        0.250633873061926       0.0217343528153343
        0.256560793020371       0.0229529575729534
        0.262487712978815       0.0242138640697236
         0.26841463293726       0.0255178721403196
        0.274341552895704       0.0268657931360562
        0.280268472854149       0.0282584495005955
        0.286195392812593       0.0296966749426611
        0.292122312771038        0.031181314313793
        0.298049232729482       0.0327132234952787
        0.303976152687927       0.0342932694494755
        0.309903072646372       0.0359223300437293
        0.315829992604816       0.0376012940005862
        0.321756912563261       0.0393310608418519
        0.327683832521705       0.0411125407912493
         0.33361075248015       0.0429466547463183
        0.339537672438594       0.0448343339967911
        0.345464592397039       0.0467765204669565
        0.351391512355483        0.048774166296139
        0.357318432313928       0.0508282339126836
        0.363245352272372       0.0529396959488834
        0.369172272230817       0.0551095350118616
        0.375099192189261       0.0573387436923379
        0.381026112147706       0.0596283244302172
         0.38695303210615       0.0619792893637687
        0.392879952064595       0.0643926602139978
        0.398806872023039       0.0668694682953827
        0.404733791981484       0.0694107542230589
        0.410660711939928       0.0720175678882211
        0.416587631898373       0.0746909683278773
        0.422514551856817       0.0774320235850675
        0.428441471815262       0.0802418106282864
        0.434368391773706       0.0831214151435048
        0.440295311732151       0.0860719314962508
        0.446222231690595       0.0890944625479055
         0.45214915164904       0.0921901195599602
        0.458076071607484       0.0953600220557682
        0.464002991565929       0.0986052977050892
        0.469929911524373        0.101927082136839
        0.475856831482818        0.105326518908634
        0.481783751441262        0.108804759349111
        0.487710671399707        0.112362962348047
        0.493637591358151        0.116002294386831
        0.499564511316596        0.119723929322329
         0.50549143127504        0.123529048184387
        0.511418351233485        0.127418837584852
        0.517345271191929        0.131394497991817
        0.523272191150374        0.135457226403673
        0.529199111108818        0.139608233580579
        0.535126031067263         0.14384873528259
        0.541052951025707          0.1481799538689
        0.546979870984152        0.152603118132699
        0.552906790942596          0.1571194634526
        0.558833710901041        0.161730231130253
        0.564760630859485        0.166436669276977
         0.57068755081793        0.171240031669505
        0.576614470776374        0.176141578336614
        0.582541390734819        0.181142575339744
        0.588468310693263        0.186244294571291
        0.594395230651708        0.191448013952121
        0.600322150610152         0.19675501674389
        0.606249070568597        0.202166592699178
        0.612175990527041        0.207684036748357
        0.618102910485486         0.21330864830643
         0.62402983044393        0.219041737688292
        0.629956750402375        0.224884613243492
        0.635883670360819        0.230838593221748
        0.641810590319264        0.236905001491293
        0.647737510277708        0.243085166601168
        0.653664430236153         0.24938042292062
        0.659591350194597        0.255792110454785
        0.665518270153042        0.262321574759026
        0.671445190111486        0.268970167065487
        0.677372110069931        0.275739244367481
        0.683299030028375        0.282630169203295
         0.68922594998682        0.289644310023031
        0.695152869945264        0.296783041095063
        0.701079789903709        0.304047742532041
        0.707006709862154        0.311439800356657
        0.712933629820598        0.318960606759187
        0.718860549779042        0.326611559988097
        0.724787469737487        0.334394064688912
        0.730714389695931        0.342309531596865
        0.736641309654376        0.350359378079085
        0.742568229612821        0.358545028064746
        0.748495149571265        0.366867912164719
         0.75442206952971        0.375329467847605
        0.760348989488154         0.38393113958748
        0.766275909446599         0.39267437903908
        0.772202829405043        0.401560645044009
        0.778129749363488        0.410591404046244
        0.784056669321932         0.41976813029193
        0.789983589280377        0.429092305505248
        0.795910509238821        0.438565419735208
        0.801837429197266        0.448188971132774
         0.80776434915571        0.457964466347075
        0.813691269114155        0.467893420660245
        0.819618189072599        0.477977358184459
        0.825545109031044        0.488217812286116
        0.831472028989488        0.498616325334434
        0.837398948947933        0.509174449536301
        0.843325868906377        0.519893746782383
        0.849252788864822        0.530775789046476
        0.855179708823266        0.541822158523979
        0.861106628781711        0.553034448079924
        0.867033548740155        0.564414261199798
          0.8729604686986        0.575963212610224
        0.878887388657044        0.587682928304647
        0.884814308615489        0.599575045873421
        0.890741228573933        0.611641214850647
        0.896668148532378        0.623883096814871
        0.902595068490822        0.636302365903609
        0.908521988449267        0.648900708881829
        0.914448908407711        0.661679825547766
        0.920375828366156        0.674641428989129
          0.9263027483246        0.687787245822328
        0.932229668283045          0.7011190165476
        0.938156588241489        0.714638495767806
        0.944083508199934        0.728347452542788
        0.950010428158378        0.742247670606103
        0.955937348116823        0.756340948582505
        0.961864268075267        0.770629100614177
        0.967791188033712        0.785113956146624
        0.973718107992156        0.799797360565264
        0.979645027950601        0.814681175295463
        0.985571947909045        0.829767278125168
         0.99149886786749        0.845057563560046
        0.997425787825934        0.860553942929481
         1.00335270778438        0.876258344746562
         1.00927962774282         0.89217271494298
         1.01520654770127        0.908299017118226
         1.02113346765971        0.924639232764278
         1.02706038761816        0.941195361516829
          1.0329873075766        0.957969421425859
         1.03891422753505        0.974963449121936
         1.04484114749349        0.992179500073071
         1.05076806745193         1.00961964873913
         1.05669498741038         1.02728598891333
         1.06262190736882         1.04518063370746
         1.06854882732727         1.06330571591838
         1.07447574728571         1.08166338811742
         1.08040266724416         1.10025582285833
          1.0863295872026         1.11908521269487
         1.09225650716105         1.13815377070239
         1.09818342711949         1.15746373005571
         1.10411034707794         1.17701734465343
         1.11003726703638         1.19681688891924
         1.11596418699482         1.21686465805444
         1.12189110695327         1.23716296807343
         1.12781802691171         1.25771415587805
         1.13374494687016         1.27852057935252
          1.1396718668286         1.29958461730624
         1.14559878678705         1.32090866965641
         1.15152570674549         1.34249515735142
         1.15745262670394         1.36434652239431
         1.16337954666238         1.38646522782516
         1.16930646662082         1.40885375769023
         1.17523338657927         1.43151461702266
         1.18116030653771         1.45445033175618
         1.18708722649616         1.47766344864818
          1.1930141464546         1.50115653519458
         1.19894106641305         1.52493217952982
         1.20486798637149         1.54899299022242
