            sqrt(s) [GeV]               sigma [mb]
       0.0203158350223226      0.00225980942548761
       0.0262678725302872       0.0027836332308213
       0.0322199100382519      0.00409616178087918
       0.0381719475462165      0.00592199776542189
       0.0441239850541811      0.00815957173379756
       0.0500760225621458       0.0107605191670249
       0.0560280600701104       0.0136976140888129
        0.061980097578075       0.0169532548910508
       0.0679321350860397        0.020514703460122
       0.0738841725940043       0.0243718990148645
       0.0798362101019689       0.0285163699159357
       0.0857882476099335       0.0329406531659506
       0.0917402851178982       0.0376379689068525
       0.0976923226258628       0.0426020264414002
        0.103644360133827       0.0478269060248286
        0.109596397641792       0.0533069824820445
        0.115548435149757       0.0590368743381474
        0.121500472657721       0.0650114088716925
        0.127452510165686       0.0712255963544207
        0.133404547673651         0.07767461370288
        0.139356585181615       0.0843537883526786
         0.14530862268958       0.0912585884519153
        0.151260660197544       0.0983846137416641
        0.157212697705509        0.105727588455735
        0.163164735213474        0.113283353909864
        0.169116772721438         0.12104786503158
        0.175068810229403        0.129017183212961
        0.181020847737368        0.137187473099556
        0.186972885245332        0.145555000320574
        0.192924922753297         0.15411612526141
        0.198876960261262          0.1628673019408
        0.204828997769226        0.171805067048126
        0.210781035277191        0.180926050005865
        0.216733072785155        0.190226960802146
         0.22268511029312        0.199704589981091
        0.228637147801085        0.209355805423942
        0.234589185309049         0.21917754872189
        0.240541222817014         0.22916684147291
        0.246493260324979        0.239320764576681
        0.252445297832943        0.249636474773595
        0.258397335340908        0.260111192929729
        0.264349372848873         0.27074220425662
        0.270301410356837        0.281526854693395
        0.276253447864802        0.292462555981738
        0.282205485372766        0.303546770155998
        0.288157522880731        0.314777021529942
        0.294109560388696        0.326150888236801
         0.30006159789666        0.337666001891528
        0.306013635404625        0.349320046304154
         0.31196567291259        0.361110755434701
        0.317917710420554        0.373035912987869
        0.323869747928519        0.385093350165167
        0.329821785436483        0.397280943811209
        0.335773822944448        0.409596619978423
        0.341725860452413        0.422038343297016
        0.347677897960377        0.434604125299526
        0.353629935468342        0.447292018733686
        0.359581972976307        0.460100116969329
        0.365534010484271        0.473026553903327
        0.371486047992236        0.486069502807377
        0.377438085500201        0.499227174241912
        0.383390123008165        0.512497799020374
         0.38934216051613        0.525879722108649
        0.395294198024094        0.539371205146453
        0.401246235532059         0.55297062638301
        0.407198273040024         0.56667637805236
        0.413150310547988        0.580486887337532
        0.419102348055953        0.594400614823009
        0.425054385563918        0.608416054375386
        0.431006423071882        0.622531733159298
        0.436958460579847        0.636746210646088
        0.442910498087812        0.651058077893043
        0.448862535595776        0.665465959362979
        0.454814573103741        0.679968509059943
        0.460766610611705        0.694564321624898
         0.46671864811967        0.709252389358426
        0.472670685627635        0.724031185018311
        0.478622723135599        0.738899578444898
        0.484574760643564        0.753856379596236
        0.490526798151529        0.768900427243852
        0.496478835659493         0.78403059145736
        0.502430873167458        0.799245772493053
        0.508382910675423        0.814544899973291
        0.514334948183387         0.82992693500303
        0.520286985691352        0.845390868207787
        0.526239023199316        0.860935720702107
        0.532191060707281        0.876560543449842
        0.538143098215246        0.892264418872719
         0.54409513572321         0.90804645883387
        0.550047173231175        0.923905806781636
        0.555999210739139        0.939841636132519
        0.561951248247104        0.955853151564943
        0.567903285755069        0.971939589017352
        0.573855323263033        0.988100216607273
        0.579807360770998         1.00433433141447
        0.585759398278963         1.02064121136177
        0.591711435786927         1.03702037954478
        0.597663473294892         1.05347106894283
        0.603615510802857         1.06999276045748
        0.609567548310821         1.08658491374251
        0.615519585818786         1.10324702169292
         0.62147162332675          1.1199786089755
        0.627423660834715         1.13677923613712
         0.63337569834268         1.15364849596749
        0.639327735850644         1.17058601394396
        0.645279773358609         1.18759145327184
        0.651231810866574         1.20466450999631
        0.657183848374538         1.22180491471635
        0.663135885882503         1.23901243364387
        0.669087923390468         1.25628686920866
        0.675039960898432         1.27362805927386
        0.680991998406397          1.2910358780236
        0.686944035914361          1.3085102360462
        0.692896073422326         1.32605108095216
        0.698848110930291          1.3436583972049
        0.704800148438255         1.36133220733325
         0.71075218594622         1.37907257137024
        0.716704223454185         1.39687958720867
        0.722656260962149         1.41475339163052
        0.728608298470114         1.43269415988496
        0.734560335978078          1.4507021064528
        0.740512373486043         1.46877748487528
        0.746464410994008         1.48692058848803
        0.752416448501972         1.50513175053141
        0.758368486009937         1.52341134489999
        0.764320523517902         1.54175978475086
        0.770272561025866         1.56017752580439
        0.776224598533831         1.57866506321692
        0.782176636041796         1.59722293487291
         0.78812867354976         1.61585171901863
        0.794080711057725         1.63455203660696
        0.800032748565689         1.65332455047416
        0.805984786073654         1.67216996545005
        0.811936823581619         1.69108902942701
        0.817888861089583          1.7100825329345
        0.823840898597548         1.72915130969571
        0.829792936105513         1.74829623670899
        0.835744973613477          1.7675182342583
        0.841697011121442         1.78681826592323
        0.847649048629406         1.80619734047152
        0.853601086137371         1.82565650974793
        0.859553123645336         1.84519687004482
          0.8655051611533         1.86481956225107
        0.871457198661265          1.8845257718646
         0.87740923616923         1.90431672916744
        0.883361273677194         1.92419370930116
        0.889313311185159         1.94415803269006
        0.895265348693124         1.96421106488938
        0.901217386201088         1.98435421686596
        0.907169423709053         2.00458894546141
        0.913121461217017         2.02491675259331
        0.919073498724982          2.0453391863092
        0.925025536232947         2.06585784048938
        0.930977573740911         2.08647435498041
        0.936929611248876         2.10719041580639
        0.942881648756841         2.12800775509166
        0.948833686264805         2.14892815134951
         0.95478572377277         2.16995342937684
        0.960737761280735         2.19108546045335
        0.966689798788699         2.21232616238964
        0.972641836296664         2.23367749958522
        0.978593873804628         2.25514148317067
        0.984545911312593         2.27672017076493
        0.990497948820558         2.29841566700667
        0.996449986328522         2.32023012326552
         1.00240202383649         2.34216573776365
         1.00835406134445          2.3642247556799
         1.01430609885242         2.38640946892712
         1.02025813636038         2.40872221674148
         1.02621017386835         2.43116538513988
         1.03216221137631         2.45374140720353
         1.03811424888427         2.47645276307913
         1.04406628639224         2.49930198002032
          1.0500183239002         2.52229163234321
         1.05597036140817          2.5454243414841
         1.06192239891613         2.56870277602889
          1.0678744364241         2.59212965166795
         1.07382647393206          2.6157077312077
         1.07977851144003         2.63943982461967
         1.08573054894799         2.66332878902311
         1.09168258645596         2.68737752871984
         1.09763462396392         2.71158899512503
         1.10358666147189         2.73596618680809
         1.10953869897985         2.76051214946934
         1.11549073648782         2.78522997589654
         1.12144277399578         2.81012280611216
         1.12739481150374         2.83519382722762
         1.13334684901171         2.86044627346124
         1.13929888651967          2.8858834261078
         1.14525092402764         2.91150861354547
          1.1512029615356         2.93732521146778
         1.15715499904357         2.96333664225548
         1.16310703655153         2.98954637554224
          1.1690590740595         3.01595792799139
         1.17501111156746         3.04257486334315
         1.18096314907543         3.06940079223666
         1.18691518658339         3.09643937233706
         1.19286722409136         3.12369430829427
         1.19881926159932         3.15116935168115
         1.20477129910728         3.17886830099402
