            sqrt(s) [GeV]               sigma [mb]
        0.821408990806992         5.13278287001568
         0.82338236526791         4.55372009403444
        0.825355739728828          4.3648664722825
        0.827329114189746         4.23236828184826
        0.829302488650664         4.12751774814802
        0.831275863111581         4.03967274315552
        0.833249237572499         3.96355324036375
        0.835222612033417         3.89610688505389
        0.837195986494335         3.83538988099811
        0.839169360955253         3.78007856502397
        0.841142735416171         3.72922581979824
        0.843116109877089         3.68212762341821
        0.845089484338006         3.63824455625498
        0.847062858798924         3.59715308294965
        0.849036233259842          3.5585134375575
         0.85100960772076         3.52204874572269
        0.852982982181678         3.48752974659515
        0.854956356642596         3.45476421912617
        0.856929731103513         3.42358918298349
        0.858903105564431         3.39386507997537
        0.860876480025349         3.36547135593862
        0.862849854486267         3.33830305400701
        0.864823228947185         3.31226815038621
        0.866796603408103         3.28728544554555
         0.86876997786902          3.2632829967241
        0.870743352329938         3.24019626724644
        0.872716726790856         3.21796773497511
        0.874690101251774          3.1965454932081
        0.876663475712692         3.17588260773806
         0.87863685017361         3.15593647938531
        0.880610224634528         3.13666830743039
        0.882583599095445         3.11804263517196
        0.884556973556363         3.10002696277087
        0.886530348017281         3.08259141580284
        0.888503722478199         3.06570845964948
        0.890477096939117         3.04935265271837
        0.892450471400035         3.03350043206097
        0.894423845860952          3.0181299260717
         0.89639722032187          3.0032207906843
        0.898370594782788         2.98875406538597
        0.900343969243706         2.97471204591418
        0.902317343704624         2.96107817184756
        0.904290718165542         2.94783692659019
        0.906264092626459          2.9349737486126
        0.908237467087377         2.92247495158007
        0.910210841548295         2.91032765339638
        0.912184216009213         2.89851971218332
        0.914157590470131         2.88703966872843
        0.916130964931049         2.87587669451701
        0.918104339391966         2.86502054477329
        0.920077713852884         2.85446151584918
        0.922051088313802         2.84419040656967
         0.92402446277472         2.83419848301343
        0.925997837235638         2.82447744642214
        0.927971211696556         2.81501940387818
        0.929944586157474         2.80581684147022
        0.931917960618391         2.79686259969629
        0.933891335079309         2.78814985087816
        0.935864709540227         2.77967207839116
        0.937838084001145         2.77142305753404
        0.939811458462063         2.76339683788353
        0.941784832922981          2.7555877269954
        0.943758207383898         2.74799027532956
        0.945731581844816         2.74059926228058
        0.947704956305734         2.73340968324187
        0.949678330766652         2.72641673756981
         0.95165170522757         2.71961581740793
        0.953625079688488         2.71300249729465
        0.955598454149405         2.70657252445534
        0.957571828610323         2.70032180977154
        0.959545203071241         2.69424641931709
        0.961518577532159          2.6883425665401
        0.963491951993077         2.68260660476617
        0.965465326453995          2.6770350203638
        0.967438700914912         2.67162462207956
         0.96941207537583         2.66637175220878
        0.971385449836748         2.66127345405329
        0.973358824297666         2.65632668510056
        0.975332198758584         2.65152850714151
        0.977305573219502         2.64687608153994
         0.97927894768042         2.64236666475492
        0.981252322141337         2.63799760409695
        0.983225696602255         2.63376633375574
        0.985199071063173         2.62967037101886
        0.987172445524091         2.62570731272152
        0.989145819985009         2.62187483189101
        0.991119194445927         2.61817067455033
        0.993092568906844         2.61459265668999
        0.995065943367762         2.61113866149999
         0.99703931782868         2.60780663637379
        0.999012692289598          2.6045945907341
         1.00098606675052         2.60150059342731
         1.00295944121143         2.59852277013532
         1.00493281567235         2.59565930165026
         1.00690619013327         2.59290842143279
         1.00887956459419         2.59026841374898
         1.01085293905511         2.58773761172868
         1.01282631351602         2.58531439556547
         1.01479968797694         2.58299719081217
         1.01677306243786         2.58078446669456
         1.01874643689878         2.57867473456943
         1.02071981135969         2.57666654642833
         1.02269318582061         2.57475849345738
         1.02466656028153          2.5729492046622
         1.02663993474245          2.5712373455838
         1.02861330920337         2.56962161702594
         1.03058668366428         2.56810075386555
          1.0325600581252         2.56667352392851
         1.03453343258612         2.56533872684801
         1.03650680704704         2.56409519306665
         1.03848018150795         2.56294178279225
         1.04045355596887          2.5618773850498
         1.04242693042979         2.56090091675434
         1.04440030489071         2.56001132181322
         1.04637367935163          2.5592075702938
         1.04834705381254         2.55848865758475
         1.05032042827346         2.55785360362018
         1.05229380273438         2.55730145212789
          1.0542671771953         2.55683126987378
         1.05624055165622         2.55644214602269
         1.05821392611713         2.55613319141047
         1.06018730057805         2.55590353791449
         1.06216067503897         2.55575233784639
         1.06413404949989         2.55567876333431
          1.0661074239608         2.55568200575587
         1.06808079842172         2.55576127518339
         1.07005417288264         2.55591579984011
         1.07202754734356         2.55614482558636
         1.07400092180448         2.55644761542605
         1.07597429626539         2.55682344902023
         1.07794767072631         2.55727162223522
         1.07992104518723         2.55779144576798
         1.08189441964815         2.55838224924483
         1.08386779410907         2.55904337178626
         1.08584116856998         2.55977417060515
          1.0878145430309         2.56057401613671
         1.08978791749182         2.56144229252696
         1.09176129195274         2.56237839729458
         1.09373466641365         2.56338174097181
         1.09570804087457          2.5644517467603
         1.09768141533549         2.56558785021024
         1.09965478979641         2.56678949889258
         1.10162816425733          2.5680561520961
         1.10360153871824         2.56938728052264
         1.10557491317916         2.57078236600672
         1.10754828764008         2.57224090122655
           1.109521662101         2.57376238943768
         1.11149503656191         2.57534634421027
         1.11346841102283         2.57699228916243
         1.11544178548375         2.57869975772842
         1.11741515994467         2.58046829291567
         1.11938853440559         2.58229744705924
          1.1213619088665         2.58418678161389
         1.12333528332742         2.58613586692225
         1.12530865778834         2.58814428200281
         1.12728203224926         2.59021161435943
         1.12925540671018         2.59233745975634
         1.13122878117109         2.59452142203795
         1.13320215563201         2.59676311293894
         1.13517553009293         2.59906215189817
         1.13714890455385          2.6014181658808
         1.13912227901476         2.60383078920462
         1.14109565347568         2.60629966337036
          1.1430690279366         2.60882443687937
         1.14504240239752         2.61140476515754
         1.14701577685844         2.61404031026959
         1.14898915131935         2.61673074085742
         1.15096252578027         2.61947573196977
         1.15293590024119         2.62227496489408
         1.15490927470211         2.62512812712474
         1.15688264916303         2.62803491205709
         1.15885602362394         2.63099501897996
         1.16082939808486         2.63400815291186
         1.16280277254578         2.63707402447204
          1.1647761470067         2.64019234976345
         1.16674952146761         2.64336285025285
         1.16872289592853         2.64658525265511
         1.17069627038945         2.64985928882024
         1.17266964485037         2.65318469562529
         1.17464301931129          2.6565612148604
          1.1766163937722         2.65998859313056
         1.17858976823312         2.66346658176048
         1.18056314269404         2.66699493667989
         1.18253651715496         2.67057341833331
         1.18450989161588          2.6742017915871
         1.18648326607679         2.67787982563565
         1.18845664053771         2.68160729391119
         1.19043001499863         2.68538397399591
         1.19240338945955         2.68920964753582
         1.19437676392046         2.69308410015694
         1.19635013838138         2.69700712138336
          1.1983235128423         2.70097850455707
         1.20029688730322         2.70499804675991
         1.20227026176414         2.70906554873698
         1.20424363622505         2.71318081482384
         1.20621701068597         2.71734365286528
         1.20819038514689         2.72155387416171
         1.21016375960781         2.72581129337642
         1.21213713406872         2.73011572848938
         1.21411050852964         2.73446700070955
