            sqrt(s) [GeV]               sigma [mb]
       0.0254109146410352      0.00528865738481375
       0.0313378345994797      0.00549648834926414
       0.0372647545579242      0.00696334664227633
       0.0431916745163687      0.00919525666397622
       0.0491185944748132       0.0120011739070462
       0.0550455144332577       0.0152835298249294
       0.0609724343917022       0.0189856851300906
       0.0668993543501467       0.0230711066938173
       0.0728262743085912         0.02751402466627
       0.0787531942670357       0.0322948524254403
       0.0846801142254802       0.0373977790968445
       0.0906070341839247       0.0428094301236679
       0.0965339541423692       0.0485180848877097
        0.102460874100814       0.0545132003201605
        0.108387794059258       0.0607851099213844
        0.114314714017703       0.0673248270526811
        0.120241633976147       0.0741239123661623
        0.126168553934592       0.0811743818161862
        0.132095473893036       0.0884686409649434
        0.138022393851481       0.0959994368507576
        0.143949313809925        0.103759821743375
         0.14987623376837        0.111743125166294
        0.155803153726814        0.119942931765515
        0.161730073685259        0.128353063468744
        0.167656993643703        0.136967563114531
        0.173583913602148        0.145780685457761
        0.179510833560592        0.154786882513908
        0.185437753519037        0.163980796236941
        0.191364673477481        0.173357247027169
        0.197291593435926        0.182911231917955
         0.20321851339437        0.192637911907144
        0.209145433352815        0.202532607976224
        0.215072353311259        0.212590794774712
        0.220999273269704        0.222808096170914
        0.226926193228148        0.233180275933567
        0.232853113186593        0.243703239918602
        0.238780033145037        0.254373024549936
        0.244706953103482        0.265185795042771
        0.250633873061926        0.276137843005605
        0.256560793020371        0.287225579306226
        0.262487712978815        0.298445532180825
         0.26841463293726        0.309794341503071
        0.274341552895704        0.321268759167014
        0.280268472854149        0.332865641157709
        0.286195392812593        0.344581947120537
        0.292122312771038        0.356414736478609
        0.298049232729482        0.368361164879776
        0.303976152687927        0.380418482672016
        0.309903072646372        0.392584030924985
        0.315829992604816        0.404855239062142
        0.321756912563261        0.417229622543817
        0.327683832521705        0.429704780233155
         0.33361075248015        0.442278392622414
        0.339537672438594        0.454948217562862
        0.345464592397039        0.467712091531623
        0.351391512355483        0.480567924198398
        0.357318432313928        0.493513698185524
        0.363245352272372        0.506547467266418
        0.369172272230817        0.519667353300509
        0.375099192189261        0.532871545585726
        0.381026112147706        0.546158298902668
         0.38695303210615        0.559525931526329
        0.392879952064595        0.572972823672232
        0.398806872023039        0.586497417137686
        0.404733791981484        0.600098212304894
        0.410660711939928        0.613773767640648
        0.416587631898373        0.627522698311439
        0.422514551856817         0.64134367479722
        0.428441471815262        0.655235422067727
        0.434368391773706        0.669196717766103
        0.440295311732151        0.683226391859178
        0.446222231690595        0.697323325142583
         0.45214915164904        0.711486448515614
        0.458076071607484        0.725714741960835
        0.464002991565929        0.740007233747475
        0.469929911524373        0.754362999138232
        0.475856831482818        0.768781160316441
        0.481783751441262        0.783260885373804
        0.487710671399707         0.79780138697984
        0.493637591358151        0.812401922813503
        0.499564511316596        0.827061794227503
         0.50549143127504         0.84178034508341
        0.511418351233485        0.856556951317921
        0.517345271191929        0.871391076748763
        0.523272191150374         0.88628215688036
        0.529199111108818        0.901229714992165
        0.535126031067263        0.916233303492213
        0.541052951025707        0.931292514939337
        0.546979870984152        0.946406981239865
        0.552906790942596        0.961576374814662
        0.558833710901041        0.976800404728732
        0.564760630859485         0.99207882232444
         0.57068755081793         1.00741141443909
        0.576614470776374         1.02279800716296
        0.582541390734819          1.0382384646587
        0.588468310693263         1.05373268813704
        0.594395230651708         1.06928061710742
        0.600322150610152         1.08488222561913
        0.606249070568597         1.10053752875826
        0.612175990527041         1.11624657538112
        0.618102910485486         1.13200944464649
         0.62402983044393         1.14782628002854
        0.629956750402375         1.16369722098047
        0.635883670360819         1.17962246600648
        0.641810590319264         1.19560224957262
        0.647737510277708         1.21163683732568
        0.653664430236153         1.22772653185405
        0.659591350194597         1.24387167155805
        0.665518270153042         1.26007263003783
        0.671445190111486         1.27632981649521
        0.677372110069931         1.29264367587156
        0.683299030028375          1.3090146875457
         0.68922594998682         1.32544336675493
        0.695152869945264         1.34193026379621
        0.701079789903709         1.35847596377943
        0.707006709862154         1.37508108653595
        0.712933629820598         1.39174628733295
        0.718860549779042         1.40847225591772
        0.724787469737487         1.42525971750115
        0.730714389695931         1.44210943091336
        0.736641309654376         1.45902219038659
        0.742568229612821         1.47599882466007
        0.748495149571265         1.49304019687988
         0.75442206952971         1.51014720469603
        0.760348989488154         1.52732078020442
        0.766275909446599         1.54456188996495
        0.772202829405043         1.56187153432572
        0.778129749363488         1.57925074833151
        0.784056669321932          1.5967006017176
        0.789983589280377         1.61422219689853
        0.795910509238821         1.63181667141178
        0.801837429197266         1.64948519623359
         0.80776434915571         1.66722897642469
        0.813691269114155         1.68504925076175
        0.819618189072599         1.70294729158299
        0.825545109031044         1.72092440541396
        0.831472028989488         1.73898193116792
        0.837398948947933         1.75712124217893
        0.843325868906377         1.77534374470371
        0.849252788864822         1.79365087835834
        0.855179708823266         1.81204411562898
        0.861106628781711         1.83052496241147
        0.867033548740155         1.84909495686403
          0.8729604686986         1.86775567047751
        0.878887388657044         1.88650870714791
        0.884814308615489         1.90535570324909
        0.890741228573933         1.92429832773224
        0.896668148532378         1.94333828143194
        0.902595068490822         1.96247729766941
        0.908521988449267         1.98171714143914
        0.914448908407711         2.00105960964482
        0.920375828366156         2.02050653085621
          0.9263027483246         2.04005976501308
        0.932229668283045         2.05972120347104
        0.938156588241489         2.07949276863328
        0.944083508199934         2.09937641397998
        0.950010428158378         2.11937412369016
        0.955937348116823         2.13948791227446
        0.961864268075267         2.15971982536271
        0.967791188033712          2.1800719381041
        0.973718107992156         2.20054635598584
        0.979645027950601         2.22114521413576
        0.985571947909045          2.2418706772559
         0.99149886786749         2.26272493963958
        0.997425787825934         2.28371022451995
         1.00335270778438         2.30482878411539
         1.00927962774282         2.32608289934153
         1.01520654770127         2.34747487957116
         1.02113346765971         2.36900706234022
         1.02706038761816         2.39068181313373
          1.0329873075766         2.41250152522919
         1.03891422753505         2.43446861928628
         1.04484114749349         2.45658554318056
         1.05076806745193         2.47885477159395
         1.05669498741038         2.50127880608147
         1.06262190736882         2.52386017427531
         1.06854882732727          2.5466014300428
         1.07447574728571         2.56950515298036
         1.08040266724416           2.592573948214
          1.0863295872026         2.61581044576735
         1.09225650716105         2.63921730113218
         1.09818342711949         2.66279719364463
         1.10411034707794         2.68655282733083
         1.11003726703638         2.71048692985364
         1.11596418699482         2.73460225252755
         1.12189110695327         2.75890156985397
         1.12781802691171         2.78338767916973
         1.13374494687016          2.8080634003626
          1.1396718668286         2.83293157527418
         1.14559878678705         2.85799506765499
         1.15152570674549         2.88325676257117
         1.15745262670394          2.9087195660579
         1.16337954666238         2.93438640470757
         1.16930646662082         2.96026022525552
         1.17523338657927         2.98634399421474
         1.18116030653771         3.01264069739464
         1.18708722649616         3.03915333946703
          1.1930141464546         3.06588494354094
         1.19894106641305         3.09283855073234
         1.20486798637149          3.1200172195488
