            sqrt(s) [GeV]               sigma [mb]
        0.569872378253043        0.498779008090987
        0.573063310957156        0.458228441911291
        0.576254243661269        0.444279000670126
        0.579445176365382        0.434622394350865
        0.582636109069494        0.427169378027684
        0.585827041773607        0.421118996694779
         0.58901797447772        0.416064152836384
        0.592208907181833        0.411764929268916
        0.595399839885946        0.408066180040304
        0.598590772590058         0.40486086148093
        0.601781705294171        0.402071523101535
        0.604972637998284        0.399640035957097
        0.608163570702397        0.397521500929292
         0.61135450340651        0.395680350313196
        0.614545436110623        0.394087925444257
        0.617736368814735         0.39272070291921
        0.620927301518848         0.39155910950051
        0.624118234222961        0.390586658219564
        0.627309166927074        0.389789312698208
        0.630500099631186        0.389155010123609
        0.633691032335299        0.388673297164939
        0.636881965039412         0.38833504782705
        0.640072897743525         0.38813224179949
        0.643263830447638        0.388057788202396
        0.646454763151751        0.388105383890162
        0.649645695855863        0.388269398359757
        0.652836628559976        0.388544779469291
        0.656027561264089        0.388926975479127
        0.659218493968202        0.389411870141005
        0.662409426672315        0.389995728265214
        0.665600359376427        0.390675149744785
         0.66879129208054          0.3914470305077
        0.671982224784653        0.392308529153928
        0.675173157488766        0.393257038307521
        0.678364090192879        0.394290159868211
        0.681555022896991        0.395405683574382
        0.684745955601104        0.396601568305927
        0.687936888305217        0.397875925771248
         0.69112782100933        0.399227006100155
        0.694318753713443        0.400653185253808
        0.697509686417556        0.402152953810342
        0.700700619121668        0.403724907049653
        0.703891551825781        0.405367736112003
        0.707082484529894        0.407080220118528
        0.710273417234007        0.408861219105731
        0.713464349938119        0.410709667692236
        0.716655282642232         0.41262456936402
        0.719846215346345         0.41460499133685
        0.723037148050458        0.416650059896121
        0.726228080754571        0.418758956177909
        0.729419013458684        0.420930912340611
        0.732609946162796        0.423165208066794
        0.735800878866909        0.425461167395115
        0.738991811571022        0.427818155799819
        0.742182744275135        0.430235577539682
        0.745373676979248        0.432712873213425
         0.74856460968336        0.435249517519287
        0.751755542387473        0.437845017193251
        0.754946475091586        0.440498909109042
        0.758137407795699        0.443210758525067
        0.761328340499812        0.445980157464343
        0.764519273203924        0.448806723215237
        0.767710205908037        0.451690096942459
         0.77090113861215        0.454629942398145
        0.774092071316263        0.457625944724037
        0.777283004020376        0.460677809341619
        0.780473936724489        0.463785260908237
        0.783664869428601        0.466948042357874
        0.786855802132714        0.470165913995142
        0.790046734836827        0.473438652657366
         0.79323766754094        0.476766050921954
        0.796428600245052        0.480147916372056
        0.799619532949165        0.483584070904891
        0.802810465653278        0.487074350108157
        0.806001398357391        0.490618602584267
        0.809192331061504        0.494216689454036
        0.812383263765617        0.497868483800411
        0.815574196469729        0.501573870141581
        0.818765129173842        0.505332743976579
        0.821956061877955        0.509145011332442
        0.825146994582068        0.513010588350406
        0.828337927286181        0.516929400863831
        0.831528859990293        0.520901384060572
        0.834719792694406        0.524926482093508
        0.837910725398519        0.529004647769452
        0.841101658102632        0.533135842228996
        0.844292590806745        0.537320034631137
        0.847483523510857        0.541557201872819
         0.85067445621497        0.545847328360269
        0.853865388919083        0.550190405704158
        0.857056321623196        0.554586432490232
        0.860247254327309        0.559035414062806
        0.863438187031422        0.563537362322316
        0.866629119735534        0.568092295469283
        0.869820052439647        0.572700237861756
         0.87301098514376        0.577361219816912
        0.876201917847873        0.582075277402442
        0.879392850551985        0.586842452324752
        0.882583783256098        0.591662791668114
        0.885774715960211         0.59653634791923
        0.888965648664324        0.601463178629053
        0.892156581368437        0.606443346413158
         0.89534751407255        0.611476918733736
        0.898538446776662        0.616563967886889
        0.901729379480775        0.621704570668312
        0.904920312184888        0.626898808600196
        0.908111244889001        0.632146767437603
        0.911302177593114        0.637448537398349
        0.914493110297226        0.642804212846414
        0.917684043001339        0.648213892288356
        0.920874975705452        0.653677678317526
        0.924065908409565        0.659195677402469
        0.927256841113678        0.664767999969892
        0.930447773817791        0.670394760226813
        0.933638706521903        0.676076076040705
        0.936829639226016        0.681812036141184
        0.940020571930129        0.687602831535084
        0.943211504634242        0.693448557937019
        0.946402437338354        0.699349347605238
        0.949593370042467        0.705305336064788
         0.95278430274658        0.711316662266649
        0.955975235450693        0.717383468482382
        0.959166168154806        0.723505900155016
        0.962357100858919        0.729684106035408
        0.965548033563031        0.735918237949041
        0.968738966267144        0.742208450903299
        0.971929898971257        0.748554902930964
         0.97512083167537        0.754957755144606
        0.978311764379483        0.761417171613822
        0.981502697083595        0.767933319401675
        0.984693629787708        0.774506368494482
        0.987884562491821        0.781136491760448
        0.991075495195934        0.787823864955903
        0.994266427900047        0.794568666640368
        0.997457360604159         0.80137107822204
         1.00064829330827        0.808231283849235
         1.00383922601238        0.815149470445363
          1.0070301587165        0.822125827680405
         1.01022109142061        0.829160516002092
         1.01341202412472        0.836253794294332
         1.01660295682884        0.843405828335736
         1.01979388953295        0.850616818463632
         1.02298482223706        0.857886967614598
         1.02617575494117        0.865216481401871
         1.02936668764529         0.87260556799375
          1.0325576203494        0.880054438131478
         1.03574855305351        0.887563305058509
         1.03893948575763        0.895132384649889
         1.04213041846174        0.902761895256952
         1.04532135116585        0.910452057756578
         1.04851228386996        0.918203095510509
         1.05170321657408        0.926015234328223
         1.05489414927819         0.93388870258707
          1.0580850819823        0.941823731066516
         1.06127601468642        0.949820553013118
         1.06446694739053        0.957879404107731
         1.06765788009464        0.966000522414599
         1.07084881279875        0.974184148512125
         1.07403974550287        0.982430525335931
         1.07723067820698        0.990739898222725
         1.08042161091109        0.999112514928805
         1.08361254361521         1.00754862557404
         1.08680347631932         1.01604848260997
         1.08999440902343         1.02461234096292
         1.09318534172754         1.03324045785681
         1.09637627443166         1.04193309287479
         1.09956720713577          1.0506904262452
         1.10275813983988         1.05951288607881
         1.10594907254399         1.06840065683537
         1.10914000524811         1.07735400749628
         1.11233093795222         1.08637320931635
         1.11552187065633         1.09545853586527
         1.11871280336045         1.10461026303202
         1.12190373606456         1.11382866901188
         1.12509466876867         1.12311403428637
         1.12828560147278         1.13246664159208
          1.1314765341769         1.14188677603612
         1.13466746688101         1.15137472494372
         1.13785839958512         1.16093077792417
         1.14104933228924          1.1705552268626
         1.14424026499335         1.18024836590253
         1.14743119769746         1.19001041642748
         1.15062213040157         1.19984182758035
         1.15381306310569         1.20974282477885
          1.1570039958098         1.21971371114494
         1.16019492851391         1.22975479202662
         1.16338586121803         1.23986637501722
         1.16657679392214         1.25004876991657
         1.16976772662625         1.26030228873776
         1.17295865933036         1.27062724568134
         1.17614959203448         1.28102395718798
         1.17934052473859         1.29149274186403
          1.1825314574427         1.30203392050278
         1.18572239014682         1.31264781608064
         1.18891332285093         1.32333475373881
         1.19210425555504         1.33409506078943
         1.19529518825915         1.34492906666425
         1.19848612096327         1.35583710300278
         1.20167705366738         1.36681950354483
         1.20486798637149         1.37787660416542
