            sqrt(s) [GeV]               sigma [mb]
        0.151667982521412        0.989396315435673
        0.157006889687282        0.546147518313644
        0.162345796853153        0.451248189125931
        0.167684704019023        0.401328546747441
        0.173023611184894        0.372074004507614
        0.178362518350764        0.354688520066911
        0.183701425516635        0.344899264373065
        0.189040332682505        0.340291461210645
        0.194379239848376         0.33936759366051
        0.199718147014246        0.341139032033602
        0.205057054180117        0.344923273363856
        0.210395961345987        0.350233192872728
        0.215734868511858        0.356712108170134
        0.221073775677728        0.364093546303585
        0.226412682843599        0.372175211166722
        0.231751590009469         0.38080152254965
         0.23709049717534        0.389851569124535
         0.24242940434121        0.399230571525918
        0.247768311507081        0.408863740680109
        0.253107218672951        0.418691692634818
        0.258446125838822        0.428667183484194
        0.263785033004692        0.438752422122984
        0.269123940170563         0.44891718147797
        0.274462847336433         0.45913726702618
        0.279801754502304        0.469393333883331
        0.285140661668174        0.479669954419307
        0.290479568834045        0.489954880282307
        0.295818475999915        0.500238453473127
        0.301157383165786        0.510513131277535
        0.306496290331656        0.520773105481239
        0.311835197497527        0.531013991806563
        0.317174104663397        0.541232577437181
        0.322513011829268        0.551426614542177
        0.327851918995138        0.561594650916181
        0.333190826161009        0.571735890190048
        0.338529733326879        0.581850076800106
         0.34386864049275        0.591937400590541
         0.34920754765862        0.601998417781049
        0.354546454824491        0.612033985285907
        0.359885361990361         0.62204520596427
        0.365224269156232        0.632033383281957
        0.370563176322102        0.641999983112808
        0.375902083487973        0.651946575684077
        0.381240990653843        0.661874915916451
        0.386579897819714        0.671786760134503
        0.391918804985584        0.681683955952169
        0.397257712151455        0.691568399651381
        0.402596619317325        0.701442023529695
        0.407935526483196        0.711306785332747
        0.413274433649066        0.721164659506228
        0.418613340814937        0.731017630036608
        0.423952247980807        0.740867684526823
        0.429291155146678        0.750716809386793
        0.434630062312548         0.76056698596226
        0.439968969478419        0.770420187380944
         0.44530787664429        0.780278376105863
         0.45064678381016        0.790143502008656
         0.45598569097603        0.800017471495579
        0.461324598141901        0.809902265291176
        0.466663505307771        0.819799757576708
        0.472002412473642        0.829711836801265
        0.477341319639513        0.839640374766407
        0.482680226805383        0.849587226599731
        0.488019133971254        0.859554230792577
        0.493358041137124        0.869543150616768
        0.498696948302994        0.879555912979252
        0.504035855468865        0.889593723463952
        0.509374762634736        0.899658486720062
        0.514713669800606        0.909753385215781
        0.520052576966477        0.919879134940571
        0.525391484132347         0.93003746811072
        0.530730391298218        0.940230103822794
        0.536069298464088        0.950458748661805
        0.541408205629959        0.960725097267162
        0.546747112795829        0.971030832945372
          0.5520860199617        0.981377628253535
         0.55742492712757        0.991767145579593
        0.562763834293441         1.00220130667237
        0.568102741459311          1.0126811152391
        0.573441648625182         1.02320857780432
        0.578780555791052         1.03378532161485
        0.584119462956923          1.0444129664409
        0.589458370122793          1.0550931250599
        0.594797277288664         1.06582740373066
        0.600136184454534         1.07661740262775
        0.605475091620405         1.08746471627535
        0.610813998786275         1.09837089050981
        0.616152905952146         1.10933758738682
        0.621491813118016          1.1203663526275
        0.626830720283887         1.13145876199793
        0.632169627449757          1.1426163874385
        0.637508534615628         1.15384079736927
        0.642847441781498         1.16513355697667
        0.648186348947369         1.17649622848235
        0.653525256113239         1.18793037139032
         0.65886416327911         1.19943754272342
         0.66420307044498         1.21101929723548
        0.669541977610851         1.22267718761007
        0.674880884776721         1.23441276464225
        0.680219791942592          1.2462275774046
        0.685558699108462         1.25812311426805
        0.690897606274333         1.27010103627033
        0.696236513440203          1.2821628323116
        0.701575420606074          1.2943100459335
        0.706914327771944         1.30654421955848
        0.712253234937815         1.31886689457916
        0.717592142103685         1.33127961142023
        0.722931049269556         1.34378390959328
        0.728269956435426         1.35638132774255
        0.733608863601297         1.36907340367664
        0.738947770767167         1.38186167438454
        0.744286677933038         1.39474767605339
        0.749625585098908         1.40773294405749
        0.754964492264779         1.42081901295297
        0.760303399430649         1.43400741645446
         0.76564230659652         1.44729968740459
         0.77098121376239         1.46069735773048
        0.776320120928261         1.47420195839739
        0.781659028094131         1.48781501934678
        0.786997935260002         1.50153806942842
        0.792336842425873         1.51537263632621
        0.797675749591743         1.52932024646882
        0.803014656757614           1.543382424941
        0.808353563923484         1.55756069538062
        0.813692471089354          1.5718565798579
        0.819031378255225         1.58627159877253
        0.824370285421096         1.60080727072369
        0.829709192586966         1.61546515344355
        0.835048099752837         1.63024667972156
        0.840387006918707         1.64515340265464
        0.845725914084578         1.66018683223247
        0.851064821250448          1.6753484758942
        0.856403728416319         1.69063983836755
        0.861742635582189         1.70606242149176
         0.86708154274806         1.72161772402222
         0.87242044991393         1.73730724145785
        0.877759357079801         1.75313246581342
        0.883098264245671         1.76909488543945
        0.888437171411542         1.78519598479651
        0.893776078577412         1.80143724422922
        0.899114985743283         1.81782013974355
        0.904453892909153         1.83434614276848
        0.909792800075024         1.85101671992428
        0.915131707240894         1.86783333274367
        0.920470614406765         1.88479743745268
        0.925809521572635         1.90191048467751
        0.931148428738506         1.91917391917663
        0.936487335904376         1.93658917957325
        0.941826243070247          1.9541576980557
        0.947165150236117          1.9718809000841
        0.952504057401988         1.98976020408391
        0.957842964567858         2.00779702116698
        0.963181871733729         2.02599275476216
        0.968520778899599         2.04434880034282
         0.97385968606547         2.06286654503401
         0.97919859323134         2.08154736734062
        0.984537500397211         2.10039263675633
        0.989876407563081          2.1194037133967
        0.995215314728952         2.13858194768605
         1.00055422189482         2.15792867991956
         1.00589312906069         2.17744523994223
         1.01123203622656         2.19713294673781
         1.01657094339243         2.21699310800464
          1.0219098505583         2.23702701980381
         1.02724875772417         2.25723580722104
         1.03258766489005         2.27762105754104
         1.03792657205592          2.2981838724038
         1.04326547922179          2.3189254969876
         1.04860438638766         2.33984716270145
         1.05394329355353         2.36095008667494
          1.0592822007194         2.38223547132551
         1.06462110788527         2.40370450387532
         1.06996001505114         2.42535835590946
         1.07529892221701         2.44719818282285
         1.08063782938288         2.46922512340308
         1.08597673654875         2.49144029928925
         1.09131564371462         2.51384481443821
         1.09665455088049         2.53643994027296
         1.10199345804636         2.55922637484592
         1.10733236521223         2.58220534951091
          1.1126712723781         2.60537789238936
         1.11801017954397         2.62874501129968
         1.12334908670984         2.65230769316013
         1.12868799387571         2.67606690347313
         1.13402690104158         2.70002358573361
         1.13936580820746          2.7241786608485
         1.14470471537333         2.74853302656214
          1.1500436225392         2.77308755686826
         1.15538252970507         2.79784310138143
         1.16072143687094         2.82280048476213
         1.16606034403681         2.84796050612494
         1.17139925120268         2.87332393834755
         1.17673815836855         2.89889152750614
         1.18207706553442         2.92466399225064
         1.18741597270029         2.95064202310724
         1.19275487986616         2.97682628191981
         1.19809378703203         3.00321740113513
          1.2034326941979         3.02981598316779
         1.20877160136377         3.05662259978588
         1.21411050852964         3.08363779140162
