            sqrt(s) [GeV]               sigma [mb]
         0.49436328157883     4.08325073081733e-05
        0.497933171114148       0.0245581570029844
        0.501503060649467       0.0351558276643347
        0.505072950184786       0.0435807080778406
        0.508642839720105       0.0509307637119488
        0.512212729255424       0.0576258651177377
        0.515782618790743       0.0638787751120801
        0.519352508326062       0.0698144318212936
        0.522922397861381       0.0755133327396439
        0.526492287396699       0.0810307860591268
        0.530062176932018       0.0864066421474394
        0.533632066467337       0.0916706732239606
        0.537201956002656       0.0968457846275995
        0.540771845537975        0.101950016825334
        0.544341735073294        0.106997862493667
        0.547911624608613         0.11200115967537
        0.551481514143932        0.116969717445372
         0.55505140367925        0.121911765351307
        0.558621293214569        0.126834283425651
        0.562191182749888        0.131743249400534
        0.565761072285207        0.136643827028774
        0.569330961820526        0.141540511406617
        0.572900851355845        0.146437243659618
        0.576470740891164        0.151337500645126
        0.580040630426482        0.156244368093993
        0.583610519961801        0.161160599191759
         0.58718040949712         0.16608866260205
        0.590750299032439        0.171030782225311
        0.594320188567758        0.175988970011254
        0.597890078103077        0.180965042165139
        0.601459967638396        0.185960698359653
        0.605029857173714        0.190977429879242
        0.608599746709033        0.196016647713046
        0.612169636244352        0.201079641269041
        0.615739525779671        0.206167601906584
         0.61930941531499         0.21128163360299
        0.622879304850309        0.216422762636224
        0.626449194385628        0.221591945222709
        0.630019083920947        0.226790075029555
        0.633588973456265        0.232017989440776
        0.637158862991584        0.237276475129982
        0.640728752526903        0.242566272944941
        0.644298642062222        0.247888082460877
        0.647868531597541        0.253242565821193
         0.65143842113286        0.258630351230022
        0.655008310668179        0.264052036412271
        0.658578200203498        0.269508190434716
        0.662148089738816        0.274999357710321
        0.665717979274135        0.280526059120349
        0.669287868809454        0.286088794509504
        0.672857758344773        0.291688044416461
        0.676427647880092        0.297324271782932
        0.679997537415411        0.302997923246519
         0.68356742695073        0.308709430701502
        0.687137316486049        0.314459212260203
        0.690707206021367        0.320247673592533
        0.694277095556686        0.326075208437185
        0.697846985092005        0.331942200044115
        0.701416874627324         0.33784902134845
        0.704986764162643        0.343796036116167
        0.708556653697962        0.349783599397649
        0.712126543233281        0.355812058122458
          0.7156964327686        0.361881749546122
        0.719266322303918        0.367993011832683
        0.722836211839237        0.374146164422758
        0.726406101374556        0.380341528461098
        0.729975990909875        0.386579417289353
        0.733545880445194        0.392860138463196
        0.737115769980513        0.399183994447623
        0.740685659515832         0.40555128270983
         0.74425554905115        0.411962296110246
        0.747825438586469        0.418417323000856
        0.751395328121788        0.424916647749919
        0.754965217657107        0.431460551003211
        0.758535107192426        0.438049309189974
        0.762104996727745        0.444683196213873
        0.765674886263064        0.451362482060886
        0.769244775798382        0.458087434061229
        0.772814665333701        0.464858316799172
         0.77638455486902         0.47167539206153
        0.779954444404339        0.478538919433571
        0.783524333939658        0.485449156214786
        0.787094223474977        0.492406357575079
        0.790664113010296        0.499410776953841
        0.794234002545615        0.506462665776339
        0.797803892080933        0.513562274207486
        0.801373781616252        0.520709850632197
        0.804943671151571        0.527905642404206
         0.80851356068689        0.535149895506979
        0.812083450222209        0.542442854970273
        0.815653339757528        0.549784764906291
        0.819223229292847         0.55717586859189
        0.822793118828166        0.564616408565732
        0.826363008363484        0.572106626967026
        0.829932897898803        0.579646765350675
        0.833502787434122        0.587237064995712
        0.837072676969441        0.594877767088675
         0.84064256650476        0.602569112339566
        0.844212456040079        0.610311341887409
        0.847782345575398        0.618104696745303
        0.851352235110717        0.625949418215533
        0.854922124646035        0.633845747851434
        0.858492014181354        0.641793927682488
        0.862061903716673        0.649794200291648
        0.865631793251992        0.657846808765397
        0.869201682787311        0.665951997067362
         0.87277157232263        0.674110009918946
        0.876341461857949        0.682321092889335
        0.879911351393267        0.690585492662427
        0.883481240928586        0.698903457010951
        0.887051130463905        0.707275234878602
        0.890621019999224         0.71570107648699
        0.894190909534543        0.724181233495692
        0.897760799069862        0.732715958971649
        0.901330688605181        0.741305507559242
          0.9049005781405        0.749950135565295
        0.908470467675818        0.758650100901366
        0.912040357211137        0.767405663415375
        0.915610246746456        0.776217084754512
        0.919180136281775        0.785084628506075
        0.922750025817094        0.794008560326033
        0.926319915352413        0.802989147941906
        0.929889804887732        0.812026661280616
         0.93345969442305        0.821121372431915
        0.937029583958369         0.83027355599385
        0.940599473493688        0.839483488781186
        0.944169363029007        0.848751450116297
        0.947739252564326        0.858077721887645
        0.951309142099645        0.867462588252023
        0.954879031634964        0.876906336519954
        0.958448921170283        0.886409256360088
        0.962018810705601        0.895971640206635
         0.96558870024092        0.905593784016781
        0.969158589776239        0.915275985085718
        0.972728479311558        0.925018545326303
        0.976298368846877        0.934821768789302
        0.979868258382196        0.944685962771138
        0.983438147917515        0.954611437682022
        0.987008037452834        0.964598507149767
        0.990577926988152        0.974647487997213
        0.994147816523471        0.984758700346963
         0.99771770605879        0.994932467701725
         1.00128759559411         1.00516911693659
         1.00485748512943         1.01546897832415
         1.00842737466475         1.02583238573624
         1.01199726420007         1.03625967657566
         1.01556715373538          1.0467511918515
          1.0191370432707         1.05730727612214
         1.02270693280602         1.06792827786431
         1.02627682234134         1.07861454915023
         1.02984671187666         1.08936644592684
         1.03341660141198         1.10018432792839
          1.0369864909473         1.11106855890911
         1.04055638048262         1.12201950644272
         1.04412627001794         1.13303754225793
         1.04769615955325         1.14412304198685
         1.05126604908857         1.15527638540399
         1.05483593862389         1.16649795645785
         1.05840582815921         1.17778814325923
         1.06197571769453         1.18914733812587
         1.06554560722985         1.20057593772563
         1.06911549676517         1.21207434178079
         1.07268538630049         1.22364295907948
         1.07625527583581          1.2352821958625
         1.07982516537112         1.24699246743357
         1.08339505490644         1.25877419244745
         1.08696494444176         1.27062779409976
         1.09053483397708         1.28255370013665
          1.0941047235124         1.29455234292662
         1.09767461304772         1.30662415952609
         1.10124450258304         1.31876959167059
         1.10481439211836         1.33098908584026
         1.10838428165368         1.34328309327053
         1.11195417118899         1.35565207006742
         1.11552406072431         1.36809647714955
         1.11909395025963         1.38061678033973
         1.12266383979495         1.39321345038125
         1.12623372933027         1.40588696301721
         1.12980361886559         1.41863779896921
         1.13337350840091         1.43146644403006
         1.13694339793623         1.44437338899546
         1.14051328747154         1.45735912992158
         1.14408317700686         1.47042416777243
         1.14765306654218         1.48356900893458
          1.1512229560775         1.49679416487507
         1.15479284561282         1.51010015227612
         1.15836273514814           1.523487493165
         1.16193262468346           1.536956714776
         1.16550251421878         1.55050834978164
          1.1690724037541         1.56414293604422
         1.17264229328941         1.57786101685379
         1.17621218282473         1.59166314079508
         1.17978207236005          1.6055498617919
         1.18335196189537         1.61952173899137
         1.18692185143069         1.63357933663019
         1.19049174096601         1.64772322368225
         1.19406163050133         1.66195397301496
         1.19763152003665         1.67627215895086
         1.20120140957197         1.69067834637746
         1.20477129910728         1.70517260664742
