            sqrt(s) [GeV]               sigma [mb]
        0.376123421673124       0.0671532258276779
         0.38029100456834       0.0821116936364907
        0.384458587463556       0.0998787410988627
        0.388626170358772        0.120613047820761
        0.392793753253987        0.144517951236162
        0.396961336149203        0.171816506686712
        0.401128919044419        0.202751926407772
        0.405296501939635        0.237588910140912
        0.409464084834851        0.276615229627472
        0.413631667730066        0.320143451203389
        0.417799250625282        0.368512757790025
        0.421966833520498        0.422090845481807
        0.426134416415714        0.481275868595894
        0.430301999310929         0.54649840011871
        0.434469582206145        0.618223363701211
        0.438637165101361         0.69695187979494
        0.442804747996577        0.783222946442956
        0.446972330891793        0.877614868032607
        0.451139913787008        0.980746288850185
        0.455307496682224         1.09327669302591
         0.45947507957744         1.21590616467911
        0.463642662472656         1.34937417242165
        0.467810245367871         1.49445708748513
        0.471977828263087         1.65196408912072
        0.476145411158303         1.82273105079097
        0.480312994053519         2.00761193960249
        0.484480576948734          2.2074672064086
         0.48864815984395         2.42314858058537
        0.492815742739166         2.65547971994058
        0.496983325634382         2.90523205586404
        0.501150908529598         3.17309539108236
        0.505318491424813         3.45964282655997
        0.509486074320029         3.76528989592427
        0.513653657215245         4.09024813393659
        0.517821240110461         4.43447382019411
        0.521988823005677          4.7976132825879
        0.526156405900892         5.17894701787334
        0.530323988796108          5.5773356513365
        0.534491571691324         5.99117184619061
         0.53865915458654         6.41834293686402
        0.542826737481755         6.85620964181836
        0.546994320376971         7.30160621810561
        0.551161903272187         7.75086677444134
        0.555329486167403         8.19988101154071
        0.559497069062618         8.64418040508767
        0.563664651957834         9.07905295180556
         0.56783223485305         9.49968141159487
        0.571999817748266         9.90129699787587
        0.576167400643482          10.279338242353
        0.580334983538697         10.6296037638825
        0.584502566433913         10.9483881477027
        0.588670149329129         11.2325920356463
        0.592837732224345         11.4798004719437
         0.59700531511956         11.6883269672187
        0.601172898014776         11.8572240109869
        0.605340480909992         11.9862633754197
        0.609508063805208          12.075891237647
        0.613675646700424         12.1271638889679
        0.617843229595639         12.1416697812248
        0.622010812490855          12.121443162614
        0.626178395386071         12.0688738468619
        0.630345978281287         11.9866169312761
        0.634513561176502         11.8775056206665
        0.638681144071718         11.7444697345414
        0.642848726966934         11.5904619406626
         0.64701630986215         11.4183932311522
        0.651183892757365         11.2310786193789
        0.655351475652581         11.0311934943647
        0.659519058547797         10.8212405526184
        0.663686641443013         10.6035267700371
        0.667854224338229         10.3801495102827
        0.672021807233444         10.1529906093717
         0.67618939012866         9.92371713309145
        0.680356973023876          9.6937874652835
        0.684524555919092         9.46446143217426
        0.688692138814307         9.23681327813509
        0.692859721709523         9.01174645814499
        0.697027304604739         8.79000938094088
        0.701194887499955         8.57221140802304
        0.705362470395171         8.35883857520279
        0.709530053290386         8.15026864790351
        0.713697636185602         7.94678524488043
        0.717865219080818         7.74859086663897
        0.722032801976034         7.55581874509024
        0.726200384871249         7.36854349230552
        0.730367967766465         7.18679057087193
        0.734535550661681         7.01054463951365
        0.738703133556897          6.8397568476071
        0.742870716452113         6.67435116385272
        0.747038299347328         6.51422982947406
        0.751205882242544         6.35927802682107
         0.75537346513776         6.20936785152074
        0.759541048032976         6.06436167147898
        0.763708630928191          5.9241149498843
        0.767876213823407         5.78847860261597
        0.772043796718623         5.65730095344485
        0.776211379613839         5.53042934357633
        0.780378962509054         5.40771144551351
         0.78454654540427         5.28899632511666
        0.788714128299486         5.17413529013462
        0.792881711194702         5.06298255841973
        0.797049294089918         4.95539577450981
        0.801216876985133         4.85123639925227
        0.805384459880349         4.75036999361083
        0.809552042775565         4.65266641470405
        0.813719625670781         4.55799993944996
        0.817887208565997         4.46624932885485
        0.822054791461212         4.37729784398397
        0.826222374356428         4.29103322292666
        0.830389957251644          4.2073476265893
         0.83455754014686         4.12613755988847
        0.838725123042075         4.04730377383875
        0.842892705937291         3.97075115311362
        0.847060288832507         3.89638859288188
        0.851227871727723         3.82412886806155
        0.855395454622939         3.75388849757865
        0.859563037518154         3.68558760574647
         0.86373062041337         3.61914978248801
        0.867898203308586         3.55450194378967
        0.872065786203802          3.4915741934972
        0.876233369099017         3.43029968733188
        0.880400951994233         3.37061449980974
        0.884568534889449         3.31245749458658
        0.888736117784665         3.25577019861544
        0.892903700679881         3.20049668039479
        0.897071283575096         3.14658343249291
        0.901238866470312         3.09397925846061
        0.905406449365528         3.04263516418282
        0.909574032260744         2.99250425367189
        0.913741615155959         2.94354162926502
        0.917909198051175         2.89570429615795
        0.922076780946391         2.84895107118245
        0.926244363841607         2.80324249571689
        0.930411946736822         2.75854075260441
        0.934579529632038         2.71480958694372
        0.938747112527254         2.67201423061138
         0.94291469542247         2.63012133036774
        0.947082278317686         2.58909887939901
        0.951249861212901         2.54891615214565
        0.955417444108117          2.5095436422692
        0.959585027003333            2.47095300361
        0.963752609898549         2.43311699399317
        0.967920192793764         2.39600942174127
         0.97208777568898         2.35960509475762
        0.976255358584196         2.32387977204455
        0.980422941479412          2.2888101175372
        0.984590524374628         2.25437365611275
        0.988758107269843         2.22054873167429
        0.992925690165059         2.18731446717873
        0.997093273060275         2.15465072650741
         1.00126085595549         2.12253807806945
         1.00542843885071         2.09095776003375
         1.00959602174592         2.05989164709616
         1.01376360464114          2.0293222186812
         1.01793118753635         1.99923252849063
         1.02209877043157         1.96960617530942
         1.02626635332679          1.9404272749838
           1.030433936222          1.9116804334875
         1.03460151911722         1.88335072099855
         1.03876910201243         1.85542364690519
         1.04293668490765         1.82788513566552
         1.04710426780286         1.80072150344497
         1.05127185069808         1.77391943545679
          1.0554394335933         1.74746596393119
         1.05960701648851         1.72134844663879
         1.06377459938373         1.69555454589338
         1.06794218227894          1.6700722079581
         1.07210976517416         1.64488964277692
         1.07627734806937         1.61999530395184
         1.08044493096459         1.59537786888192
         1.08461251385981         1.57102621897705
         1.08878009675502         1.54692941985431
         1.09294767965024         1.52307670141686
         1.09711526254545         1.49945743771281
         1.10128284544067          1.4760611264538
         1.10545042833589         1.45287736807196
          1.1096180112311          1.4298958441742
         1.11378559412632         1.40710629524001
         1.11795317702153            1.38449849739
         1.12212075991675         1.36206223803319
         1.12628834281196         1.33978729016825
         1.13045592570718         1.31766338509265
          1.1346235086024         1.29568018322837
         1.13879109149761         1.27382724273239
         1.14295867439283         1.25209398550603
         1.14712625728804         1.23046966015231
         1.15129384018326         1.20894330135262
         1.15546142307847         1.18750368503772
         1.15962900597369         1.16613927861694
         1.16379658886891         1.14483818537179
         1.16796417176412          1.1235880819677
         1.17213175465934         1.10237614779227
         1.17629933755455          1.0811889845711
         1.18046692044977         1.06001252435918
         1.18463450334498         1.03883192356932
          1.1888020862402         1.01763144013917
         1.19296966913542        0.996394290217414
         1.19713725203063        0.975102479814425
         1.20130483492585         0.95373660563425
         1.20547241782106         0.93227561768174
