                   T[GeV]              sigma_e[GeV]
        0.120000000000000         0.006234540450718
        0.121000000000000         0.006291071823428
        0.122000000000000         0.006349131281129
        0.123000000000000         0.006408651238206
        0.124000000000000         0.006469720180826
        0.125000000000000         0.006532391433179
        0.126000000000000         0.006596726533154
        0.127000000000000         0.006662791284934
        0.128000000000000         0.006730668553171
        0.129000000000000         0.006800391797808
        0.130000000000000         0.006872090204237
        0.131000000000000         0.006945809426766
        0.132000000000000         0.007021703865615
        0.133000000000000         0.007099861170067
        0.134000000000000         0.007180407016492
        0.135000000000000         0.007263477882238
        0.136000000000000         0.007349227127626
        0.137000000000000         0.007437825161697
        0.138000000000000         0.007529461502759
        0.139000000000000         0.007624349837346
        0.140000000000000         0.007722729928432
        0.141000000000000         0.007824875616190
        0.142000000000000         0.007931087557793
        0.143000000000000         0.008041709678388
        0.144000000000000         0.008157180505841
        0.145000000000000         0.008277833816704
        0.146000000000000         0.008404251298046
        0.147000000000000         0.008537011737157
        0.148000000000000         0.008676677661803
        0.149000000000000         0.008823895930305
        0.150000000000000         0.008979277854040
        0.151000000000000         0.009143343142784
        0.152000000000000         0.009316064358651
        0.153000000000000         0.009496337667648
        0.153166666666667         0.009526936769310
        0.153333333333333         0.009557635441247
        0.153500000000000         0.009588372426695
        0.153666666666667         0.009619151497613
        0.153833333333333         0.009649902497526
        0.154000000000000         0.009680574944218
        0.154166666666667         0.009711106167981
        0.154333333333333         0.009741385501676
        0.154500000000000         0.009771430291957
        0.154666666666667         0.009801009323018
        0.154833333333333         0.009830039128519
        0.155000000000000         0.009858402799102
        0.155166666666667         0.009885873430666
        0.155333333333333         0.009912218808430
        0.155500000000000         0.009937204624661
        0.155666666666667         0.009960540069689
        0.155833333333333         0.009981685204264
        0.156000000000000         0.010000312538499
        0.156166666666667         0.010015832172301
        0.156333333333333         0.010027675560583
        0.156500000000000         0.010035428810115
        0.156666666666667         0.010040134479087
        0.156833333333333         0.010052173575469
        0.157000000000000         0.010075073139203
        0.157166666666667         0.010103944099391
        0.157333333333333         0.010137361405047
        0.157500000000000         0.010174532821038
        0.157666666666667         0.010215068079826
        0.157833333333333         0.010258480407251
        0.158000000000000         0.010304523445323
        0.158166666666667         0.010352970093835
        0.158333333333333         0.010403577929137
        0.158500000000000         0.010456141101415
        0.158666666666667         0.010510463847985
        0.158833333333333         0.010566349966320
        0.159000000000000         0.010623669250292
        0.159166666666667         0.010682168083330
        0.159333333333333         0.010741634518142
        0.159500000000000         0.010801930973536
        0.159666666666667         0.010862819778120
        0.159833333333333         0.010924158005393
        0.160000000000000         0.010985654042218
        0.160166666666667         0.011047170356847
        0.160333333333333         0.011108423074742
        0.160500000000000         0.011169346398947
        0.160666666666667         0.011229701432646
        0.160833333333333         0.011289236772949
        0.161000000000000         0.011347807212613
        0.161166666666667         0.011405222033993
        0.161333333333333         0.011461354729632
        0.161500000000000         0.011515970844914
        0.161666666666667         0.011568975862417
        0.161833333333333         0.011620225572852
        0.162000000000000         0.011669605463416
        0.162166666666667         0.011716994907068
        0.162333333333333         0.011762271468255
        0.162500000000000         0.011805407291575
        0.162666666666667         0.011846275200588
        0.162833333333333         0.011884880520614
        0.163000000000000         0.011921084535111
        0.163166666666667         0.011954920617319
        0.163333333333333         0.011986319352343
        0.163500000000000         0.012015265248382
        0.163666666666667         0.012041717954746
        0.163833333333333         0.012065673845876
        0.164000000000000         0.012087115457682
        0.164166666666667         0.012106011748707
        0.164333333333333         0.012122337216656
        0.164500000000000         0.012135999093385
        0.164666666666667         0.012146711397882
        0.164833333333333         0.012154039699980
        0.165000000000000         0.012155525627695
        0.165166666666667         0.012144053640884
        0.165333333333333         0.012151236749454
        0.165500000000000         0.012142895032702
        0.165666666666667         0.012123517109613
        0.165833333333333         0.012106300632309
        0.166000000000000         0.012093347548599
        0.166166666666667         0.012074499708279
        0.166333333333333         0.012053164550669
        0.166500000000000         0.012029311605894
        0.166666666666667         0.012002901751710
        0.166833333333333         0.011973843350492
        0.167000000000000         0.011942018301369
        0.167166666666667         0.011907230664918
        0.167333333333333         0.011869379771568
        0.167500000000000         0.011828308297151
        0.167666666666667         0.011784222771270
        0.167833333333333         0.011739201705988
        0.168000000000000         0.011701545351368
        0.168166666666667         0.011668405777939
        0.168333333333333         0.011637428313064
        0.168500000000000         0.011607762795639
        0.168666666666667         0.011578867149933
        0.168833333333333         0.011550138183361
        0.169000000000000         0.011521352963502
        0.169166666666667         0.011492141355905
        0.169333333333333         0.011462166075990
        0.169500000000000         0.011431083783133
        0.169666666666667         0.011398537852190
        0.169833333333333         0.011364049217738
        0.170000000000000         0.011327055959561
        0.170166666666667         0.011286913914240
        0.170333333333333         0.011242609912976
        0.170500000000000         0.011193102555583
        0.170666666666667         0.011136288351163
        0.170833333333333         0.011069258674698
        0.171000000000000         0.010986955836295
        0.171166666666667         0.010879326777124
        0.171333333333333         0.010732770739464
        0.171500000000000         0.010588331341785
        0.171666666666667         0.010500047185831
        0.171833333333333         0.010431203367668
        0.172000000000000         0.010374956815566
        0.172166666666667         0.010327720223829
        0.172333333333333         0.010287598864769
        0.172500000000000         0.010253016266815
        0.172666666666667         0.010223258986842
        0.172833333333333         0.010197520308612
        0.173000000000000         0.010175135571050
        0.173166666666667         0.010155813836948
        0.173333333333333         0.010139137719502
        0.173500000000000         0.010124748517525
        0.173666666666667         0.010112526739765
        0.173833333333333         0.010102167805746
        0.174000000000000         0.010093534684937
        0.174166666666667         0.010086457556995
        0.174333333333333         0.010080770991475
        0.174500000000000         0.010076450021336
        0.174666666666667         0.010073382929304
        0.174833333333333         0.010071363720013
        0.175000000000000         0.010070356141501
        0.175166666666667         0.010070342913287
        0.175333333333333         0.010071212563093
        0.175500000000000         0.010072920647828
        0.175666666666667         0.010075420163325
        0.175833333333333         0.010078658115615
        0.176000000000000         0.010082580364286
        0.176166666666667         0.010087181977994
        0.176333333333333         0.010092380203403
        0.176500000000000         0.010098029503431
        0.176666666666667         0.010104445529256
        0.176833333333333         0.010111248077261
        0.177000000000000         0.010118508507515
        0.177166666666667         0.010126303219712
        0.177333333333333         0.010134594370991
        0.177500000000000         0.010143263247178
        0.177666666666667         0.010152334904734
        0.177833333333333         0.010161813328013
        0.178000000000000         0.010171635737553
        0.179000000000000         0.010237569869700
        0.180000000000000         0.010313678813684
        0.181000000000000         0.010398031717450
        0.182000000000000         0.010489231807129
        0.183000000000000         0.010586381129342
        0.184000000000000         0.010688714815816
        0.185000000000000         0.010795684603390
        0.186000000000000         0.010906865437303
        0.187000000000000         0.011021882792340
        0.188000000000000         0.011140546738908
        0.189000000000000         0.011262575254841
        0.190000000000000         0.011387825312666
        0.191000000000000         0.011516213884240
        0.192000000000000         0.011647548597250
        0.193000000000000         0.011781815941991
        0.194000000000000         0.011918893217461
        0.195000000000000         0.012058739849816
        0.196000000000000         0.012201292152377
        0.197000000000000         0.012346599203500
        0.198000000000000         0.012494655760795
        0.199000000000000         0.012645690092950
        0.200000000000000         0.012798434593000
        0.201000000000000         0.012954204589406
        0.202000000000000         0.013112598159742
        0.203000000000000         0.013273741643481
        0.204000000000000         0.013437324259281
        0.205000000000000         0.013603613998514
        0.206000000000000         0.013772662801548
        0.207000000000000         0.013944242907100
        0.208000000000000         0.014118413133855
        0.209000000000000         0.014295205512208
        0.210000000000000         0.014475053235815
        0.211000000000000         0.014657262216259
        0.212000000000000         0.014841726444810
        0.213000000000000         0.015029434454145
        0.214000000000000         0.015219789751867
        0.215000000000000         0.015412778974382
        0.216000000000000         0.015609079369550
        0.217000000000000         0.015807892814080
        0.218000000000000         0.016008491034439
        0.219000000000000         0.016212701942949
        0.220000000000000         0.016414968480776
        0.221000000000000         0.016629568781497
        0.222000000000000         0.016842296789521
        0.223000000000000         0.017058020731757
        0.224000000000000         0.017277117018405
        0.225000000000000         0.017497220801466
        0.226000000000000         0.017721972766623
        0.227000000000000         0.017949921499406
        0.228000000000000         0.018183063117798
        0.229000000000000         0.018414546495773
        0.230000000000000         0.018649964533992
        0.231000000000000         0.018890540965658
        0.232000000000000         0.019131807291571
        0.233000000000000         0.019378396164814
        0.234000000000000         0.019627171348363
        0.235000000000000         0.019878037538292
        0.236000000000000         0.020135007338555
        0.237000000000000         0.020391361233284
        0.238000000000000         0.020654941640351
        0.239000000000000         0.020918099110394
        0.240000000000000         0.021186531092566
        0.241000000000000         0.021457907587846
        0.242000000000000         0.021733177540852
        0.243000000000000         0.022010928150576
        0.244000000000000         0.022292652343700
        0.245000000000000         0.022578066173371
        0.246000000000000         0.022867363911380
        0.247000000000000         0.023158120001925
        0.248000000000000         0.023454611513404
        0.249000000000000         0.023754451356479
        0.250000000000000         0.024057810892156
        0.251000000000000         0.024365391208841
        0.252000000000000         0.024677935632860
        0.253000000000000         0.024994640646752
        0.254000000000000         0.025316046926890
        0.255000000000000         0.025642066409257
        0.256000000000000         0.025972510804963
        0.257000000000000         0.026307227263451
        0.258000000000000         0.026646467265801
        0.259000000000000         0.026990093217588
        0.260000000000000         0.027338264640459
        0.261000000000000         0.027690704364413
        0.262000000000000         0.028047924236543
        0.263000000000000         0.028409684442317
        0.264000000000000         0.028775995686393
        0.265000000000000         0.029146975659627
        0.266000000000000         0.029522617053320
        0.267000000000000         0.029902956407676
        0.268000000000000         0.030288062611558
        0.269000000000000         0.030677945009451
        0.270000000000000         0.031072603557497
        0.271000000000000         0.031472302517426
        0.272000000000000         0.031877011231113
        0.273000000000000         0.032286581358408
        0.274000000000000         0.032701232817202
        0.275000000000000         0.033120878101233
        0.276000000000000         0.033545731720806
        0.277000000000000         0.033975717809455
        0.278000000000000         0.034411065141521
        0.279000000000000         0.034851325302467
        0.280000000000000         0.035297269193633
        0.281000000000000         0.035748710399705
        0.282000000000000         0.036205370038192
        0.283000000000000         0.036667473615047
        0.284000000000000         0.037135129207622
        0.285000000000000         0.037608298277294
        0.286000000000000         0.038087094472965
        0.287000000000000         0.038571575427701
        0.288000000000000         0.039061784824124
        0.289000000000000         0.039557754285731
        0.290000000000000         0.040059465130236
        0.291000000000000         0.040567259744576
        0.292000000000000         0.041080887403289
        0.293000000000000         0.041600331425582
        0.294000000000000         0.042126150181005
        0.295000000000000         0.042657881860384
        0.296000000000000         0.043195793192547
        0.297000000000000         0.043739940598818
        0.298000000000000         0.044290220568197
        0.299000000000000         0.044846633744118
        0.300000000000000         0.045410057110687
