                   T[GeV]              sigma_e[GeV]
        0.120000000000000         0.005569189092562
        0.121000000000000         0.005625231674004
        0.122000000000000         0.005683062436923
        0.123000000000000         0.005742790950580
        0.124000000000000         0.005804499777416
        0.125000000000000         0.005868377938610
        0.126000000000000         0.005934543927915
        0.127000000000000         0.006003191538719
        0.128000000000000         0.006074510986337
        0.129000000000000         0.006148751986160
        0.130000000000000         0.006226264976659
        0.131000000000000         0.006307325595592
        0.132000000000000         0.006392407054669
        0.133000000000000         0.006482050989437
        0.134000000000000         0.006576963730298
        0.135000000000000         0.006678043130163
        0.135166666666667         0.006695565831790
        0.135333333333333         0.006713298757483
        0.135500000000000         0.006731251610285
        0.135666666666667         0.006749432442982
        0.135833333333333         0.006767859575061
        0.136000000000000         0.006786533464981
        0.136166666666667         0.006805136677014
        0.136333333333333         0.006824577414301
        0.136500000000000         0.006844020893790
        0.136666666666667         0.006863730316877
        0.136833333333333         0.006883745198538
        0.137000000000000         0.006904060741356
        0.137166666666667         0.006924699257261
        0.137333333333333         0.006945666506201
        0.137500000000000         0.006966986870180
        0.137666666666667         0.006988672716901
        0.137833333333333         0.007010735042508
        0.138000000000000         0.007033199246733
        0.138166666666667         0.007056082586319
        0.138333333333333         0.007079420248943
        0.138500000000000         0.007103222400709
        0.138666666666667         0.007127511317117
        0.138833333333333         0.007152334443872
        0.139000000000000         0.007177703658728
        0.139166666666667         0.007203657391650
        0.139333333333333         0.007230231381298
        0.139500000000000         0.007257476510326
        0.139666666666667         0.007285416040707
        0.139833333333333         0.007314128243124
        0.140000000000000         0.007343601441799
        0.140166666666667         0.007373987262665
        0.140333333333333         0.007405249551928
        0.140500000000000         0.007437510961482
        0.140666666666667         0.007470813876416
        0.140833333333333         0.007505218519083
        0.141000000000000         0.007540778288737
        0.141166666666667         0.007577549031423
        0.141333333333333         0.007615545184464
        0.141500000000000         0.007654736622846
        0.141666666666667         0.007695042787860
        0.141833333333333         0.007736180545066
        0.142000000000000         0.007777668882972
        0.142166666666667         0.007818586920292
        0.142333333333333         0.007857170956677
        0.142500000000000         0.007890643062682
        0.142666666666667         0.007918340732312
        0.142833333333333         0.007969879679094
        0.143000000000000         0.008053167236143
        0.143166666666667         0.008160706009154
        0.143333333333333         0.008291576553709
        0.143500000000000         0.008445292269936
        0.143666666666667         0.008620628323782
        0.143833333333333         0.008815168281968
        0.144000000000000         0.009024798146565
        0.144166666666667         0.009244060961922
        0.144333333333333         0.009466710993159
        0.144500000000000         0.009686634819253
        0.144666666666667         0.009898487878646
        0.144833333333333         0.010098299925998
        0.145000000000000         0.010283214830797
        0.145166666666667         0.010451894379757
        0.145333333333333         0.010603794025955
        0.145500000000000         0.010739289005331
        0.145666666666667         0.010859002899993
        0.145833333333333         0.010963759823671
        0.146000000000000         0.011054700675963
        0.146166666666667         0.011132753209555
        0.146333333333333         0.011198960029327
        0.146500000000000         0.011254209825247
        0.146666666666667         0.011299378706134
        0.146833333333333         0.011334981040971
        0.147000000000000         0.011361858834962
        0.147166666666667         0.011380442629163
        0.147333333333333         0.011391084127025
        0.147500000000000         0.011394069350272
        0.147666666666667         0.011389509527308
        0.147833333333333         0.011377475630750
        0.148000000000000         0.011357676194361
        0.148166666666667         0.011329904475282
        0.148333333333333         0.011291412387979
        0.148500000000000         0.011248131543133
        0.148666666666667         0.011194042700338
        0.148833333333333         0.011154820727839
        0.149000000000000         0.011119647803146
        0.149166666666667         0.011085692007662
        0.149333333333333         0.011052255069556
        0.149500000000000         0.011018817534319
        0.149666666666667         0.010985021844110
        0.149833333333333         0.010950415073465
        0.150000000000000         0.010915058561887
        0.150166666666667         0.010878276143377
        0.150333333333333         0.010839899650328
        0.150500000000000         0.010799466272462
        0.150666666666667         0.010756498456279
        0.150833333333333         0.010710379035431
        0.151000000000000         0.010660315068403
        0.151166666666667         0.010605129167446
        0.151333333333333         0.010543304901026
        0.151500000000000         0.010472346667496
        0.151666666666667         0.010388564649171
        0.151833333333333         0.010284768514844
        0.152000000000000         0.010146523819606
        0.152166666666667         0.009952245120116
        0.152333333333333         0.009819807572604
        0.152500000000000         0.009726882381968
        0.152666666666667         0.009653778459710
        0.152833333333333         0.009593892224652
        0.153000000000000         0.009544163003766
        0.153166666666667         0.009501284641504
        0.153333333333333         0.009465138678242
        0.153500000000000         0.009433995882302
        0.153666666666667         0.009407199977261
        0.153833333333333         0.009384187979929
        0.154000000000000         0.009364258544590
        0.154166666666667         0.009347254011312
        0.154333333333333         0.009332694262004
        0.154500000000000         0.009320416560659
        0.154666666666667         0.009310134937505
        0.154833333333333         0.009301637527750
        0.155000000000000         0.009294755087274
        0.155166666666667         0.009289419582155
        0.155333333333333         0.009285417637383
        0.155500000000000         0.009282660622845
        0.155666666666667         0.009281028356054
        0.155833333333333         0.009280495995030
        0.156000000000000         0.009280912082347
        0.156166666666667         0.009282252275670
        0.156333333333333         0.009284424164660
        0.156500000000000         0.009287433215315
        0.156666666666667         0.009291074880975
        0.156833333333333         0.009295477512245
        0.157000000000000         0.009300473818539
        0.157166666666667         0.009306065662716
        0.157333333333333         0.009312301319318
        0.157500000000000         0.009319068764649
        0.157666666666667         0.009326184360431
        0.157833333333333         0.009334011452338
        0.158000000000000         0.009342163915630
        0.158166666666667         0.009350738057312
        0.158333333333333         0.009359774498944
        0.158500000000000         0.009369167336212
        0.158666666666667         0.009378934241780
        0.158833333333333         0.009389063123421
        0.159000000000000         0.009399500608301
        0.159166666666667         0.009410283653918
        0.159333333333333         0.009421258008895
        0.159500000000000         0.009432753394947
        0.159666666666667         0.009444477015402
        0.159833333333333         0.009456373738632
        0.160000000000000         0.009468560018810
        0.161000000000000         0.009546762698701
        0.162000000000000         0.009632246942181
        0.163000000000000         0.009723851430866
        0.164000000000000         0.009820574493276
        0.165000000000000         0.009921845627066
        0.166000000000000         0.010027172621161
        0.167000000000000         0.010136167925213
        0.168000000000000         0.010248344040082
        0.169000000000000         0.010363955866432
        0.170000000000000         0.010482637971653
        0.171000000000000         0.010603966184717
        0.172000000000000         0.010728084998732
        0.173000000000000         0.010854858332613
        0.174000000000000         0.010984311860140
        0.175000000000000         0.011116210995987
        0.176000000000000         0.011250699347193
        0.177000000000000         0.011387659301009
        0.178000000000000         0.011527083948492
        0.179000000000000         0.011668864123057
        0.180000000000000         0.011813491179250
        0.181000000000000         0.011960314283090
        0.182000000000000         0.012109288899493
        0.183000000000000         0.012260904246705
        0.184000000000000         0.012415183718380
        0.185000000000000         0.012571808733621
        0.186000000000000         0.012731139594586
        0.187000000000000         0.012891670543545
        0.188000000000000         0.013058958035415
        0.189000000000000         0.013224200793952
        0.190000000000000         0.013392446763130
        0.191000000000000         0.013565049014397
        0.192000000000000         0.013737869507475
        0.193000000000000         0.013915419621926
        0.194000000000000         0.014094729838763
        0.195000000000000         0.014276970623887
        0.196000000000000         0.014461768594108
        0.197000000000000         0.014649125398560
        0.198000000000000         0.014839445109563
        0.199000000000000         0.015032241925545
        0.200000000000000         0.015228477888511
        0.201000000000000         0.015425942670280
        0.202000000000000         0.015627766910813
        0.203000000000000         0.015830489302351
        0.204000000000000         0.016037998316101
        0.205000000000000         0.016247644011973
        0.206000000000000         0.016459241901123
        0.207000000000000         0.016674637933395
        0.208000000000000         0.016894054376361
        0.209000000000000         0.017114080127606
        0.210000000000000         0.017338768271471
        0.211000000000000         0.017567518399160
        0.212000000000000         0.017796462992807
        0.213000000000000         0.018030765120877
        0.214000000000000         0.018266029937269
        0.215000000000000         0.018507118266344
        0.216000000000000         0.018751026418856
        0.217000000000000         0.018997139596109
        0.218000000000000         0.019248354009776
        0.219000000000000         0.019502590314376
        0.220000000000000         0.019761586937610
        0.221000000000000         0.020023997597647
        0.222000000000000         0.020290326085489
        0.223000000000000         0.020560506230385
        0.224000000000000         0.020834096670239
        0.225000000000000         0.021112497503710
        0.226000000000000         0.021394331535967
        0.227000000000000         0.021679771453558
        0.228000000000000         0.021969410511902
        0.229000000000000         0.022263175026912
        0.230000000000000         0.022560933831283
        0.231000000000000         0.022862792767436
        0.232000000000000         0.023168790740271
        0.233000000000000         0.023478854190645
        0.234000000000000         0.023793171359768
        0.235000000000000         0.024111807591267
        0.236000000000000         0.024434692966077
        0.237000000000000         0.024761912085774
        0.238000000000000         0.025093426218661
        0.239000000000000         0.025429490876493
        0.240000000000000         0.025770489554526
        0.241000000000000         0.026114957432631
        0.242000000000000         0.026464520540372
        0.243000000000000         0.026818621560378
        0.244000000000000         0.027177363838277
        0.245000000000000         0.027540807377299
        0.246000000000000         0.027909008094228
        0.247000000000000         0.028282038440141
        0.248000000000000         0.028659976801626
        0.249000000000000         0.029039067164631
        0.250000000000000         0.029430411899270
        0.251000000000000         0.029822969907031
        0.252000000000000         0.030220642647868
        0.253000000000000         0.030623402465027
        0.254000000000000         0.031031287739482
        0.255000000000000         0.031444226001790
        0.256000000000000         0.031862701335054
        0.257000000000000         0.032286300633485
        0.258000000000000         0.032715234168518
        0.259000000000000         0.033149548613353
        0.260000000000000         0.033589316153867
        0.261000000000000         0.034034624343637
        0.262000000000000         0.034485171295045
        0.263000000000000         0.034941696029604
        0.264000000000000         0.035403851713855
        0.265000000000000         0.035871650035564
        0.266000000000000         0.036345473424745
        0.267000000000000         0.036824956350000
        0.268000000000000         0.037310327097322
        0.269000000000000         0.037801624887131
        0.270000000000000         0.038298952783801
        0.271000000000000         0.038802308070105
        0.272000000000000         0.039311811348406
        0.273000000000000         0.039827503842249
        0.274000000000000         0.040349424366412
        0.275000000000000         0.040877542869421
        0.276000000000000         0.041412161393734
        0.277000000000000         0.041953158801217
        0.278000000000000         0.042500686040286
        0.279000000000000         0.043054809940357
        0.280000000000000         0.043615524570723
        0.281000000000000         0.044182913203675
        0.282000000000000         0.044756920084830
        0.283000000000000         0.045337798501723
        0.284000000000000         0.045925745373879
        0.285000000000000         0.046520248881342
        0.286000000000000         0.047121920794580
        0.287000000000000         0.047730653879163
        0.288000000000000         0.048346525501559
        0.289000000000000         0.048969557106362
        0.290000000000000         0.049600001283829
        0.291000000000000         0.050237454276139
        0.292000000000000         0.050882584290979
        0.293000000000000         0.051535096274737
        0.294000000000000         0.052195159521258
        0.295000000000000         0.052862804442111
        0.296000000000000         0.053538127112805
        0.297000000000000         0.054221230685620
        0.298000000000000         0.054912115787914
        0.299000000000000         0.055610985234125
        0.300000000000000         0.056316118970257
