                   T[GeV]     seebeck_sigmae[GeV^2]
        0.040000000000000        -0.036453117572193
        0.041000000000000        -0.037998306132612
        0.042000000000000        -0.039536414719172
        0.043000000000000        -0.041063113452969
        0.044000000000000        -0.042575005438512
        0.045000000000000        -0.044069588390174
        0.046000000000000        -0.045545352006975
        0.047000000000000        -0.047001750686368
        0.048000000000000        -0.048439173366415
        0.049000000000000        -0.049859075368018
        0.050000000000000        -0.051263881640918
        0.051000000000000        -0.052657073259657
        0.052000000000000        -0.054043369581392
        0.053000000000000        -0.055428585005303
        0.054000000000000        -0.056820029470910
        0.055000000000000        -0.058226690817811
        0.056000000000000        -0.059659827974716
        0.057000000000000        -0.061133154629863
        0.058000000000000        -0.062663999543875
        0.059000000000000        -0.064274648642323
        0.060000000000000        -0.065994521795151
        0.061000000000000        -0.067863848465751
        0.062000000000000        -0.069940120225081
        0.062100000000000        -0.070162225205089
        0.062138461538461        -0.070248033415951
        0.062176923076923        -0.070335207659302
        0.062215384615385        -0.070421757814221
        0.062253846153846        -0.070509705688386
        0.062292307692308        -0.070597361261317
        0.062330769230769        -0.070686099718057
        0.062369230769231        -0.070774890233494
        0.062407692307692        -0.070864463332269
        0.062446153846154        -0.070954468941442
        0.062484615384615        -0.071044851053449
        0.062523076923077        -0.071136050909082
        0.062561538461539        -0.071227328871057
        0.062600000000000        -0.071319789135293
        0.062638461538462        -0.071411943528553
        0.062676923076923        -0.071505693849883
        0.062715384615385        -0.071598760275834
        0.062753846153846        -0.071693477396926
        0.062792307692308        -0.071787882221213
        0.062830769230769        -0.071883578221665
        0.062869230769231        -0.071979374501622
        0.062907692307692        -0.072076069443722
        0.062946153846154        -0.072173290109425
        0.062984615384615        -0.072271018483106
        0.063000000000000        -0.072310613624822
        0.063023076923077        -0.072369712839808
        0.063061538461539        -0.072468512072524
        0.063100000000000        -0.072568738421856
        0.063138461538462        -0.072668632933767
        0.063176923076923        -0.072770442400149
        0.063215384615385        -0.072871490436076
        0.063253846153846        -0.072974455541907
        0.063292307692308        -0.073077126886884
        0.063330769230769        -0.073181338390606
        0.063369230769231        -0.073285701588643
        0.063407692307692        -0.073391172127803
        0.063446153846154        -0.073497292259516
        0.063484615384615        -0.073604033504075
        0.063523076923077        -0.073711990916171
        0.063561538461539        -0.073820091290709
        0.063600000000000        -0.073929946671786
        0.063638461538462        -0.074039425597696
        0.063676923076923        -0.074151218407250
        0.063715384615385        -0.074262155873229
        0.063753846153846        -0.074375438188048
        0.063792307692308        -0.074488417258652
        0.063830769230769        -0.074603248186884
        0.063869230769231        -0.074718321788338
        0.063907692307692        -0.074834751951039
        0.063946153846154        -0.074952039219908
        0.063984615384615        -0.075070120114579
        0.064000000000000        -0.075118110034462
        0.064023076923077        -0.075189701321357
        0.064061538461539        -0.075309514686260
        0.064100000000000        -0.075431497697507
        0.064138461538462        -0.075553084427135
        0.064176923076923        -0.075677552234270
        0.064215384615385        -0.075801022728937
        0.064253846153846        -0.075927418012329
        0.064292307692308        -0.076053478221177
        0.064330769230769        -0.076181891314141
        0.064369230769231        -0.076310662291113
        0.064407692307692        -0.076441172880729
        0.064446153846154        -0.076572787702850
        0.064484615384615        -0.076705478855250
        0.064523076923077        -0.076840088568552
        0.064561538461539        -0.076975027089951
        0.064600000000000        -0.077112768999111
        0.064638461538462        -0.077250058811930
        0.064676923076923        -0.077391030887990
        0.064715384615385        -0.077530829275993
        0.064753846153846        -0.077674395169001
        0.064792307692308        -0.077817620271844
        0.064830769230769        -0.077963916718850
        0.064869230769231        -0.078110733730481
        0.064907692307692        -0.078259851472175
        0.064946153846154        -0.078410500302373
        0.064984615384615        -0.078562523466079
        0.065000000000000        -0.078624621432099
        0.065023076923077        -0.078717199008213
        0.065061538461539        -0.078872335764069
        0.065100000000000        -0.079031269390034
        0.065138461538462        -0.079189652083007
        0.065176923076923        -0.079352978981243
        0.065215384615385        -0.079514833931202
        0.065253846153846        -0.079681800038523
        0.065292307692308        -0.079848374898174
        0.065330769230769        -0.080019156130009
        0.065369230769231        -0.080190741911472
        0.065407692307692        -0.080365521237982
        0.065446153846154        -0.080542495088049
        0.065484615384615        -0.080721500058614
        0.065523076923077        -0.080904163434199
        0.065561538461539        -0.081087597507214
        0.065600000000000        -0.081276430175292
        0.065638461538462        -0.081464559168244
        0.065676923076923        -0.081659768936171
        0.065715384615385        -0.081852943929219
        0.065753846153846        -0.082053551097910
        0.065792307692308        -0.082253698981591
        0.065830769230769        -0.082460079948683
        0.065869230769231        -0.082667713923202
        0.065907692307692        -0.082880044203099
        0.065946153846154        -0.083095814753484
        0.065984615384615        -0.083314696724175
        0.066000000000000        -0.083404852960049
        0.066023076923077        -0.083539225065867
        0.066061538461539        -0.083764986300721
        0.066100000000000        -0.083999191544265
        0.066138461538461        -0.084232344696377
        0.066176923076923        -0.084476734566388
        0.066215384615385        -0.084718202009654
        0.066253846153846        -0.084971197798004
        0.066292307692308        -0.085223897445985
        0.066330769230769        -0.085486575262267
        0.066369230769231        -0.085751537933580
        0.066407692307692        -0.086024665397821
        0.066446153846154        -0.086303351321690
        0.066484615384615        -0.086587358741086
        0.066523076923077        -0.086881483508857
        0.066561538461539        -0.087177722720819
        0.066600000000000        -0.087488665353770
        0.066638461538461        -0.087797665935190
        0.066676923076923        -0.088127454327903
        0.066715384615385        -0.088451442005305
        0.066753846153846        -0.088798700676487
        0.066792307692308        -0.089144931155232
        0.066830769230769        -0.089512029502339
        0.066869230769231        -0.089883566771177
        0.066907692307692        -0.090272579889787
        0.066946153846154        -0.090673833851306
        0.066984615384615        -0.091087346312129
        0.067000000000000        -0.091263764680650
        0.067023076923077        -0.091523673477106
        0.067061538461539        -0.091965150079161
        0.067090000000000        -0.092322059010658
        0.067099357798165        -0.092436873124806
        0.067100000000000        -0.092444302180470
        0.067108715596330        -0.092547010361268
        0.067118073394495        -0.092660084845385
        0.067127431192660        -0.092776233011888
        0.067136788990826        -0.092895883172299
        0.067138461538461        -0.092917658926293
        0.067146146788991        -0.093018892536908
        0.067155504587156        -0.093145501817574
        0.067164862385321        -0.093275552079047
        0.067174220183486        -0.093409394026038
        0.067176923076923        -0.093448695859100
        0.067183577981651        -0.093534152916204
        0.067192935779816        -0.093654572911542
        0.067202293577982        -0.093779010208333
        0.067211651376147        -0.093907624537521
        0.067215384615385        -0.093960086802454
        0.067221009174312        -0.094040437862581
        0.067230366972477        -0.094177561603448
        0.067239724770642        -0.094319214599974
        0.067249082568807        -0.094465541597163
        0.067253846153846        -0.094541876988163
        0.067258440366972        -0.094616760470179
        0.067267798165138        -0.094753149713311
        0.067277155963303        -0.094886284122624
        0.067286513761468        -0.095024750010454
        0.067292307692308        -0.095113169233285
        0.067295871559633        -0.095168689824927
        0.067305229357798        -0.095318241430432
        0.067314587155963        -0.095473707735440
        0.067323944954128        -0.095635224137212
        0.067330769230769        -0.095756897763290
        0.067333302752294        -0.095803098490055
        0.067342660550459        -0.095977578466346
        0.067352018348624        -0.096127339713213
        0.067361376146789        -0.096276113510198
        0.067369230769231        -0.096406555040876
        0.067370733944954        -0.096432238000822
        0.067380091743119        -0.096596035653305
        0.067389449541284        -0.096767854261732
        0.067398807339450        -0.096948015614558
        0.067407692307692        -0.097127022584388
        0.067408165137615        -0.097136964977951
        0.067417522935780        -0.097335181306847
        0.067426880733945        -0.097543192084324
        0.067436238532110        -0.097706745689010
        0.067445596330275        -0.097873988929434
        0.067446153846154        -0.097883989705575
        0.067454954128440        -0.098052256532960
        0.067464311926605        -0.098242542573000
        0.067473669724771        -0.098445379286671
        0.067483027522936        -0.098661442857397
        0.067484615384615        -0.098699460078838
        0.067492385321101        -0.098891569003807
        0.067501743119266        -0.099136897110893
        0.067511100917431        -0.099398844290247
        0.067520458715596        -0.099565959745502
        0.067523076923077        -0.099615960585802
        0.067529816513761        -0.099749737966404
        0.067539174311927        -0.099953030746610
        0.067548532110092        -0.100177428306952
        0.067557889908257        -0.100425085852386
        0.067561538461539        -0.100528287479186
        0.067567247706422        -0.100697790976019
        0.067576605504587        -0.100998203549451
        0.067585963302752        -0.101329183560412
        0.067595321100917        -0.101669439140129
        0.067600000000000        -0.101706137455793
        0.067604678899083        -0.101752399764685
        0.067614036697248        -0.101876094445614
        0.067623394495413        -0.102046728460843
        0.067632752293578        -0.102269501847705
        0.067638461538461        -0.102435826746580
        0.067642110091743        -0.102555145980925
        0.067651467889908        -0.102914614581935
        0.067660825688073        -0.103362887963427
        0.067670183486239        -0.103919896760806
        0.067676923076923        -0.104404532196798
        0.067679541284404        -0.104249734368167
        0.067688899082569        -0.102970703740109
        0.067698256880734        -0.101911000495106
        0.067707614678899        -0.101048175866566
        0.067715384615385        -0.132863664231369
        0.067716972477064        -0.143145822466604
        0.067726330275229        -0.165683305615133
        0.067735688073395        -0.174392305273886
        0.067745045871560        -0.178783796434130
        0.067753846153846        -0.180789104810493
        0.067754403669725        -0.180869508327820
        0.067763761467890        -0.182690897359195
        0.067773119266055        -0.187030691645218
        0.067782477064220        -0.190750430917741
        0.067791834862385        -0.193986939637081
        0.067792307692308        -0.194139439142201
        0.067801192660550        -0.196833264930372
        0.067810550458716        -0.199356671573974
        0.067819908256881        -0.201607714514861
        0.067829266055046        -0.203625227069907
        0.067830769230769        -0.203929607208759
        0.067838623853211        -0.205439775733928
        0.067847981651376        -0.207234941336497
        0.067857339449541        -0.209163492935575
        0.067866697247706        -0.210958265028019
        0.067869230769231        -0.211422938494354
        0.067876055045872        -0.212632606936466
        0.067885412844037        -0.214198257605521
        0.067894770642202        -0.215664282262583
        0.067904128440367        -0.217039787816489
        0.067907692307692        -0.217541136066885
        0.067913486238532        -0.218331710124690
        0.067922844036697        -0.219546620550973
        0.067932201834862        -0.220770791926471
        0.067941559633028        -0.222028081502229
        0.067946153846154        -0.222624014669737
        0.067950917431193        -0.223225518575631
        0.067960275229358        -0.224366991020403
        0.067969633027523        -0.225456030486142
        0.067978990825688        -0.226495695676644
        0.067984615384615        -0.227098561242368
        0.067988348623853        -0.227489020882510
        0.067997706422018        -0.228438493391031
        0.068000000000000        -0.228664848325666
        0.068007064220184        -0.229346675983112
        0.068016422018349        -0.230271111052591
        0.068023076923077        -0.230939419932675
        0.068025779816514        -0.231205453782611
        0.068035137614679        -0.232105406724283
        0.068044495412844        -0.232972323255217
        0.068053853211009        -0.233807629144280
        0.068061538461539        -0.234471892313170
        0.068063211009174        -0.234613684877270
        0.068072568807340        -0.235391238923914
        0.068081926605505        -0.236141557853861
        0.068091284403670        -0.236865768538107
        0.068100000000000        -0.237556217785054
        0.068100642201835        -0.237608014576678
        0.068110000000000        -0.238352811867152
        0.068138461538461        -0.240475362126188
        0.068176923076923        -0.243053887578203
        0.068215384615385        -0.245533474606720
        0.068253846153846        -0.247766131325310
        0.068292307692308        -0.249898752065561
        0.068330769230769        -0.251865721147951
        0.068369230769231        -0.253734086148790
        0.068407692307692        -0.255489704866759
        0.068446153846154        -0.257149825887803
        0.068484615384615        -0.258733559977882
        0.068523076923077        -0.260225274347173
        0.068561538461538        -0.261666654150687
        0.068600000000000        -0.263019488688474
        0.068638461538461        -0.264340658723515
        0.068676923076923        -0.265578551893542
        0.068715384615385        -0.266795504429023
        0.068753846153846        -0.267942090398141
        0.068792307692308        -0.269061980759468
        0.068830769230769        -0.270128931616452
        0.068869230769231        -0.271164714562944
        0.068907692307692        -0.272161381683135
        0.068946153846154        -0.273124675800986
        0.068984615384615        -0.274059585185524
        0.069000000000000        -0.274420419980482
        0.069023076923077        -0.274958638448050
        0.069061538461538        -0.275838206750761
        0.069100000000000        -0.276680465021270
        0.069138461538461        -0.277510510776760
        0.069176923076923        -0.278303037805038
        0.069215384615385        -0.279087325258659
        0.069253846153846        -0.279838379435543
        0.069292307692308        -0.280577891722819
        0.069330769230769        -0.281291568919006
        0.069369230769231        -0.281990581948418
        0.069407692307692        -0.282669871145454
        0.069446153846154        -0.283332128901953
        0.069484615384615        -0.283979929728667
        0.069523076923077        -0.284608703319700
        0.069561538461538        -0.285227384261593
        0.069600000000000        -0.285825476248943
        0.069638461538461        -0.286417563274849
        0.069676923076923        -0.286988109420560
        0.069715384615385        -0.287554596072765
        0.069753846153846        -0.288101750535767
        0.069792307692308        -0.288642531080933
        0.069830769230769        -0.289168025548779
        0.069869230769231        -0.289684968044620
        0.069907692307692        -0.290190504656473
        0.069946153846154        -0.290685097267072
        0.069984615384615        -0.291171335073512
        0.070000000000000        -0.291361321876808
        0.070023076923077        -0.291645679688807
        0.070061538461538        -0.292114097664535
        0.070100000000000        -0.292569883966875
        0.070138461538461        -0.293021618640719
        0.070176923076923        -0.293459530740991
        0.070215384615385        -0.293894928048541
        0.070253846153846        -0.294317954998831
        0.070292307692308        -0.294736930568098
        0.070330769230769        -0.295145842154284
        0.070369230769231        -0.295549284098304
        0.070407692307692        -0.295944836424665
        0.070446153846154        -0.296333661050016
        0.070484615384615        -0.296716263587140
        0.070523076923077        -0.297091826485044
        0.070561538461538        -0.297462832718196
        0.070600000000000        -0.297824736066671
        0.070638461538461        -0.298184457022752
        0.070676923076923        -0.298534576355320
        0.070715384615385        -0.298883061056611
        0.070753846153846        -0.299222573739957
        0.070792307692308        -0.299559535450199
        0.070830769230769        -0.299889407287386
        0.070869230769231        -0.300215452553296
        0.070907692307692        -0.300535949193481
        0.070946153846154        -0.300851598470941
        0.070984615384615        -0.301163177407618
        0.071000000000000        -0.301285598249443
        0.071023076923077        -0.301468836670890
        0.071061538461538        -0.301771797178676
        0.071100000000000        -0.302068176352494
        0.071138461538461        -0.302362953033050
        0.071176923076923        -0.302650364885507
        0.071215384615385        -0.302936965483582
        0.071253846153846        -0.303217168319433
        0.071292307692308        -0.303495334839977
        0.071330769230769        -0.303768158346011
        0.071369230769231        -0.304038121347667
        0.071407692307692        -0.304303984397493
        0.071446153846154        -0.304566508018129
        0.071484615384615        -0.304826123426947
        0.071523076923077        -0.305080478540078
        0.071561538461538        -0.305333148565368
        0.071600000000000        -0.305580729016446
        0.071638461538461        -0.305827086649405
        0.071676923076923        -0.306068061091047
        0.071715384615385        -0.306308214282656
        0.071753846153846        -0.306543113217731
        0.071792307692308        -0.306776833431161
        0.071830769230769        -0.307006441128893
        0.071869230769231        -0.307233858280161
        0.071907692307692        -0.307458054755044
        0.071946153846154        -0.307679472020394
        0.071984615384615        -0.307898485987245
        0.072000000000000        -0.307984766055185
        0.072023076923077        -0.308114001930036
        0.072061538461538        -0.308327811068693
        0.072100000000000        -0.308537710128413
        0.073000000000000        -0.312799875045866
        0.074000000000000        -0.315583437651169
        0.075000000000000        -0.317796934903148
        0.076000000000000        -0.319650852134263
        0.077000000000000        -0.321166841946486
        0.078000000000000        -0.322407835818240
        0.079000000000000        -0.323429546162621
        0.080000000000000        -0.324274348301758
        0.081000000000000        -0.324975556132631
        0.082000000000000        -0.325558031748063
        0.083000000000000        -0.326043942278771
        0.084000000000000        -0.326449155446744
        0.085000000000000        -0.326784918836557
        0.086000000000000        -0.327062172915903
        0.087000000000000        -0.327288015267983
        0.088000000000000        -0.327468771215671
        0.089000000000000        -0.327611570834768
        0.090000000000000        -0.327736207765005
        0.091000000000000        -0.327841658431955
        0.092000000000000        -0.327930241224750
        0.093000000000000        -0.328004391580828
        0.094000000000000        -0.328066068772430
        0.095000000000000        -0.328119488795000
        0.096000000000000        -0.328163991424578
        0.097000000000000        -0.328202966522829
        0.098000000000000        -0.328237503215002
        0.099000000000000        -0.328269151551895
        0.100000000000000        -0.328299104130070
        0.101000000000000        -0.328328492549969
        0.102000000000000        -0.328358218107670
        0.103000000000000        -0.328389432533248
        0.104000000000000        -0.328422954721412
        0.105000000000000        -0.328458664762046
        0.106000000000000        -0.328498912466752
        0.107000000000000        -0.328543119339749
        0.108000000000000        -0.328591776237642
        0.109000000000000        -0.328645877916865
        0.110000000000000        -0.328705922502917
        0.111000000000000        -0.328771341059164
        0.112000000000000        -0.328843550947196
        0.113000000000000        -0.328922658812758
        0.114000000000000        -0.329008697567400
        0.115000000000000        -0.329101845742451
        0.116000000000000        -0.329203517975652
        0.117000000000000        -0.329312531080981
        0.118000000000000        -0.329429521001623
        0.119000000000000        -0.329555042288752
        0.120000000000000        -0.329688297601489
        0.121000000000000        -0.329826201237204
        0.122000000000000        -0.329980215957706
        0.123000000000000        -0.330139719426274
        0.124000000000000        -0.330308216309633
        0.125000000000000        -0.330485259391009
        0.126000000000000        -0.330670914600148
        0.127000000000000        -0.330865596620539
        0.128000000000000        -0.331069258728163
        0.129000000000000        -0.331281497138648
        0.130000000000000        -0.331503129659028
        0.131000000000000        -0.331733339715151
        0.132000000000000        -0.331971853095246
        0.133000000000000        -0.332219505957872
        0.134000000000000        -0.332475247852437
        0.135000000000000        -0.332740839795952
        0.136000000000000        -0.333014989595283
        0.137000000000000        -0.333296999028813
        0.138000000000000        -0.333587920711179
        0.139000000000000        -0.333887814335961
        0.140000000000000        -0.334195920329129
        0.141000000000000        -0.334509477622594
        0.142000000000000        -0.334833973012848
        0.143000000000000        -0.335164218294773
        0.144000000000000        -0.335503158007182
        0.145000000000000        -0.335848419490364
        0.146000000000000        -0.336200447353877
        0.147000000000000        -0.336561543742804
        0.148000000000000        -0.336934032445598
        0.149000000000000        -0.337307757527509
        0.150000000000000        -0.337692347652220
        0.151000000000000        -0.338084286323286
        0.152000000000000        -0.338483115914638
        0.153000000000000        -0.338887993307135
        0.154000000000000        -0.339299878128552
        0.155000000000000        -0.339732557618016
        0.156000000000000        -0.340156349366898
        0.157000000000000        -0.340588817401900
        0.158000000000000        -0.341029738287793
        0.159000000000000        -0.341473937698153
        0.160000000000000        -0.341909276357009
        0.161000000000000        -0.342367450447806
        0.162000000000000        -0.342831034906517
        0.163000000000000        -0.343329331505217
        0.164000000000000        -0.343805035125332
        0.165000000000000        -0.344291836593227
        0.166000000000000        -0.344773466901321
        0.167000000000000        -0.345266806801752
        0.168000000000000        -0.345766514542851
        0.169000000000000        -0.346279480908880
        0.170000000000000        -0.346800470000790
        0.171000000000000        -0.347315872484757
        0.172000000000000        -0.347839766647879
        0.173000000000000        -0.348374805247930
        0.174000000000000        -0.348908271111244
        0.175000000000000        -0.349438589572402
        0.176000000000000        -0.349998480041356
        0.177000000000000        -0.350552144007103
        0.178000000000000        -0.351118906835811
        0.179000000000000        -0.351687778020165
        0.180000000000000        -0.352265263062605
        0.181000000000000        -0.352842034094905
        0.182000000000000        -0.353425029060701
        0.183000000000000        -0.354003196927683
        0.184000000000000        -0.354613267304004
        0.185000000000000        -0.355227451197145
        0.186000000000000        -0.355837042368035
        0.187000000000000        -0.356441573606762
        0.188000000000000        -0.357091555750908
        0.189000000000000        -0.357702922420100
        0.190000000000000        -0.358372723206867
        0.191000000000000        -0.359008990900231
        0.192000000000000        -0.359656491103779
        0.193000000000000        -0.360309870467823
        0.194000000000000        -0.361001639129244
        0.195000000000000        -0.361676809873169
        0.196000000000000        -0.362359849987012
        0.197000000000000        -0.363056591056638
        0.198000000000000        -0.363760495862682
        0.199000000000000        -0.364478693928057
        0.200000000000000        -0.365219778669384
        0.201000000000000        -0.365965738233551
        0.202000000000000        -0.366706402058174
        0.203000000000000        -0.367446034570272
        0.204000000000000        -0.368242024309518
        0.205000000000000        -0.369014808358453
        0.206000000000000        -0.369783683306728
        0.207000000000000        -0.370616793023502
        0.208000000000000        -0.371412252684208
        0.209000000000000        -0.372230315249176
        0.210000000000000        -0.373066408735751
        0.211000000000000        -0.373917922899663
        0.212000000000000        -0.374783153005676
        0.213000000000000        -0.375683585660041
        0.214000000000000        -0.376531530240549
        0.215000000000000        -0.377466143274209
        0.216000000000000        -0.378381929636642
        0.217000000000000        -0.379356590601015
        0.218000000000000        -0.380295780723109
        0.219000000000000        -0.381267409742615
        0.220000000000000        -0.382265655447163
        0.221000000000000        -0.383282026932204
        0.222000000000000        -0.384285643514760
        0.223000000000000        -0.385359854348176
        0.224000000000000        -0.386394421747960
        0.225000000000000        -0.387498261070265
        0.226000000000000        -0.388616750160939
        0.227000000000000        -0.389764915404984
        0.228000000000000        -0.390895574671555
        0.229000000000000        -0.392109457889185
        0.230000000000000        -0.393306239482274
        0.231000000000000        -0.394522564423548
        0.232000000000000        -0.395771346445926
        0.233000000000000        -0.397088342961509
        0.234000000000000        -0.398392168209136
        0.235000000000000        -0.399711072233147
        0.236000000000000        -0.401143405714090
        0.237000000000000        -0.402521222034765
        0.238000000000000        -0.403991289228298
        0.239000000000000        -0.405429927947039
        0.240000000000000        -0.406984597064683
        0.241000000000000        -0.408474364698381
        0.242000000000000        -0.410043273460159
        0.243000000000000        -0.411690472485656
        0.244000000000000        -0.413367443667205
        0.245000000000000        -0.415058214852507
        0.246000000000000        -0.416786280954778
        0.247000000000000        -0.418605441184929
        0.248000000000000        -0.420438470388205
        0.249000000000000        -0.422314438856051
        0.250000000000000        -0.424265613466585
        0.251000000000000        -0.426229551853673
        0.252000000000000        -0.428246786849663
        0.253000000000000        -0.430341722246430
        0.254000000000000        -0.432452648410340
        0.255000000000000        -0.434644748507689
        0.256000000000000        -0.436853757225084
        0.257000000000000        -0.439134165403803
        0.258000000000000        -0.441439990082842
        0.259000000000000        -0.443764795258873
        0.260000000000000        -0.446080743224836
        0.261000000000000        -0.448361037227507
        0.262000000000000        -0.450628140546911
        0.263000000000000        -0.452902709521521
        0.264000000000000        -0.455175988109728
        0.265000000000000        -0.457449907533790
        0.266000000000000        -0.459737968492857
        0.267000000000000        -0.462037406988531
        0.268000000000000        -0.464350489198364
        0.269000000000000        -0.466678846606726
        0.270000000000000        -0.469024313613807
        0.271000000000000        -0.471385593658108
        0.272000000000000        -0.473763796489730
        0.273000000000000        -0.476158377153953
        0.274000000000000        -0.478575126592441
        0.275000000000000        -0.481009959286563
        0.276000000000000        -0.483462646529411
        0.277000000000000        -0.485938152468245
        0.278000000000000        -0.488431934342239
        0.279000000000000        -0.490946173521061
        0.280000000000000        -0.493480909985974
        0.281000000000000        -0.496037712308789
        0.282000000000000        -0.498618949110705
        0.283000000000000        -0.501219498707306
        0.284000000000000        -0.503843745226815
        0.285000000000000        -0.506489165453768
        0.286000000000000        -0.509153086085559
        0.287000000000000        -0.511842348876283
        0.288000000000000        -0.514559456890115
        0.289000000000000        -0.517295383860268
        0.290000000000000        -0.520053804003753
        0.291000000000000        -0.522834142131190
        0.292000000000000        -0.525648767213219
        0.293000000000000        -0.528474365230698
        0.294000000000000        -0.531329146484845
        0.295000000000000        -0.534208344091667
        0.296000000000000        -0.537111844706840
        0.297000000000000        -0.540040928637608
        0.298000000000000        -0.542987358422858
        0.299000000000000        -0.545973163579793
        0.300000000000000        -0.548976766779370
