                   T[GeV]                eta[GeV^3]
        0.120000000000000         0.019616345847302
        0.121000000000000         0.019996595364174
        0.122000000000000         0.020384035363115
        0.123000000000000         0.020778484777400
        0.124000000000000         0.021180189251247
        0.125000000000000         0.021589291577455
        0.126000000000000         0.022005949666022
        0.127000000000000         0.022430330509966
        0.128000000000000         0.022862636347003
        0.129000000000000         0.023302914679966
        0.130000000000000         0.023751485818207
        0.131000000000000         0.024208418752824
        0.132000000000000         0.024674082046376
        0.133000000000000         0.025148632831250
        0.134000000000000         0.025632324425490
        0.135000000000000         0.026125422665161
        0.136000000000000         0.026628223132897
        0.137000000000000         0.027141045389602
        0.138000000000000         0.027664237937996
        0.139000000000000         0.028198191878313
        0.140000000000000         0.028743328717471
        0.141000000000000         0.029300148730664
        0.142000000000000         0.029869162101552
        0.143000000000000         0.030450950382979
        0.144000000000000         0.031046334014952
        0.145000000000000         0.031655690044772
        0.146000000000000         0.032280104401499
        0.147000000000000         0.032920516718700
        0.148000000000000         0.033577675730870
        0.149000000000000         0.034252418272903
        0.150000000000000         0.034945307044705
        0.151000000000000         0.035656352394337
        0.152000000000000         0.036383561503546
        0.153000000000000         0.037121224623820
        0.153166666666667         0.037244437990008
        0.153333333333333         0.037367511622340
        0.153500000000000         0.037490226608420
        0.153666666666667         0.037612590456452
        0.153833333333333         0.037734362924809
        0.154000000000000         0.037855368765724
        0.154166666666667         0.037975392487307
        0.154333333333333         0.038094059639950
        0.154500000000000         0.038211448925220
        0.154666666666667         0.038326720849694
        0.154833333333333         0.038439660172918
        0.155000000000000         0.038549894677994
        0.155166666666667         0.038656599034002
        0.155333333333333         0.038758990001903
        0.155500000000000         0.038856401369506
        0.155666666666667         0.038947828542348
        0.155833333333333         0.039031497304034
        0.156000000000000         0.039106337994715
        0.156166666666667         0.039170430963039
        0.156333333333333         0.039221915162947
        0.156500000000000         0.039259464548033
        0.156666666666667         0.039286541708156
        0.156833333333333         0.039337334929870
        0.157000000000000         0.039423421384166
        0.157166666666667         0.039528648012261
        0.157333333333333         0.039648341531491
        0.157500000000000         0.039779876935974
        0.157666666666667         0.039921960807952
        0.157833333333333         0.040072987415733
        0.158000000000000         0.040232149278373
        0.158166666666667         0.040398702499631
        0.158333333333333         0.040571849387286
        0.158500000000000         0.040750925230974
        0.158666666666667         0.040935300525541
        0.158833333333333         0.041124339428546
        0.159000000000000         0.041317631526863
        0.159166666666667         0.041514366375601
        0.159333333333333         0.041713872186512
        0.159500000000000         0.041915720992050
        0.159666666666667         0.042119165033674
        0.159833333333333         0.042323814223496
        0.160000000000000         0.042528612147171
        0.160166666666667         0.042733286068435
        0.160333333333333         0.042936902045628
        0.160500000000000         0.043139289087246
        0.160666666666667         0.043339744595188
        0.160833333333333         0.043537399163236
        0.161000000000000         0.043731919323465
        0.161166666666667         0.043922713556065
        0.161333333333333         0.044109415597947
        0.161500000000000         0.044291300306231
        0.161666666666667         0.044468114373435
        0.161833333333333         0.044639438117521
        0.162000000000000         0.044804942393795
        0.162166666666667         0.044964316100692
        0.162333333333333         0.045117087722496
        0.162500000000000         0.045263306335560
        0.162666666666667         0.045402564985470
        0.162833333333333         0.045534911569002
        0.163000000000000         0.045659909364301
        0.163166666666667         0.045777691311861
        0.163333333333333         0.045888030461326
        0.163500000000000         0.045990874489857
        0.163666666666667         0.046086111147067
        0.163833333333333         0.046173701624172
        0.164000000000000         0.046253579106075
        0.164166666666667         0.046325621632884
        0.164333333333333         0.046389708897570
        0.164500000000000         0.046445502227853
        0.164666666666667         0.046492029832455
        0.164833333333333         0.046527835115009
        0.165000000000000         0.046544896225028
        0.165166666666667         0.046520169884410
        0.165333333333333         0.046555558535494
        0.165500000000000         0.046540669616566
        0.165666666666667         0.046489810359698
        0.165833333333333         0.046445464534999
        0.166000000000000         0.046414291780898
        0.166166666666667         0.046363260664321
        0.166333333333333         0.046303166893020
        0.166500000000000         0.046233663063718
        0.166666666666667         0.046154339181679
        0.166833333333333         0.046064553328196
        0.167000000000000         0.045963593859113
        0.167166666666667         0.045850306479483
        0.167333333333333         0.045724074594130
        0.167500000000000         0.045584001890107
        0.167666666666667         0.045431266610258
        0.167833333333333         0.045276499074924
        0.168000000000000         0.045163311958486
        0.168166666666667         0.045076641294845
        0.168333333333333         0.045004225521547
        0.168500000000000         0.044941625308793
        0.168666666666667         0.044886014546538
        0.168833333333333         0.044834637526030
        0.169000000000000         0.044786334893068
        0.169166666666667         0.044739456657282
        0.169333333333333         0.044692565035608
        0.169500000000000         0.044644264996006
        0.169666666666667         0.044593175483330
        0.169833333333333         0.044537477758885
        0.170000000000000         0.044475146490815
        0.170166666666667         0.044403895561490
        0.170333333333333         0.044320006223299
        0.170500000000000         0.044220436989583
        0.170666666666667         0.044097472489458
        0.170833333333333         0.043941448145387
        0.171000000000000         0.043735318244805
        0.171166666666667         0.043445304746801
        0.171333333333333         0.043025624569246
        0.171500000000000         0.042612851354683
        0.171666666666667         0.042387853955154
        0.171833333333333         0.042228237666922
        0.172000000000000         0.042111244776984
        0.172166666666667         0.042024942161984
        0.172333333333333         0.041963032324570
        0.172500000000000         0.041920260690866
        0.172666666666667         0.041894262815003
        0.172833333333333         0.041882345710628
        0.173000000000000         0.041882290590741
        0.173166666666667         0.041893128330591
        0.173333333333333         0.041913460753691
        0.173500000000000         0.041942085476931
        0.173666666666667         0.041978606607106
        0.173833333333333         0.042022011833394
        0.174000000000000         0.042071823411412
        0.174166666666667         0.042127446147494
        0.174333333333333         0.042188329251672
        0.174500000000000         0.042254413780305
        0.174666666666667         0.042325356606366
        0.174833333333333         0.042400395427783
        0.175000000000000         0.042479424106268
        0.175166666666667         0.042562392258645
        0.175333333333333         0.042648911259891
        0.175500000000000         0.042738838543355
        0.175666666666667         0.042832009617976
        0.175833333333333         0.042928243791958
        0.176000000000000         0.043027354980881
        0.176166666666667         0.043129329025956
        0.176333333333333         0.043233880036035
        0.176500000000000         0.043340501421880
        0.176666666666667         0.043450295411648
        0.176833333333333         0.043561938047699
        0.177000000000000         0.043675679870188
        0.177166666666667         0.043791780255412
        0.177333333333333         0.043910125727402
        0.177500000000000         0.044030298901436
        0.177666666666667         0.044152375435810
        0.177833333333333         0.044276378001954
        0.178000000000000         0.044402085027320
        0.179000000000000         0.045191431497473
        0.180000000000000         0.046034661524694
        0.181000000000000         0.046925176029710
        0.182000000000000         0.047858168223494
        0.183000000000000         0.048830738894011
        0.184000000000000         0.049840388069086
        0.185000000000000         0.050885423698430
        0.186000000000000         0.051964614606134
        0.187000000000000         0.053076908609840
        0.188000000000000         0.054221960572112
        0.189000000000000         0.055399054316642
        0.190000000000000         0.056608102181165
        0.191000000000000         0.057849126372593
        0.192000000000000         0.059121804731211
        0.193000000000000         0.060426517699108
        0.194000000000000         0.061763100698995
        0.195000000000000         0.063132132373526
        0.196000000000000         0.064533507511146
        0.197000000000000         0.065967992103807
        0.198000000000000         0.067436044264744
        0.199000000000000         0.068939151286064
        0.200000000000000         0.070472268690338
        0.201000000000000         0.072041585802067
        0.202000000000000         0.073645876614279
        0.203000000000000         0.075286208190407
        0.204000000000000         0.076961681355764
        0.205000000000000         0.078674033966819
        0.206000000000000         0.080424030785189
        0.207000000000000         0.082211168380060
        0.208000000000000         0.084036228276987
        0.209000000000000         0.085899907535265
        0.210000000000000         0.087804844792492
        0.211000000000000         0.089748243319995
        0.212000000000000         0.091730120407648
        0.213000000000000         0.093755685309431
        0.214000000000000         0.095823140166579
        0.215000000000000         0.097932475509810
        0.216000000000000         0.100087810104588
        0.217000000000000         0.102285777851846
        0.218000000000000         0.104523140193615
        0.219000000000000         0.106809888775020
        0.220000000000000         0.109117451700677
        0.221000000000000         0.111521699508301
        0.222000000000000         0.113948358960702
        0.223000000000000         0.116423713851613
        0.224000000000000         0.118950469137354
        0.225000000000000         0.121516270255490
        0.226000000000000         0.124141712624260
        0.227000000000000         0.126819530002597
        0.228000000000000         0.129561683549187
        0.229000000000000         0.132330030974696
        0.230000000000000         0.135156685552213
        0.231000000000000         0.138049610125324
        0.232000000000000         0.140983561690421
        0.233000000000000         0.143986155185313
        0.234000000000000         0.147039766529276
        0.235000000000000         0.150144273012837
        0.236000000000000         0.153324520871688
        0.237000000000000         0.156540583132973
        0.238000000000000         0.159840871200658
        0.239000000000000         0.163179188161771
        0.240000000000000         0.166591325431234
        0.241000000000000         0.170063698081684
        0.242000000000000         0.173603028835789
        0.243000000000000         0.177201136672117
        0.244000000000000         0.180868426749777
        0.245000000000000         0.184604096655554
        0.246000000000000         0.188410546130616
        0.247000000000000         0.192273127864382
        0.248000000000000         0.196221286848499
        0.249000000000000         0.200241900617665
        0.250000000000000         0.204338672254685
        0.251000000000000         0.208521341482404
        0.252000000000000         0.212802772793999
        0.253000000000000         0.217175414210769
        0.254000000000000         0.221641912370074
        0.255000000000000         0.226202204439802
        0.256000000000000         0.230855176484101
        0.257000000000000         0.235600662446249
        0.258000000000000         0.240441497386342
        0.259000000000000         0.245377569684273
        0.260000000000000         0.250411164841391
        0.261000000000000         0.255541411879331
        0.262000000000000         0.260773250437254
        0.263000000000000         0.266106133839714
        0.264000000000000         0.271541428176483
        0.265000000000000         0.277081167515270
        0.266000000000000         0.282726727720820
        0.267000000000000         0.288479666373891
        0.268000000000000         0.294341899735624
        0.269000000000000         0.300314857984134
        0.270000000000000         0.306399942676169
        0.271000000000000         0.312600627136484
        0.272000000000000         0.318918263457038
        0.273000000000000         0.325353010088914
        0.274000000000000         0.331908154392840
        0.275000000000000         0.338584539508453
        0.276000000000000         0.345385364793393
        0.277000000000000         0.352311739885177
        0.278000000000000         0.359366640998659
        0.279000000000000         0.366548670140266
        0.280000000000000         0.373865615351890
        0.281000000000000         0.381318005672227
        0.282000000000000         0.388904272894990
        0.283000000000000         0.396628452350710
        0.284000000000000         0.404493197319447
        0.285000000000000         0.412499913879554
        0.286000000000000         0.420651362364857
        0.287000000000000         0.428949847951728
        0.288000000000000         0.437397555566973
        0.289000000000000         0.445996615536117
        0.290000000000000         0.454746894745875
        0.291000000000000         0.463658815603413
        0.292000000000000         0.472726594171006
        0.293000000000000         0.481953762549838
        0.294000000000000         0.491347495153514
        0.295000000000000         0.500904990272470
        0.296000000000000         0.510631663258840
        0.297000000000000         0.520529635760340
        0.298000000000000         0.530599618215481
        0.299000000000000         0.540843645586250
        0.300000000000000         0.551274241773820
