                   T[GeV]                eta[GeV^3]
        0.120000000000000         0.017155497140326
        0.121000000000000         0.017483981609015
        0.122000000000000         0.017817989475051
        0.123000000000000         0.018157594184328
        0.124000000000000         0.018502754743452
        0.125000000000000         0.018853676309636
        0.126000000000000         0.019210311943053
        0.127000000000000         0.019572754166523
        0.128000000000000         0.019940996573478
        0.129000000000000         0.020315096600992
        0.130000000000000         0.020695262470824
        0.131000000000000         0.021081307943451
        0.132000000000000         0.021473401451099
        0.133000000000000         0.021871607808423
        0.134000000000000         0.022276077205336
        0.135000000000000         0.022686974452735
        0.135166666666667         0.022756092574233
        0.135333333333333         0.022825398581836
        0.135500000000000         0.022894902781637
        0.135666666666667         0.022964609525793
        0.135833333333333         0.023034551851362
        0.136000000000000         0.023104709879288
        0.136166666666667         0.023174122682749
        0.136333333333333         0.023245445251346
        0.136500000000000         0.023316190522944
        0.136666666666667         0.023387109410951
        0.136833333333333         0.023458288254942
        0.137000000000000         0.023529679811140
        0.137166666666667         0.023601327001804
        0.137333333333333         0.023673207589902
        0.137500000000000         0.023745360500050
        0.137666666666667         0.023817779617160
        0.137833333333333         0.023890459598001
        0.138000000000000         0.023963428382787
        0.138166666666667         0.024036684251527
        0.138333333333333         0.024110300625868
        0.138500000000000         0.024184246274707
        0.138666666666667         0.024258528740144
        0.138833333333333         0.024333224672420
        0.139000000000000         0.024408311440058
        0.139166666666667         0.024483828143481
        0.139333333333333         0.024559805714062
        0.139500000000000         0.024636321501469
        0.139666666666667         0.024713350978652
        0.139833333333333         0.024791032662407
        0.140000000000000         0.024869228995863
        0.140166666666667         0.024948291163727
        0.140333333333333         0.025027991742153
        0.140500000000000         0.025108570153031
        0.140666666666667         0.025190020539090
        0.140833333333333         0.025272385575497
        0.141000000000000         0.025355678535463
        0.141166666666667         0.025439915049933
        0.141333333333333         0.025524984838957
        0.141500000000000         0.025610655567180
        0.141666666666667         0.025696553987809
        0.141833333333333         0.025781750992237
        0.142000000000000         0.025864787985425
        0.142166666666667         0.025943015043531
        0.142333333333333         0.026011505486420
        0.142500000000000         0.026062622843711
        0.142666666666667         0.026094940519528
        0.142833333333333         0.026192009705933
        0.143000000000000         0.026375683565617
        0.143166666666667         0.026624871322808
        0.143333333333333         0.026937101786123
        0.143500000000000         0.027311203468481
        0.143666666666667         0.027744032449020
        0.143833333333333         0.028229108096436
        0.144000000000000         0.028755188152223
        0.144166666666667         0.029307287943328
        0.144333333333333         0.029868265033756
        0.144500000000000         0.030421447145623
        0.144666666666667         0.030952406304348
        0.144833333333333         0.031450636013219
        0.145000000000000         0.031908774309649
        0.145166666666667         0.032323611194433
        0.145333333333333         0.032694089477103
        0.145500000000000         0.033021563425361
        0.145666666666667         0.033307995960224
        0.145833333333333         0.033555808833544
        0.146000000000000         0.033768158068228
        0.146166666666667         0.033947615176533
        0.146333333333333         0.034096943310508
        0.146500000000000         0.034218413010072
        0.146666666666667         0.034314410447785
        0.146833333333333         0.034385626735382
        0.147000000000000         0.034434568034090
        0.147166666666667         0.034461934981858
        0.147333333333333         0.034468329443193
        0.147500000000000         0.034454118975478
        0.147666666666667         0.034419139555243
        0.147833333333333         0.034363042222005
        0.148000000000000         0.034284464316999
        0.148166666666667         0.034182257599552
        0.148333333333333         0.034049062249117
        0.148500000000000         0.033901847835252
        0.148666666666667         0.033741329361818
        0.148833333333333         0.033639293245667
        0.149000000000000         0.033557980397677
        0.149166666666667         0.033487042475696
        0.149333333333333         0.033423109486675
        0.149500000000000         0.033363770479106
        0.149666666666667         0.033307352781743
        0.149833333333333         0.033251945815424
        0.150000000000000         0.033197777624120
        0.150166666666667         0.033142197605648
        0.150333333333333         0.033084682097064
        0.150500000000000         0.033023749482448
        0.150666666666667         0.032957897165970
        0.150833333333333         0.032885318575171
        0.151000000000000         0.032803763896963
        0.151166666666667         0.032709907538797
        0.151333333333333         0.032599619021833
        0.151500000000000         0.032466126894840
        0.151666666666667         0.032299475130361
        0.151833333333333         0.032080386037556
        0.152000000000000         0.031770272903231
        0.152166666666667         0.031311365388889
        0.152333333333333         0.031016571526765
        0.152500000000000         0.030827030220422
        0.152666666666667         0.030690553480978
        0.152833333333333         0.030589656909450
        0.153000000000000         0.030516252904260
        0.153166666666667         0.030461557264443
        0.153333333333333         0.030425291329081
        0.153500000000000         0.030402852381766
        0.153666666666667         0.030392501772118
        0.153833333333333         0.030392748609146
        0.154000000000000         0.030401718419734
        0.154166666666667         0.030418997387937
        0.154333333333333         0.030443284947025
        0.154500000000000         0.030474200337509
        0.154666666666667         0.030510926358638
        0.154833333333333         0.030552911877741
        0.155000000000000         0.030599663037402
        0.155166666666667         0.030651120819464
        0.155333333333333         0.030706588034964
        0.155500000000000         0.030765864340482
        0.155666666666667         0.030828561898693
        0.155833333333333         0.030894750847614
        0.156000000000000         0.030963955066424
        0.156166666666667         0.031036169201175
        0.156333333333333         0.031111011888613
        0.156500000000000         0.031188568188309
        0.156666666666667         0.031268275542605
        0.156833333333333         0.031350491213941
        0.157000000000000         0.031434755475571
        0.157166666666667         0.031521072455795
        0.157333333333333         0.031609580732729
        0.157500000000000         0.031699970807759
        0.157666666666667         0.031791731206967
        0.157833333333333         0.031885879260606
        0.158000000000000         0.031981344217018
        0.158166666666667         0.032078381480958
        0.158333333333333         0.032177114099934
        0.158500000000000         0.032277249474470
        0.158666666666667         0.032378838485637
        0.158833333333333         0.032481847290713
        0.159000000000000         0.032586126987739
        0.159166666666667         0.032691783202409
        0.159333333333333         0.032798379978772
        0.159500000000000         0.032906855734863
        0.159666666666667         0.033016380444778
        0.159833333333333         0.033126790749899
        0.160000000000000         0.033238434261991
        0.161000000000000         0.033931288823723
        0.162000000000000         0.034659650481342
        0.163000000000000         0.035420480625952
        0.164000000000000         0.036211166134304
        0.165000000000000         0.037030343238495
        0.166000000000000         0.037876873777166
        0.167000000000000         0.038749922970370
        0.168000000000000         0.039647909210200
        0.169000000000000         0.040573244214911
        0.170000000000000         0.041523892951026
        0.171000000000000         0.042499290387114
        0.172000000000000         0.043500255446763
        0.173000000000000         0.044526722641217
        0.174000000000000         0.045579162754193
        0.175000000000000         0.046657181363346
        0.176000000000000         0.047761654136476
        0.177000000000000         0.048892575146380
        0.178000000000000         0.050050321410503
        0.179000000000000         0.051234915000321
        0.180000000000000         0.052448514313380
        0.181000000000000         0.053689241922437
        0.182000000000000         0.054957252543634
        0.183000000000000         0.056254997527718
        0.184000000000000         0.057582754594638
        0.185000000000000         0.058939891363259
        0.186000000000000         0.060328196381894
        0.187000000000000         0.061742392267638
        0.188000000000000         0.063204246424899
        0.189000000000000         0.064680385480840
        0.190000000000000         0.066190627997772
        0.191000000000000         0.067740893855986
        0.192000000000000         0.069315221672539
        0.193000000000000         0.070932147891229
        0.194000000000000         0.072580228309393
        0.195000000000000         0.074264701244626
        0.196000000000000         0.075984541407818
        0.197000000000000         0.077740236461692
        0.198000000000000         0.079533974342327
        0.199000000000000         0.081364283239429
        0.200000000000000         0.083235794268754
        0.201000000000000         0.085139367526216
        0.202000000000000         0.087089268956284
        0.203000000000000         0.089070697647674
        0.204000000000000         0.091101570139755
        0.205000000000000         0.093170562514068
        0.206000000000000         0.095277293303232
        0.207000000000000         0.097430819856950
        0.208000000000000         0.099632917900310
        0.209000000000000         0.101868124843626
        0.210000000000000         0.104156236836889
        0.211000000000000         0.106495267807419
        0.212000000000000         0.108867209338637
        0.213000000000000         0.111298020516545
        0.214000000000000         0.113767010088342
        0.215000000000000         0.116299835289262
        0.216000000000000         0.118882996017378
        0.217000000000000         0.121515738135010
        0.218000000000000         0.124217025359184
        0.219000000000000         0.126977390394291
        0.220000000000000         0.129805252777564
        0.221000000000000         0.132693759418135
        0.222000000000000         0.135646331859393
        0.223000000000000         0.138662974423424
        0.224000000000000         0.141742169091173
        0.225000000000000         0.144892353176934
        0.226000000000000         0.148106900605651
        0.227000000000000         0.151387609778691
        0.228000000000000         0.154738733635404
        0.229000000000000         0.158160767193942
        0.230000000000000         0.161653961469422
        0.231000000000000         0.165220130774668
        0.232000000000000         0.168860288434862
        0.233000000000000         0.172575140651935
        0.234000000000000         0.176366840863734
        0.235000000000000         0.180236883511567
        0.236000000000000         0.184185954952071
        0.237000000000000         0.188215672675143
        0.238000000000000         0.192326949766922
        0.239000000000000         0.196522522602245
        0.240000000000000         0.200806003558397
        0.241000000000000         0.205169321140649
        0.242000000000000         0.209624026193213
        0.243000000000000         0.214167475163151
        0.244000000000000         0.218802124550367
        0.245000000000000         0.223529629281521
        0.246000000000000         0.228351147674164
        0.247000000000000         0.233268708612592
        0.248000000000000         0.238284172380018
        0.249000000000000         0.243373592113938
        0.250000000000000         0.248613112029645
        0.251000000000000         0.253929731854024
        0.252000000000000         0.259351155511793
        0.253000000000000         0.264878627335416
        0.254000000000000         0.270513857907341
        0.255000000000000         0.276256375526666
        0.256000000000000         0.282115340478045
        0.257000000000000         0.288085090233360
        0.258000000000000         0.294170063431980
        0.259000000000000         0.300371861338505
        0.260000000000000         0.306693113556743
        0.261000000000000         0.313136121899534
        0.262000000000000         0.319698953477239
        0.263000000000000         0.326390301811723
        0.264000000000000         0.333208851251836
        0.265000000000000         0.340156091867534
        0.266000000000000         0.347237296032130
        0.267000000000000         0.354450353054947
        0.268000000000000         0.361799178470461
        0.269000000000000         0.369285911950525
        0.270000000000000         0.376913130746217
        0.271000000000000         0.384682729433934
        0.272000000000000         0.392597429638024
        0.273000000000000         0.400659453489352
        0.274000000000000         0.408871016782019
        0.275000000000000         0.417233778494061
        0.276000000000000         0.425752151214366
        0.277000000000000         0.434427100816613
        0.278000000000000         0.443261936820000
        0.279000000000000         0.452259217398895
        0.280000000000000         0.461420943603333
        0.281000000000000         0.470749882429348
        0.282000000000000         0.480247726112937
        0.283000000000000         0.489918666774727
        0.284000000000000         0.499766674717058
        0.285000000000000         0.509789404125240
        0.286000000000000         0.519994459303618
        0.287000000000000         0.530383151832154
        0.288000000000000         0.540958422925054
        0.289000000000000         0.551722769472724
        0.290000000000000         0.562680809600062
        0.291000000000000         0.573831237840933
        0.292000000000000         0.585182536704163
        0.293000000000000         0.596734441066115
        0.294000000000000         0.608490943173642
        0.295000000000000         0.620454817840032
        0.296000000000000         0.632629480555989
        0.297000000000000         0.645018453933754
        0.298000000000000         0.657624301278632
        0.299000000000000         0.670451620774190
        0.300000000000000         0.683486236373129
