                   T[GeV]                eta[GeV^3]
        0.120000000000000         0.025271262388275
        0.121000000000000         0.025718340652523
        0.122000000000000         0.026172717671643
        0.123000000000000         0.026634455043546
        0.124000000000000         0.027103540932343
        0.125000000000000         0.027580107391393
        0.126000000000000         0.028064208672937
        0.127000000000000         0.028555693498393
        0.128000000000000         0.029055279222927
        0.129000000000000         0.029562376070308
        0.130000000000000         0.030077254960096
        0.131000000000000         0.030600001790484
        0.132000000000000         0.031130740561379
        0.133000000000000         0.031669405888391
        0.134000000000000         0.032216215067665
        0.135000000000000         0.032771003295281
        0.136000000000000         0.033333828173016
        0.137000000000000         0.033904943687257
        0.138000000000000         0.034484407215115
        0.139000000000000         0.035071895027260
        0.140000000000000         0.035667748258388
        0.141000000000000         0.036272001241410
        0.142000000000000         0.036884679446017
        0.143000000000000         0.037505645925582
        0.144000000000000         0.038135006508410
        0.145000000000000         0.038772687809012
        0.146000000000000         0.039418848553524
        0.147000000000000         0.040073315369052
        0.148000000000000         0.040736167910719
        0.149000000000000         0.041407277832446
        0.150000000000000         0.042086621766602
        0.151000000000000         0.042774132008926
        0.152000000000000         0.043469733252686
        0.153000000000000         0.044173256136135
        0.154000000000000         0.044884594083825
        0.155000000000000         0.045603643684594
        0.156000000000000         0.046330023925370
        0.157000000000000         0.047063967471216
        0.158000000000000         0.047804845817603
        0.159000000000000         0.048552212934148
        0.160000000000000         0.049306033791657
        0.161000000000000         0.050065819959076
        0.162000000000000         0.050830920152150
        0.163000000000000         0.051600925646306
        0.164000000000000         0.052375183383202
        0.165000000000000         0.053152731075115
        0.166000000000000         0.053932599839352
        0.167000000000000         0.054714010558920
        0.168000000000000         0.055495040931078
        0.169000000000000         0.056274782099207
        0.170000000000000         0.057044121644156
        0.171000000000000         0.057821906200487
        0.172000000000000         0.058581522024864
        0.173000000000000         0.059315955017149
        0.174000000000000         0.060050474945384
        0.175000000000000         0.060757459130119
        0.176000000000000         0.061460990177482
        0.177000000000000         0.062095274191018
        0.178000000000000         0.062649099562610
        0.179000000000000         0.063147893083370
        0.180000000000000         0.063540578199692
        0.181000000000000         0.063991339831486
        0.182000000000000         0.064607575101043
        0.183000000000000         0.065299689207028
        0.184000000000000         0.066041236251190
        0.185000000000000         0.066823750751075
        0.186000000000000         0.067634008767787
        0.187000000000000         0.068467109236776
        0.188000000000000         0.069317380103033
        0.189000000000000         0.070179942377991
        0.190000000000000         0.071049979424092
        0.191000000000000         0.071923139674750
        0.192000000000000         0.072794758652787
        0.193000000000000         0.073660670434974
        0.194000000000000         0.074516493175928
        0.195000000000000         0.075357677758510
        0.196000000000000         0.076180000161054
        0.197000000000000         0.076979283041352
        0.198000000000000         0.077751310027264
        0.199000000000000         0.078492110193359
        0.200000000000000         0.079197645864682
        0.201000000000000         0.079863814732344
        0.202000000000000         0.080485961293467
        0.203000000000000         0.081058861646388
        0.204000000000000         0.081574467487942
        0.205000000000000         0.082022596541098
        0.205100000000000         0.082063167166509
        0.205200000000000         0.082102873763214
        0.205300000000000         0.082141840930450
        0.205400000000000         0.082179723822942
        0.205500000000000         0.082216855621068
        0.205600000000000         0.082252858662570
        0.205700000000000         0.082287901118711
        0.205800000000000         0.082322184481082
        0.205900000000000         0.082355276978771
        0.206000000000000         0.082387378190848
        0.206100000000000         0.082418360969363
        0.206200000000000         0.082448212931494
        0.206300000000000         0.082476910845995
        0.206400000000000         0.082504360915533
        0.206500000000000         0.082530668752565
        0.206600000000000         0.082555849446282
        0.206700000000000         0.082579348382653
        0.206800000000000         0.082601444376453
        0.206900000000000         0.082622300156227
        0.207000000000000         0.082641696000228
        0.207100000000000         0.082659535606811
        0.207200000000000         0.082675777699671
        0.207300000000000         0.082689098770057
        0.207400000000000         0.082703223075391
        0.207500000000000         0.082714217889566
        0.207600000000000         0.082723175378335
        0.207700000000000         0.082730281966508
        0.207800000000000         0.082735264492121
        0.207900000000000         0.082738223877646
        0.208000000000000         0.082738708837379
        0.208100000000000         0.082736780422837
        0.208200000000000         0.082732347021266
        0.208300000000000         0.082725274326714
        0.208400000000000         0.082715902279541
        0.208500000000000         0.082702216330257
        0.208600000000000         0.082686053603989
        0.208700000000000         0.082666534016339
        0.208800000000000         0.082643429085856
        0.208900000000000         0.082616482621211
        0.209000000000000         0.082585760367474
        0.209100000000000         0.082550233860879
        0.209200000000000         0.082510180712698
        0.209300000000000         0.082465432598661
        0.209400000000000         0.082415341968598
        0.209500000000000         0.082359148357463
        0.209600000000000         0.082297836404930
        0.209700000000000         0.082231133307411
        0.209800000000000         0.082158263221598
        0.209900000000000         0.082080647952367
        0.210000000000000         0.081999955205796
        0.210100000000000         0.081927396192040
        0.210200000000000         0.081858781261602
        0.210300000000000         0.081789946150222
        0.210400000000000         0.081706305961471
        0.210500000000000         0.081644049835905
        0.210600000000000         0.081563390283936
        0.210700000000000         0.081475164684941
        0.210800000000000         0.081377052952752
        0.210900000000000         0.081266483847798
        0.211000000000000         0.081139981928995
        0.211100000000000         0.080992638261209
        0.211200000000000         0.080817376304895
        0.211300000000000         0.080607846274697
        0.211400000000000         0.080339449740144
        0.211500000000000         0.079996937652028
        0.211600000000000         0.079600669719201
        0.211700000000000         0.079349410949784
        0.211800000000000         0.079152490000473
        0.211900000000000         0.078992062374337
        0.212000000000000         0.078857703074343
        0.212100000000000         0.078744231611581
        0.212200000000000         0.078647147153413
        0.212300000000000         0.078563958656771
        0.212400000000000         0.078493239289321
        0.212500000000000         0.078432231354508
        0.212600000000000         0.078382632645498
        0.212700000000000         0.078340448662950
        0.212800000000000         0.078306608817353
        0.212900000000000         0.078258821568975
        0.213000000000000         0.078259128357306
        0.213100000000000         0.078244227157810
        0.213200000000000         0.078235391295549
        0.213300000000000         0.078231492604408
        0.213400000000000         0.078232214005737
        0.213500000000000         0.078237888422045
        0.213600000000000         0.078248155577048
        0.213700000000000         0.078262299126459
        0.213800000000000         0.078280339161913
        0.213900000000000         0.078301698673092
        0.214000000000000         0.078326765602806
        0.214100000000000         0.078355073726736
        0.214200000000000         0.078386253129777
        0.214300000000000         0.078421026673582
        0.214400000000000         0.078458459425623
        0.214500000000000         0.078498581708581
        0.214600000000000         0.078541249381503
        0.214700000000000         0.078586732254555
        0.214800000000000         0.078634345064330
        0.214900000000000         0.078684520208799
        0.215000000000000         0.078737323720709
        0.215100000000000         0.078792018092012
        0.215200000000000         0.078848342396666
        0.215300000000000         0.078907135867418
        0.215400000000000         0.078967906914448
        0.215500000000000         0.079030745726221
        0.215600000000000         0.079095288446854
        0.215700000000000         0.079161669855566
        0.215800000000000         0.079229877615558
        0.215900000000000         0.079299675015342
        0.216000000000000         0.079371388300839
        0.216100000000000         0.079444246636810
        0.216200000000000         0.079518959753359
        0.216300000000000         0.079595307789688
        0.216400000000000         0.079672662162327
        0.216500000000000         0.079751908672659
        0.216600000000000         0.079832604515510
        0.216700000000000         0.079914344253539
        0.216800000000000         0.079997537589435
        0.216900000000000         0.080082783682915
        0.217000000000000         0.080168244814883
        0.217100000000000         0.080255346025263
        0.217200000000000         0.080343107535523
        0.217300000000000         0.080434079146842
        0.217400000000000         0.080524175882027
        0.217500000000000         0.080616024266667
        0.217600000000000         0.080709085407737
        0.217700000000000         0.080803249076749
        0.217800000000000         0.080898579749836
        0.217900000000000         0.080995121178545
        0.218000000000000         0.081092752250465
        0.218100000000000         0.081190883247499
        0.218200000000000         0.081290176940173
        0.218300000000000         0.081390852685766
        0.218400000000000         0.081492069770701
        0.218500000000000         0.081593994181207
        0.218600000000000         0.081698022587637
        0.218700000000000         0.081802531560815
        0.218800000000000         0.081907334394988
        0.218900000000000         0.082011498097365
        0.219000000000000         0.082120765007914
        0.219100000000000         0.082228775791813
        0.219200000000000         0.082337676833056
        0.219300000000000         0.082447242148331
        0.219400000000000         0.082557746224291
        0.219500000000000         0.082668968987773
        0.219600000000000         0.082781207669317
        0.219700000000000         0.082893771387430
        0.219800000000000         0.083007627221080
        0.219900000000000         0.083122189247321
        0.220000000000000         0.083237660595992
        0.221000000000000         0.084432194269930
        0.222000000000000         0.085696118218227
        0.223000000000000         0.087023057916896
        0.224000000000000         0.088408758221846
        0.225000000000000         0.089849602101852
        0.226000000000000         0.091342832849014
        0.227000000000000         0.092886259605041
        0.228000000000000         0.094478671270919
        0.229000000000000         0.096118220970924
        0.230000000000000         0.097803456092060
        0.231000000000000         0.099534867883541
        0.232000000000000         0.101311311189196
        0.233000000000000         0.103132366975381
        0.234000000000000         0.104997995135872
        0.235000000000000         0.106907791827938
        0.236000000000000         0.108861837349689
        0.237000000000000         0.110861286668217
        0.238000000000000         0.112904334637213
        0.239000000000000         0.114991543756787
        0.240000000000000         0.117123900299627
        0.241000000000000         0.119301386094320
        0.242000000000000         0.121524882666185
        0.243000000000000         0.123792987778788
        0.244000000000000         0.126109914113395
        0.245000000000000         0.128471898161623
        0.246000000000000         0.130880592698713
        0.247000000000000         0.133338067285469
        0.248000000000000         0.135842361475791
        0.249000000000000         0.138396565722138
        0.250000000000000         0.141001440518350
        0.251000000000000         0.143655569761656
        0.252000000000000         0.146360609563127
        0.253000000000000         0.149117231284314
        0.254000000000000         0.151926383852554
        0.255000000000000         0.154788582160180
        0.256000000000000         0.157697492210816
        0.257000000000000         0.160674367363593
        0.258000000000000         0.163699172407293
        0.259000000000000         0.166777691716093
        0.260000000000000         0.169913821849413
        0.261000000000000         0.173107494387051
        0.262000000000000         0.176360660890649
        0.263000000000000         0.179670452673437
        0.264000000000000         0.183038123071318
        0.265000000000000         0.186468172912421
        0.266000000000000         0.189961667758409
        0.267000000000000         0.193517854171511
        0.268000000000000         0.197125279304479
        0.269000000000000         0.200815060837445
        0.270000000000000         0.204563046863857
        0.271000000000000         0.208399385133194
        0.272000000000000         0.212257804939273
        0.273000000000000         0.216208659120384
        0.274000000000000         0.220227729015625
        0.275000000000000         0.224325835481481
        0.276000000000000         0.228493424446148
        0.277000000000000         0.232724592558723
        0.278000000000000         0.237027775142664
        0.279000000000000         0.241415188907330
        0.280000000000000         0.245871699227829
        0.281000000000000         0.250399569385806
        0.282000000000000         0.255022045619972
        0.283000000000000         0.259691488587150
        0.284000000000000         0.264452421988871
        0.285000000000000         0.269294096932959
        0.286000000000000         0.274236568903013
        0.287000000000000         0.279213972929345
        0.288000000000000         0.284331240795716
        0.289000000000000         0.289505367705348
        0.290000000000000         0.294773850139838
        0.291000000000000         0.300126856892773
        0.292000000000000         0.305559278616639
        0.293000000000000         0.311084994587151
        0.294000000000000         0.316728863834910
        0.295000000000000         0.322431533094714
        0.296000000000000         0.328235776376838
        0.297000000000000         0.334144531356292
        0.298000000000000         0.340143073964825
        0.299000000000000         0.346202177365065
        0.300000000000000         0.352418180689575
