                   T[GeV]                eta[GeV^3]
        0.120000000000000         0.013051842674103
        0.121000000000000         0.013218306995860
        0.122000000000000         0.013387110004725
        0.123000000000000         0.013558221431922
        0.124000000000000         0.013731710050687
        0.125000000000000         0.013907561789937
        0.126000000000000         0.014085852514485
        0.127000000000000         0.014266627274269
        0.128000000000000         0.014449918590915
        0.129000000000000         0.014635767812789
        0.130000000000000         0.014824235948705
        0.131000000000000         0.015015356771445
        0.132000000000000         0.015209174026802
        0.133000000000000         0.015405734163157
        0.134000000000000         0.015605118287240
        0.135000000000000         0.015807296678965
        0.136000000000000         0.016012338686490
        0.137000000000000         0.016220320208677
        0.138000000000000         0.016431312149249
        0.139000000000000         0.016645285111034
        0.140000000000000         0.016862339680175
        0.141000000000000         0.017082512641038
        0.142000000000000         0.017305838310931
        0.143000000000000         0.017532357690967
        0.144000000000000         0.017762130707397
        0.145000000000000         0.017995212108368
        0.146000000000000         0.018231640394782
        0.147000000000000         0.018471444178980
        0.148000000000000         0.018714667372658
        0.149000000000000         0.018961374774401
        0.150000000000000         0.019211592467742
        0.151000000000000         0.019465377100466
        0.152000000000000         0.019722760558642
        0.153000000000000         0.019983763385235
        0.154000000000000         0.020248431372550
        0.155000000000000         0.020516779634674
        0.156000000000000         0.020788875418510
        0.157000000000000         0.021064702966824
        0.158000000000000         0.021344311602877
        0.159000000000000         0.021627664827538
        0.160000000000000         0.021914819686889
        0.161000000000000         0.022205803763814
        0.162000000000000         0.022500511922488
        0.163000000000000         0.022798965142641
        0.164000000000000         0.023101165629593
        0.165000000000000         0.023407069497108
        0.166000000000000         0.023716469688337
        0.167000000000000         0.024029488899101
        0.168000000000000         0.024345906866798
        0.169000000000000         0.024665447203588
        0.170000000000000         0.024986941494722
        0.171000000000000         0.025313491790693
        0.172000000000000         0.025641754753430
        0.173000000000000         0.025970692703140
        0.174000000000000         0.026302006828391
        0.175000000000000         0.026636717347663
        0.176000000000000         0.026967210426593
        0.177000000000000         0.027301531359866
        0.178000000000000         0.027629354511411
        0.179000000000000         0.027951812179474
        0.180000000000000         0.028267745169434
        0.181000000000000         0.028594310348141
        0.182000000000000         0.028939985191269
        0.183000000000000         0.029297691959595
        0.184000000000000         0.029663565263999
        0.185000000000000         0.030038236837436
        0.186000000000000         0.030418643501420
        0.187000000000000         0.030804667645622
        0.188000000000000         0.031195610487211
        0.189000000000000         0.031591094986314
        0.190000000000000         0.031989621627027
        0.191000000000000         0.032391325298508
        0.192000000000000         0.032794308972510
        0.193000000000000         0.033199393565626
        0.194000000000000         0.033605193604857
        0.195000000000000         0.034011208349237
        0.196000000000000         0.034417011448659
        0.197000000000000         0.034829057958427
        0.198000000000000         0.035224256041369
        0.199000000000000         0.035624643693293
        0.200000000000000         0.036022181336223
        0.201000000000000         0.036416184001302
        0.202000000000000         0.036806169446707
        0.203000000000000         0.037191420431950
        0.204000000000000         0.037570745130849
        0.205000000000000         0.037942795693299
        0.205100000000000         0.037979537992300
        0.205200000000000         0.038016166147512
        0.205300000000000         0.038052705759649
        0.205400000000000         0.038089144467918
        0.205500000000000         0.038125466185744
        0.205600000000000         0.038161681668935
        0.205700000000000         0.038197783096740
        0.205800000000000         0.038233758770077
        0.205900000000000         0.038269636708458
        0.206000000000000         0.038305366756033
        0.206100000000000         0.038340968234510
        0.206200000000000         0.038376502558198
        0.206300000000000         0.038411772976969
        0.206400000000000         0.038446952233641
        0.206500000000000         0.038481988556817
        0.206600000000000         0.038516853510475
        0.206700000000000         0.038551568015374
        0.206800000000000         0.038586135273624
        0.206900000000000         0.038620116655904
        0.207000000000000         0.038654265132308
        0.207100000000000         0.038688605080777
        0.207200000000000         0.038722400441997
        0.207300000000000         0.038755919954894
        0.207400000000000         0.038789254953315
        0.207500000000000         0.038822343458892
        0.207600000000000         0.038855157864267
        0.207700000000000         0.038887731551266
        0.207800000000000         0.038920024675092
        0.207900000000000         0.038952023473097
        0.208000000000000         0.038983710229570
        0.208100000000000         0.039015072018528
        0.208200000000000         0.039046092078302
        0.208300000000000         0.039076746386818
        0.208400000000000         0.039107075981010
        0.208500000000000         0.039136855442939
        0.208600000000000         0.039166275121369
        0.208700000000000         0.039195213666353
        0.208800000000000         0.039223645791921
        0.208900000000000         0.039251541122403
        0.209000000000000         0.039278850924484
        0.209100000000000         0.039305572878517
        0.209200000000000         0.039331625880790
        0.209300000000000         0.039356970755757
        0.209400000000000         0.039381480624817
        0.209500000000000         0.039405470904809
        0.209600000000000         0.039428150975293
        0.209700000000000         0.039450809138922
        0.209800000000000         0.039472370415728
        0.209900000000000         0.039493710575066
        0.210000000000000         0.039514618885889
        0.210100000000000         0.039537697380067
        0.210200000000000         0.039563547572764
        0.210300000000000         0.039589740940379
        0.210400000000000         0.039616543018738
        0.210500000000000         0.039643721159971
        0.210600000000000         0.039671081896919
        0.210700000000000         0.039698436089755
        0.210800000000000         0.039725677792236
        0.210900000000000         0.039752558705984
        0.211000000000000         0.039778885036285
        0.211100000000000         0.039804349186495
        0.211200000000000         0.039828430128306
        0.211300000000000         0.039850860222723
        0.211400000000000         0.039870547418160
        0.211500000000000         0.039886040480232
        0.211600000000000         0.039898636100505
        0.211700000000000         0.039918922927001
        0.211800000000000         0.039942290596367
        0.211900000000000         0.039967773127447
        0.212000000000000         0.039994868715976
        0.212100000000000         0.040023202188281
        0.212200000000000         0.040052665289930
        0.212300000000000         0.040083012631001
        0.212400000000000         0.040114292240842
        0.212500000000000         0.040146208930140
        0.212600000000000         0.040178968115720
        0.212700000000000         0.040212145812725
        0.212800000000000         0.040246262657312
        0.212900000000000         0.040280891544644
        0.213000000000000         0.040315838421010
        0.213100000000000         0.040351434723906
        0.213200000000000         0.040387394214058
        0.213300000000000         0.040423878789814
        0.213400000000000         0.040460749651129
        0.213500000000000         0.040498072727267
        0.213600000000000         0.040535794434231
        0.213700000000000         0.040573929224881
        0.213800000000000         0.040612635732093
        0.213900000000000         0.040651169377730
        0.214000000000000         0.040690363439502
        0.214100000000000         0.040729865444407
        0.214200000000000         0.040769691007498
        0.214300000000000         0.040809834226060
        0.214400000000000         0.040850308931763
        0.214500000000000         0.040891045885658
        0.214600000000000         0.040932140680733
        0.214700000000000         0.040973474356351
        0.214800000000000         0.041015044338792
        0.214900000000000         0.041056852720266
        0.215000000000000         0.041099015125688
        0.215100000000000         0.041141381624182
        0.215200000000000         0.041183989968013
        0.215300000000000         0.041226909683154
        0.215400000000000         0.041269987223080
        0.215500000000000         0.041313347326517
        0.215600000000000         0.041356930503282
        0.215700000000000         0.041400808046228
        0.215800000000000         0.041444838372342
        0.215900000000000         0.041489049104756
        0.216000000000000         0.041533583782550
        0.216100000000000         0.041578176027994
        0.216200000000000         0.041623090784817
        0.216300000000000         0.041668213507590
        0.216400000000000         0.041713484664558
        0.216500000000000         0.041758995428643
        0.216600000000000         0.041804712164952
        0.216700000000000         0.041850554451442
        0.216800000000000         0.041896639988611
        0.216900000000000         0.041942953764084
        0.217000000000000         0.041989416233800
        0.217100000000000         0.042036089583639
        0.217200000000000         0.042082887269702
        0.217300000000000         0.042130003713079
        0.217400000000000         0.042177118551813
        0.217500000000000         0.042224450282161
        0.217600000000000         0.042271981765062
        0.217700000000000         0.042319674926734
        0.217800000000000         0.042367550864400
        0.217900000000000         0.042415604445308
        0.218000000000000         0.042463856536516
        0.218100000000000         0.042512199595338
        0.218200000000000         0.042560708263086
        0.218300000000000         0.042609402774204
        0.218400000000000         0.042658256925422
        0.218500000000000         0.042707264368361
        0.218600000000000         0.042756455865977
        0.218700000000000         0.042805790351396
        0.218800000000000         0.042854306549657
        0.218900000000000         0.042904842194789
        0.219000000000000         0.042954624672844
        0.219100000000000         0.043005107704516
        0.219200000000000         0.043054630856460
        0.219300000000000         0.043104856514987
        0.219400000000000         0.043155226209764
        0.219500000000000         0.043205727397937
        0.219600000000000         0.043256431167808
        0.219700000000000         0.043307249901216
        0.219800000000000         0.043358187154111
        0.219900000000000         0.043409270305432
        0.220000000000000         0.043460504823938
        0.221000000000000         0.043980123150496
        0.222000000000000         0.044512835063970
        0.223000000000000         0.045057956652829
        0.224000000000000         0.045615067611146
        0.225000000000000         0.046183423888781
        0.226000000000000         0.046763058000534
        0.227000000000000         0.047353567562623
        0.228000000000000         0.047954829627111
        0.229000000000000         0.048566594718580
        0.230000000000000         0.049188802176401
        0.231000000000000         0.049821286187996
        0.232000000000000         0.050464081268469
        0.233000000000000         0.051117053302402
        0.234000000000000         0.051780191350969
        0.235000000000000         0.052453405324679
        0.236000000000000         0.053136933174175
        0.237000000000000         0.053830513425023
        0.238000000000000         0.054534847855311
        0.239000000000000         0.055248847107225
        0.240000000000000         0.055973072378245
        0.241000000000000         0.056707592900299
        0.242000000000000         0.057452473309407
        0.243000000000000         0.058207637508516
        0.244000000000000         0.058973318028919
        0.245000000000000         0.059749498723509
        0.246000000000000         0.060536196444441
        0.247000000000000         0.061333629372169
        0.248000000000000         0.062141750279695
        0.249000000000000         0.062960640004114
        0.250000000000000         0.063790384579389
        0.251000000000000         0.064631493683396
        0.252000000000000         0.065483346492004
        0.253000000000000         0.066346369010359
        0.254000000000000         0.067209672151665
        0.255000000000000         0.068103004840740
        0.256000000000000         0.069001708605241
        0.257000000000000         0.069914519142767
        0.258000000000000         0.070833771678374
        0.259000000000000         0.071766084939901
        0.260000000000000         0.072709729005697
        0.261000000000000         0.073664828065468
        0.262000000000000         0.074634747516196
        0.263000000000000         0.075613168771157
        0.264000000000000         0.076604613859183
        0.265000000000000         0.077608922589102
        0.266000000000000         0.078626184944647
        0.267000000000000         0.079656144315914
        0.268000000000000         0.080695443945341
        0.269000000000000         0.081749368112158
        0.270000000000000         0.082817927432010
        0.271000000000000         0.083906290283915
        0.272000000000000         0.084997243159569
        0.273000000000000         0.086108493186557
        0.274000000000000         0.087230485014170
        0.275000000000000         0.088365746123982
        0.276000000000000         0.089518122486086
        0.277000000000000         0.090678536248762
        0.278000000000000         0.091862172888413
        0.279000000000000         0.093047819918092
        0.280000000000000         0.094253236817372
        0.281000000000000         0.095476112182940
        0.282000000000000         0.096712677397047
        0.283000000000000         0.097960028834930
        0.284000000000000         0.099223152273667
        0.285000000000000         0.100501815920413
        0.286000000000000         0.101791760928332
        0.287000000000000         0.103100374361973
        0.288000000000000         0.104431311614131
        0.289000000000000         0.105776890991227
        0.290000000000000         0.107131449500084
        0.291000000000000         0.108502987709618
        0.292000000000000         0.109889900376488
        0.293000000000000         0.111293490244054
        0.294000000000000         0.112719034938405
        0.295000000000000         0.114155375526952
        0.296000000000000         0.115609888703128
        0.297000000000000         0.117081113514628
        0.298000000000000         0.118565941942949
        0.299000000000000         0.120073032151044
        0.300000000000000         0.121596038469742
