                   T[GeV]                eta[GeV^3]
        0.120000000000000         0.015326450596743
        0.121000000000000         0.015473166896598
        0.122000000000000         0.015621479833014
        0.123000000000000         0.015771593671171
        0.124000000000000         0.015923366094293
        0.125000000000000         0.016076858221961
        0.126000000000000         0.016232103356525
        0.127000000000000         0.016389126767399
        0.128000000000000         0.016547938647296
        0.129000000000000         0.016708558731926
        0.130000000000000         0.016871026955986
        0.131000000000000         0.017035356041908
        0.132000000000000         0.017201562561430
        0.133000000000000         0.017369669571966
        0.134000000000000         0.017539739497888
        0.135000000000000         0.017711707579200
        0.136000000000000         0.017885605788088
        0.137000000000000         0.018061514284599
        0.138000000000000         0.018239442971994
        0.139000000000000         0.018419338996229
        0.140000000000000         0.018601285314095
        0.141000000000000         0.018785276170047
        0.142000000000000         0.018971312264332
        0.143000000000000         0.019159415932036
        0.144000000000000         0.019349589589686
        0.145000000000000         0.019541860141869
        0.146000000000000         0.019736226752268
        0.147000000000000         0.019932677883424
        0.148000000000000         0.020131207597377
        0.149000000000000         0.020331862753782
        0.150000000000000         0.020534608756207
        0.151000000000000         0.020739443873799
        0.152000000000000         0.020946360387701
        0.153000000000000         0.021155335831774
        0.154000000000000         0.021366353042287
        0.155000000000000         0.021579376412842
        0.156000000000000         0.021794443929850
        0.157000000000000         0.022011421118643
        0.158000000000000         0.022230329875643
        0.159000000000000         0.022451029913775
        0.160000000000000         0.022673554540161
        0.161000000000000         0.022897808761809
        0.162000000000000         0.023123648715655
        0.163000000000000         0.023351009648743
        0.164000000000000         0.023579805457534
        0.165000000000000         0.023809772428305
        0.166000000000000         0.024040757294412
        0.167000000000000         0.024272607557159
        0.168000000000000         0.024504971079209
        0.169000000000000         0.024737648545576
        0.170000000000000         0.024968578967875
        0.171000000000000         0.025202772129153
        0.172000000000000         0.025432697050215
        0.173000000000000         0.025660705747403
        0.174000000000000         0.025886068695772
        0.175000000000000         0.026108184413933
        0.176000000000000         0.026323844245868
        0.177000000000000         0.026536981133739
        0.178000000000000         0.026735666641511
        0.179000000000000         0.026919313623171
        0.180000000000000         0.027084498858421
        0.181000000000000         0.027261873333522
        0.182000000000000         0.027467650481778
        0.183000000000000         0.027687914824011
        0.184000000000000         0.027916364868013
        0.185000000000000         0.028154331267733
        0.186000000000000         0.028396296698407
        0.187000000000000         0.028642238586903
        0.188000000000000         0.028890930123702
        0.189000000000000         0.029141390420598
        0.190000000000000         0.029392945739822
        0.191000000000000         0.029643346499622
        0.192000000000000         0.029892955338677
        0.193000000000000         0.030140296045759
        0.194000000000000         0.030384477122561
        0.195000000000000         0.030624026042630
        0.196000000000000         0.030859364432693
        0.197000000000000         0.031088310687354
        0.198000000000000         0.031310329603070
        0.199000000000000         0.031524587398330
        0.200000000000000         0.031730259091682
        0.201000000000000         0.031926382332581
        0.202000000000000         0.032112103970955
        0.203000000000000         0.032286273511794
        0.204000000000000         0.032447099609498
        0.205000000000000         0.032592424752803
        0.205100000000000         0.032605995646082
        0.205200000000000         0.032619350306177
        0.205300000000000         0.032632528973577
        0.205400000000000         0.032645493544269
        0.205500000000000         0.032658266800383
        0.205600000000000         0.032670792736827
        0.205700000000000         0.032683114593366
        0.205800000000000         0.032695206575319
        0.205900000000000         0.032707104120791
        0.206000000000000         0.032718706453282
        0.206100000000000         0.032730074715186
        0.206200000000000         0.032741199043527
        0.206300000000000         0.032752061032585
        0.206400000000000         0.032762641614725
        0.206500000000000         0.032772959738586
        0.206600000000000         0.032783007338204
        0.206700000000000         0.032792700964696
        0.206800000000000         0.032802111783511
        0.206900000000000         0.032811190596789
        0.207000000000000         0.032819949790939
        0.207100000000000         0.032827988659297
        0.207200000000000         0.032836381734479
        0.207300000000000         0.032844037765236
        0.207400000000000         0.032851317605502
        0.207500000000000         0.032858157036448
        0.207600000000000         0.032864550309920
        0.207700000000000         0.032870518686875
        0.207800000000000         0.032876003862265
        0.207900000000000         0.032880990413712
        0.208000000000000         0.032885452141897
        0.208100000000000         0.032889362881679
        0.208200000000000         0.032892697855175
        0.208300000000000         0.032895414994762
        0.208400000000000         0.032897617071184
        0.208500000000000         0.032899320889736
        0.208600000000000         0.032899552226651
        0.208700000000000         0.032899440333263
        0.208800000000000         0.032898495116949
        0.208900000000000         0.032896674595446
        0.209000000000000         0.032893913459608
        0.209100000000000         0.032890164424677
        0.209200000000000         0.032885353162466
        0.209300000000000         0.032879408739584
        0.209400000000000         0.032872305162411
        0.209500000000000         0.032863767822049
        0.209600000000000         0.032853417177957
        0.209700000000000         0.032843213718244
        0.209800000000000         0.032830942927359
        0.209900000000000         0.032817620528422
        0.210000000000000         0.032804139944750
        0.210100000000000         0.032792575740927
        0.210200000000000         0.032784050214213
        0.210300000000000         0.032775374870353
        0.210400000000000         0.032766900360342
        0.210500000000000         0.032757958286225
        0.210600000000000         0.032748448054937
        0.210700000000000         0.032737854788067
        0.210800000000000         0.032725973964580
        0.210900000000000         0.032712112241950
        0.211000000000000         0.032695740773364
        0.211100000000000         0.032676015625143
        0.211200000000000         0.032651684733875
        0.211300000000000         0.032621131894811
        0.211400000000000         0.032581651995910
        0.211500000000000         0.032529124592232
        0.211600000000000         0.032467977929832
        0.211700000000000         0.032428673866802
        0.211800000000000         0.032399382903548
        0.211900000000000         0.032376173970796
        0.212000000000000         0.032357411042824
        0.212100000000000         0.032342248584917
        0.212200000000000         0.032329946229946
        0.212300000000000         0.032320114933154
        0.212400000000000         0.032312476946706
        0.212500000000000         0.032306605218270
        0.212600000000000         0.032302780256163
        0.212700000000000         0.032300265353262
        0.212800000000000         0.032299492162732
        0.212900000000000         0.032299882402542
        0.213000000000000         0.032301519509592
        0.213100000000000         0.032304241655067
        0.213200000000000         0.032308068856763
        0.213300000000000         0.032312937214013
        0.213400000000000         0.032318646708221
        0.213500000000000         0.032325353067620
        0.213600000000000         0.032332908260386
        0.213700000000000         0.032341323673450
        0.213800000000000         0.032350456273170
        0.213900000000000         0.032360255554641
        0.214000000000000         0.032370792514051
        0.214100000000000         0.032382015469246
        0.214200000000000         0.032393881482914
        0.214300000000000         0.032406367828052
        0.214400000000000         0.032419465442236
        0.214500000000000         0.032433094901735
        0.214600000000000         0.032447364553591
        0.214700000000000         0.032462137764537
        0.214800000000000         0.032477335436567
        0.214900000000000         0.032493038257734
        0.215000000000000         0.032509334438972
        0.215100000000000         0.032525997808521
        0.215200000000000         0.032543101477122
        0.215300000000000         0.032560646999849
        0.215400000000000         0.032578642232545
        0.215500000000000         0.032597045389357
        0.215600000000000         0.032615864442964
        0.215700000000000         0.032635097595510
        0.215800000000000         0.032654672780199
        0.215900000000000         0.032674601058510
        0.216000000000000         0.032694819311983
        0.216100000000000         0.032715431875370
        0.216200000000000         0.032736458992833
        0.216300000000000         0.032757803405942
        0.216400000000000         0.032779371320317
        0.216500000000000         0.032801340685685
        0.216600000000000         0.032823633362920
        0.216700000000000         0.032846158090778
        0.216800000000000         0.032868974897216
        0.216900000000000         0.032892124265759
        0.217000000000000         0.032915568610135
        0.217100000000000         0.032939260491242
        0.217200000000000         0.032963160278937
        0.217300000000000         0.032987708004853
        0.217400000000000         0.033012009498100
        0.217500000000000         0.033036737503383
        0.217600000000000         0.033061736749802
        0.217700000000000         0.033086979509369
        0.217800000000000         0.033112466466364
        0.217900000000000         0.033138236808290
        0.218000000000000         0.033164239897228
        0.218100000000000         0.033190351826418
        0.218200000000000         0.033216724178941
        0.218300000000000         0.033243343939676
        0.218400000000000         0.033270185642826
        0.218500000000000         0.033297226753199
        0.218600000000000         0.033324517943100
        0.218700000000000         0.033352010524703
        0.218800000000000         0.033379574172731
        0.218900000000000         0.033407413070687
        0.219000000000000         0.033435473320412
        0.219100000000000         0.033463729489437
        0.219200000000000         0.033492165398120
        0.219300000000000         0.033520777642647
        0.219400000000000         0.033549583892127
        0.219500000000000         0.033578544038653
        0.219600000000000         0.033607777053001
        0.219700000000000         0.033637103276551
        0.219800000000000         0.033666618217025
        0.219900000000000         0.033696293506260
        0.220000000000000         0.033726164342288
        0.221000000000000         0.034033342850164
        0.222000000000000         0.034355064970037
        0.223000000000000         0.034689969012552
        0.224000000000000         0.035036685130704
        0.225000000000000         0.035394208292523
        0.226000000000000         0.035761921856453
        0.227000000000000         0.036138819886594
        0.228000000000000         0.036524771235921
        0.229000000000000         0.036919095015506
        0.230000000000000         0.037321482866853
        0.231000000000000         0.037731536729517
        0.232000000000000         0.038149142224732
        0.233000000000000         0.038573932312942
        0.234000000000000         0.039005780070261
        0.235000000000000         0.039444403426248
        0.236000000000000         0.039889960352473
        0.237000000000000         0.040342001452460
        0.238000000000000         0.040801015513780
        0.239000000000000         0.041266066978607
        0.240000000000000         0.041737464189427
        0.241000000000000         0.042215177183025
        0.242000000000000         0.042699206898777
        0.243000000000000         0.043189348667106
        0.244000000000000         0.043685723563300
        0.245000000000000         0.044188273428678
        0.246000000000000         0.044696888376491
        0.247000000000000         0.045211786908327
        0.248000000000000         0.045732748905725
        0.249000000000000         0.046259731293981
        0.250000000000000         0.046792974473959
        0.251000000000000         0.047332537769867
        0.252000000000000         0.047877886110868
        0.253000000000000         0.048429565076714
        0.254000000000000         0.048985273218568
        0.255000000000000         0.049548377393578
        0.256000000000000         0.050119896372729
        0.257000000000000         0.050698821365948
        0.258000000000000         0.051281770151926
        0.259000000000000         0.051870167609234
        0.260000000000000         0.052464808372861
        0.261000000000000         0.053066700083601
        0.262000000000000         0.053678913329690
        0.263000000000000         0.054289486985453
        0.264000000000000         0.054909749132553
        0.265000000000000         0.055536970789056
        0.266000000000000         0.056170969595916
        0.267000000000000         0.056811549749214
        0.268000000000000         0.057456056139269
        0.269000000000000         0.058110915300810
        0.270000000000000         0.058768997313484
        0.271000000000000         0.059439481635569
        0.272000000000000         0.060112238724870
        0.273000000000000         0.060795277427344
        0.274000000000000         0.061483010189728
        0.275000000000000         0.062178458201840
        0.276000000000000         0.062878896098244
        0.277000000000000         0.063587920640627
        0.278000000000000         0.064303137024919
        0.279000000000000         0.065025460171889
        0.280000000000000         0.065755339509725
        0.281000000000000         0.066495140601499
        0.282000000000000         0.067236098105035
        0.283000000000000         0.067987427133387
        0.284000000000000         0.068746411908162
        0.285000000000000         0.069512324716286
        0.286000000000000         0.070285684002267
        0.287000000000000         0.071067079766738
        0.288000000000000         0.071858270538860
        0.289000000000000         0.072653614666872
        0.290000000000000         0.073459386926115
        0.291000000000000         0.074269933573129
        0.292000000000000         0.075088618675509
        0.293000000000000         0.075913107441424
        0.294000000000000         0.076751371864916
        0.295000000000000         0.077592884254348
        0.296000000000000         0.078443548617923
        0.297000000000000         0.079302506706037
        0.298000000000000         0.080169798826551
        0.299000000000000         0.081044147490392
        0.300000000000000         0.081927358293390
