                   T[GeV]                  tauU[fm]                  tauD[fm]                  tauS[fm]               tauUBar[fm]               tauDBar[fm]               tauSBar[fm]                effMU[GeV]                effMD[GeV]                effMS[GeV]               effCPU[GeV]               effCPD[GeV]               effCPS[GeV]
        0.150000000000000         8.793653744081160         8.793653744081158        11.212069451871979         8.793653744081160         8.793653744081160        11.212069451871981         0.303279809165436         0.303279809165436         0.512749442947671         0.000000000000000         0.000000000000000         0.000000000000000
        0.151587301587302         8.313904169266785         8.313904169266785        10.637414967600126         8.313904169266785         8.313904169266785        10.637414967600126         0.300153892835447         0.300153892835447         0.510985803201190         0.000000000000000         0.000000000000000         0.000000000000000
        0.153174603174603         7.864515202061976         7.864515202061976        10.097991118680474         7.864515202061976         7.864515202061975        10.097991118680474         0.296913007464214         0.296913007464214         0.509165389904507         0.000000000000000         0.000000000000000         0.000000000000000
        0.154761904761905         7.443113790299135         7.443113790299135         9.591004227014869         7.443113790299134         7.443113790299134         9.591004227014867         0.293553279230119         0.293553279230120         0.507287302653403         0.000000000000000         0.000000000000000         0.000000000000000
        0.156349206349206         7.047570197341415         7.047570197341401         9.114169168871435         7.047570197341415         7.047570197341402         9.114169168871436         0.290070639174025         0.290070639174024         0.505350664993045         0.000000000000000         0.000000000000000         0.000000000000000
        0.157936507936508         6.675929843303029         6.675929843303064         8.665190442219178         6.675929843303029         6.675929843303064         8.665190442219181         0.286460814138746         0.286460814138753         0.503354632418546         0.000000000000000         0.000000000000000         0.000000000000000
        0.159523809523810         6.326364252092747         6.326364252092736         8.242136333298056         6.326364252092747         6.326364252092735         8.242136333298056         0.282719318524467         0.282719318524465         0.501298402185285         0.000000000000000         0.000000000000000         0.000000000000000
        0.161111111111111         5.997264287321983         5.997264287321983         7.843083627679457         5.997264287321983         5.997264287321983         7.843083627679457         0.278841447647604         0.278841447647605         0.499181225351178         0.000000000000000         0.000000000000000         0.000000000000000
        0.162698412698413         5.687103514965578         5.687103514965596         7.466402905194412         5.687103514965578         5.687103514965595         7.466402905194413         0.274822273533593         0.274822273533596         0.497002421531735         0.000000000000000         0.000000000000000         0.000000000000000
        0.164285714285714         5.394498773565193         5.394498773565170         7.110535782936516         5.394498773565193         5.394498773565169         7.110535782936516         0.270656644266989         0.270656644266984         0.494761396954189         0.000000000000000         0.000000000000000         0.000000000000000
        0.165873015873016         5.118105436676847         5.118105436676855         6.774076640291749         5.118105436676847         5.118105436676855         6.774076640291749         0.266339188413170         0.266339188413173         0.492457666524489         0.000000000000000         0.000000000000000         0.000000000000000
        0.167460317460317         4.856786229220044         4.856786229220058         6.455688021638958         4.856786229220043         4.856786229220058         6.455688021638959         0.261864326545143         0.261864326545148         0.490090880774089         0.000000000000000         0.000000000000000         0.000000000000000
        0.169047619047619         4.609351604236622         4.609351604236627         6.154223829323421         4.609351604236622         4.609351604236629         6.154223829323420         0.257226292596211         0.257226292596213         0.487660858735284         0.000000000000000         0.000000000000000         0.000000000000000
        0.170634920634921         4.374815211093966         4.374815211093983         5.868577329364504         4.374815211093967         4.374815211093982         5.868577329364504         0.252419168663409         0.252419168663415         0.485167628005159         0.000000000000000         0.000000000000000         0.000000000000000
        0.172222222222222         4.151611869594621         4.151611869594681         5.597756404281075         4.151611869594622         4.151611869594682         5.597756404281076         0.247436938076416         0.247436938076440         0.482611473498599         0.000000000000000         0.000000000000000         0.000000000000000
        0.173809523809524         3.938880205876399         3.938880205876354         5.340799049225088         3.938880205876399         3.938880205876354         5.340799049225087         0.242273563085868         0.242273563085849         0.479992996650928         0.000000000000000         0.000000000000000         0.000000000000000
        0.175396825396825         3.736401395074141         3.736401395074129         5.096926222750104         3.736401395074141         3.736401395074129         5.096926222750104         0.236923095502592         0.236923095502587         0.477313187092429         0.000000000000000         0.000000000000000         0.000000000000000
        0.176984126984127         3.541887312525165         3.541887312525226         4.865300515220843         3.541887312525165         3.541887312525225         4.865300515220845         0.231379831109970         0.231379831109999         0.474573509042077         0.000000000000000         0.000000000000000         0.000000000000000
        0.178571428571429         3.353226652075832         3.353226652075769         4.645266132668787         3.353226652075831         3.353226652075769         4.645266132668786         0.225638521708639         0.225638521708606         0.471776004784816         0.000000000000000         0.000000000000000         0.000000000000000
        0.180158730158730         3.168863175728284         3.168863175728239         4.436072960135456         3.168863175728283         3.168863175728239         4.436072960135456         0.219694662211989         0.219694662211961         0.468923417485967         0.000000000000000         0.000000000000000         0.000000000000000
        0.181746031746032         3.003735732880692         3.003735732880640         4.237341712264129         3.003735732880693         3.003735732880640         4.237341712264129         0.213544874052678         0.213544874052645         0.466019335057442         0.000000000000000         0.000000000000000         0.000000000000000
        0.183333333333333         2.856614508590495         2.856614508590405         4.048364581460712         2.856614508590495         2.856614508590405         4.048364581460712         0.207187409731164         0.207187409731102         0.463068355513453         0.000000000000000         0.000000000000000         0.000000000000000
        0.184920634920635         2.721665560156096         2.721665560156317         3.868715342879344         2.721665560156096         2.721665560156317         3.868715342879344         0.200622805421962         0.200622805422131         0.460076271772716         0.000000000000000         0.000000000000000         0.000000000000000
        0.186507936507937         2.596780077565004         2.596780077564907         3.698009905114497         2.596780077565005         2.596780077564907         3.698009905114497         0.193854707040731         0.193854707040650         0.457050269560711         0.000000000000000         0.000000000000000         0.000000000000000
        0.188095238095238         2.479845164601584         2.479845164601572         3.535768589082283         2.479845164601584         2.479845164601572         3.535768589082283         0.186890886330936         0.186890886330926         0.453999125161989         0.000000000000000         0.000000000000000         0.000000000000000
        0.189682539682540         2.370864968682088         2.370864968682139         3.381756879768789         2.370864968682088         2.370864968682139         3.381756879768790         0.179744442044995         0.179744442045048         0.450933379585111         0.000000000000000         0.000000000000000         0.000000000000000
        0.191269841269841         2.268562824360884         2.268562824360848         3.235662621928052         2.268562824360884         2.268562824360848         3.235662621928052         0.172435140090962         0.172435140090921         0.447865452042495         0.000000000000000         0.000000000000000         0.000000000000000
        0.192857142857143         2.172772150616892         2.172772150616964         3.097224010846706         2.172772150616892         2.172772150616964         3.097224010846706         0.164990779000735         0.164990779000826         0.444809639783005         0.000000000000000         0.000000000000000         0.000000000000000
        0.194444444444444         2.082987747400637         2.082987747400642         2.966200393771351         2.082987747400637         2.082987747400642         2.966200393771352         0.157448371824733         0.157448371824741         0.441781937321145         0.000000000000000         0.000000000000000         0.000000000000000
        0.196031746031746         1.998892050106377         1.998892050106426         2.842352946012181         1.998892050106376         1.998892050106425         2.842352946012181         0.149854825305941         0.149854825306017         0.438799604189596         0.000000000000000         0.000000000000000         0.000000000000000
        0.197619047619048         1.920215094522722         1.920215094522733         2.725450721513890         1.920215094522722         1.920215094522733         2.725450721513890         0.142266709785964         0.142266709785982         0.435880428653848         0.000000000000000         0.000000000000000         0.000000000000000
        0.199206349206349         1.846674154098219         1.846674154098173         2.615139475000432         1.846674154098218         1.846674154098173         2.615139475000432         0.134748715712562         0.134748715712475         0.433041687187319         0.000000000000000         0.000000000000000         0.000000000000000
        0.200793650793651         1.777979972874972         1.777979972874857         2.511043983175973         1.777979972874972         1.777979972874857         2.511043983175973         0.127370561274254         0.127370561274007         0.430298887337537         0.000000000000000         0.000000000000000         0.000000000000000
        0.202380952380952         1.713773762234236         1.713773762234293         2.412592300974348         1.713773762234236         1.713773762234293         2.412592300974348         0.120202482174633         0.120202482174769         0.427664483644055         0.000000000000000         0.000000000000000         0.000000000000000
        0.203968253968254         1.653576412649963         1.653576412649970         2.318951636047184         1.653576412649963         1.653576412649970         2.318951636047184         0.113309917135962         0.113309917135981         0.425146825986954         0.000000000000000         0.000000000000000         0.000000000000000
        0.205555555555556         1.596716812150409         1.596716812150445         2.228853152487682         1.596716812150410         1.596716812150445         2.228853152487682         0.106748392631435         0.106748392631541         0.422749586103214         0.000000000000000         0.000000000000000         0.000000000000000
        0.207142857142857         1.542150780926238         1.542150780926238         2.140005437384019         1.542150780926238         1.542150780926238         2.140005437384019         0.100559674100939         0.100559674100939         0.420471794425302         0.000000000000000         0.000000000000000         0.000000000000000
        0.208730158730159         1.487962757602942         1.487962757602941         2.048020809028496         1.487962757602942         1.487962757602941         2.048020809028497         0.094769906168056         0.094769906168052         0.418308448485847         0.000000000000000         0.000000000000000         0.000000000000000
        0.210317460317460         1.429839153238486         1.429839153238490         1.946324032057680         1.429839153238486         1.429839153238490         1.946324032057680         0.089389867628819         0.089389867628836         0.416251506170886         0.000000000000000         0.000000000000000         0.000000000000000
        0.211904761904762         1.353316055579209         1.353316055579206         1.877517106942039         1.353316055579209         1.353316055579206         1.877517106942039         0.084416911100644         0.084416911100627         0.414291015178702         0.000000000000000         0.000000000000000         0.000000000000000
        0.213492063492063         1.298887382118338         1.298887382118336         1.825596970970105         1.298887382118338         1.298887382118336         1.825596970970105         0.079837865004550         0.079837865004542         0.412416161377843         0.000000000000000         0.000000000000000         0.000000000000000
        0.215079365079365         1.259998797906523         1.259998797906521         1.782740705391138         1.259998797906523         1.259998797906521         1.782740705391138         0.075632183566966         0.075632183566955         0.410616103831618         0.000000000000000         0.000000000000000         0.000000000000000
        0.216666666666667         1.228623730827650         1.228623730827649         1.745914523147558         1.228623730827650         1.228623730827649         1.745914523147558         0.071774828685696         0.071774828685694         0.408880553650542         0.000000000000000         0.000000000000000         0.000000000000000
        0.218253968253968         1.202064889838468         1.202064889838468         1.713359789971520         1.202064889838468         1.202064889838468         1.713359789971520         0.068238613620526         0.068238613620522         0.407200117069133         0.000000000000000         0.000000000000000         0.000000000000000
        0.219841269841270         1.178926630430151         1.178926630430151         1.683983602034968         1.178926630430151         1.178926630430152         1.683983602034968         0.064995938266743         0.064995938266746         0.405566453712423         0.000000000000000         0.000000000000000         0.000000000000000
        0.221428571428571         1.158380366378413         1.158380366378413         1.657160042080735         1.158380366378413         1.158380366378413         1.657160042080735         0.062019968008293         0.062019968008293         0.403972306786410         0.000000000000000         0.000000000000000         0.000000000000000
        0.223015873015873         1.139866102844660         1.139866102844660         1.632382704781526         1.139866102844660         1.139866102844660         1.632382704781525         0.059285362224635         0.059285362224635         0.402411454226179         0.000000000000000         0.000000000000000         0.000000000000000
        0.224603174603175         1.122976133719334         1.122976133719335         1.609189877624970         1.122976133719334         1.122976133719335         1.609189877624970         0.056768667974254         0.056768667974255         0.400878617516302         0.000000000000000         0.000000000000000         0.000000000000000
        0.226190476190476         1.107428872400728         1.107428872400746         1.587356483388555         1.107428872400728         1.107428872400746         1.587356483388555         0.054448490302673         0.054448490302906         0.399369347481966         0.000000000000000         0.000000000000000         0.000000000000000
        0.227777777777778         1.093000484657307         1.093000484657324         1.566668431140143         1.093000484657307         1.093000484657324         1.566668431140143         0.052305459068531         0.052305459068774         0.397879938910055         0.000000000000000         0.000000000000000         0.000000000000000
        0.229365079365079         1.079532763311203         1.079532763311209         1.546967763876430         1.079532763311203         1.079532763311209         1.546967763876430         0.050322219294013         0.050322219294098         0.396407280884561         0.000000000000000         0.000000000000000         0.000000000000000
        0.230952380952381         1.066888821480819         1.066888821480822         1.528122843153572         1.066888821480819         1.066888821480822         1.528122843153572         0.048483237810816         0.048483237810874         0.394948797867280         0.000000000000000         0.000000000000000         0.000000000000000
        0.232539682539683         1.054963187031285         1.054963187031290         1.510031999811744         1.054963187031285         1.054963187031290         1.510031999811744         0.046774662965208         0.046774662965292         0.393502356600229         0.000000000000000         0.000000000000000         0.000000000000000
        0.234126984126984         1.043668097171008         1.043668097171011         1.492612360856374         1.043668097171008         1.043668097171011         1.492612360856374         0.045184159379569         0.045184159379613         0.392066195272025         0.000000000000000         0.000000000000000         0.000000000000000
        0.235714285714286         1.032931217460689         1.032931217460689         1.475774910899317         1.032931217460689         1.032931217460689         1.475774910899318         0.043700746727399         0.043700746727402         0.390638863474211         0.000000000000000         0.000000000000000         0.000000000000000
        0.237301587301587         1.022719608123604         1.022719608123603         1.459531813775134         1.022719608123604         1.022719608123603         1.459531813775134         0.042314648369526         0.042314648369502         0.389219171685069         0.000000000000000         0.000000000000000         0.000000000000000
        0.238888888888889         1.012942642464991         1.012942642464990         1.443766381351961         1.012942642464990         1.012942642464990         1.443766381351961         0.041017152705862         0.041017152705855         0.387806148981988         0.000000000000000         0.000000000000000         0.000000000000000
        0.240476190476190         1.003577078145683         1.003577078145683         1.428464008384030         1.003577078145683         1.003577078145683         1.428464008384030         0.039800488250605         0.039800488250608         0.386399007747828         0.000000000000000         0.000000000000000         0.000000000000000
        0.242063492063492         0.994589309854714         0.994589309854714         1.413588643125640         0.994589309854714         0.994589309854714         1.413588643125640         0.038657712308678         0.038657712308678         0.384997114224899         0.000000000000000         0.000000000000000         0.000000000000000
        0.243650793650794         0.985942404322973         0.985942404322973         1.399113407892551         0.985942404322973         0.985942404322973         1.399113407892551         0.037582612542652         0.037582612542659         0.383599963970128         0.000000000000000         0.000000000000000         0.000000000000000
        0.245238095238095         0.977628347497496         0.977628347497496         1.385015562081327         0.977628347497496         0.977628347497496         1.385015562081327         0.036569620360905         0.036569620360901         0.382207161352669         0.000000000000000         0.000000000000000         0.000000000000000
        0.246825396825397         0.969586492367036         0.969586492367036         1.371265096710412         0.969586492367036         0.969586492367036         1.371265096710411         0.035613734976481         0.035613734976480         0.380818402422387         0.000000000000000         0.000000000000000         0.000000000000000
        0.248412698412698         0.961831639193389         0.961831639193389         1.357848894873483         0.961831639193389         0.961831639193389         1.357848894873483         0.034710456942511         0.034710456942501         0.379433460541932         0.000000000000000         0.000000000000000         0.000000000000000
        0.250000000000000         0.954335177890515         0.954335177890516         1.344752861674224         0.954335177890515         0.954335177890516         1.344752861674224         0.033855730049284         0.033855730049292         0.378052174327887         0.000000000000000         0.000000000000000         0.000000000000000
