                   T[GeV]                nU[GeV^3]                nD[GeV^3]                nS[GeV^3]             nUBar[GeV^3]             nDBar[GeV^3]            nSBbar[GeV^3]                W[GeV^-2]               effMU[GeV]               effMD[GeV]               effMS[GeV]              effCPU[GeV]              effCPD[GeV]              effCPS[GeV]
                   0.0951       0.0013354901238894       0.0013354901238894     0.000332378475855645     1.16516709725273e-05     1.16516709725273e-05     2.62744070930268e-06         5.40445513048657         0.29816283493956         0.29816283493956        0.494284918970488        0.231029876425869        0.231029876425869        0.231029876425869
       0.0951434782608696      0.00134008412137188      0.00134008412137206     0.000333747370752867     1.17223823217471e-05     1.17223823217489e-05     2.64430878666111e-06         5.40061176693525         0.29778604091415        0.297786040914128        0.494025998987064        0.231029876425869        0.231029876425869        0.231029876425869
       0.0951869565217391      0.00134470863507784       0.0013447086350777     0.000335125210827431     1.17936688024738e-05     1.17936688024723e-05       2.661307402068e-06         5.39676136239058         0.29740644218777        0.297406442187787        0.493765282911433        0.231029876425869        0.231029876425869        0.231029876425869
       0.0952304347826087      0.00134936415088162      0.00134936415088165     0.000336512128396082     1.18655389364481e-05     1.18655389364484e-05     2.67843825318404e-06         5.39290386188767        0.297023991198586        0.297023991198583        0.493502741456396        0.231029876425869        0.231029876425869        0.231029876425869
       0.0952739130434783       0.0013540511682198      0.00135405116822033     0.000337908259371393     1.19380014714099e-05     1.19380014714153e-05     2.69570307908072e-06         5.38903906529185        0.296638639026107        0.296638639026041        0.493238344511938        0.231029876425869        0.231029876425869        0.231029876425869
       0.0953173913043478      0.00135877020044534      0.00135877020044516      0.00033931374336405     1.20110653880137e-05     1.20110653880118e-05     2.71310366148281e-06         5.38516675049918         0.29625033535961        0.296250335359633        0.492972061127168        0.231029876425869        0.231029876425869        0.231029876425869
       0.0953608695652174      0.00136352177537616      0.00136352177537629      0.00034072872382801     1.20847399088896e-05     1.20847399088909e-05     2.73064182637702e-06         5.38128687604647        0.295859028442829        0.295859028442813        0.492703859476992        0.231029876425869        0.231029876425869        0.231029876425869
        0.095404347826087      0.00136830643587947      0.00136830643587917     0.000342153348213252     1.21590345082445e-05     1.21590345082414e-05     2.74831944570293e-06         5.37739920707393        0.295464665014825        0.295464665014862        0.492433706827015        0.231029876425869        0.231029876425869        0.231029876425869
       0.0954478260869565      0.00137312474049619      0.00137312474049699     0.000343587768131291     1.22339589220634e-05     1.22339589220718e-05     2.76613843916987e-06         5.37350356323492        0.295067190246577        0.295067190246478        0.492161569494819        0.231029876425869        0.231029876425869        0.231029876425869
       0.0954913043478261      0.00137797726399507       0.0013779772639945     0.000345032139502088     1.23095231577653e-05     1.23095231577594e-05      2.7841007759426e-06         5.36959975379035        0.294666547686973        0.294666547687043        0.491887412819316        0.231029876425869        0.231029876425869        0.231029876425869
       0.0955347826086957      0.00138286459817893      0.00138286459817941     0.000346486622764302     1.23857375066931e-05     1.23857375066981e-05     2.80220847687196e-06         5.36568758068894        0.294262679178347        0.294262679178288         0.49161120110785        0.231029876425869        0.231029876425869        0.231029876425869
       0.0955782608695652      0.00138778735247294       0.0013877873524729     0.000347951383031344     1.24626125545428e-05     1.24626125545424e-05     2.82046361630378e-06         5.36176681429985        0.293855524799785         0.29385552479979        0.491332897604728        0.231029876425869        0.231029876425869        0.231029876425869
       0.0956217391304348      0.00139274615473445      0.00139274615473418     0.000349426590305425     1.25401591943381e-05     1.25401591943353e-05     2.83886832439234e-06         5.35783725582908        0.293445022783874        0.293445022783907        0.491052464439684        0.231029876425869        0.231029876425869        0.231029876425869
       0.0956652173913043      0.00139774165199018      0.00139774165199022     0.000350912419671296     1.26183886388829e-05     1.26183886388833e-05      2.8574247892734e-06          5.3538986380776        0.293031109443299        0.293031109443294        0.490769862585318        0.231029876425869        0.231029876425869        0.231029876425869
       0.0957086956521739      0.00140277451133796      0.00140277451133822     0.000352409051531798     1.26973124352087e-05     1.26973124352114e-05     2.87613525961372e-06          5.3499484465411         0.29261371907815        0.292613719078119        0.490485051800775        0.231029876425869        0.231029876425869        0.231029876425869
       0.0957521739130435      0.00140784542072779      0.00140784542072792     0.000353916671817373     1.27769424780154e-05     1.27769424780169e-05     2.89500204697439e-06         5.34599080463425         0.29219278389901        0.292192783898993        0.490197990586591        0.231029876425869        0.231029876425869        0.231029876425869
        0.095795652173913      0.00141295508998353      0.00141295508998348      0.00035543547225036     1.28572910259556e-05      1.2857291025955e-05     2.91402752866374e-06         5.34202299109514        0.291768233921586        0.291768233921593        0.489908636121339        0.231029876425869        0.231029876425869        0.231029876425869
       0.0958391304347826      0.00141810425170186      0.00141810425170181     0.000356965650585913     1.29383707169203e-05     1.29383707169197e-05     2.93321415042936e-06         5.33804444074207        0.291339996877487        0.291339996877494        0.489616944208624        0.231029876425869        0.231029876425869        0.231029876425869
       0.0958826086956522      0.00142329366233533      0.00142329366233558     0.000358507410893835     1.30201945856169e-05     1.30201945856196e-05     2.95256442952916e-06         5.33405414057816         0.29090799810363          0.2909079981036        0.489322869211239        0.231029876425869        0.231029876425869        0.231029876425869
       0.0959260869565217      0.00142852410325718      0.00142852410325785     0.000360060963840576     1.31027760813012e-05     1.31027760813084e-05     2.97208095784268e-06         5.33011396472044        0.290472160435137        0.290472160435056         0.48902636398735        0.231029876425869        0.231029876425869        0.231029876425869
       0.0959695652173913      0.00143379638195975      0.00143379638195958      0.00036162652700296     1.31861290873184e-05     1.31861290873165e-05     2.99176640529066e-06          5.3261107609914        0.290032404083272        0.290032404083293        0.488727379817532        0.231029876425869        0.231029876425869        0.231029876425869
       0.0960130434782609      0.00143911133327217      0.00143911133327248     0.000363204325189517     1.32702679412509e-05     1.32702679412542e-05      3.0116235233627e-06         5.32209701318561        0.289588646512434        0.289588646512397        0.488425866331445        0.231029876425869        0.231029876425869        0.231029876425869
       0.0960565217391304      0.00144446982059443      0.00144446982059423     0.000364794590766171     1.33552074556575e-05     1.33552074556553e-05     3.03165514872675e-06         5.31807245032605        0.289140802316577        0.289140802316602         0.48812177143542        0.231029876425869        0.231029876425869        0.231029876425869
                   0.0961      0.00144987273742207      0.00144987273742145     0.000366397564053546     1.34409629424279e-05     1.34409629424211e-05     3.05186420749615e-06          5.3140367498996        0.288688783062063        0.288688783062138        0.487815041217289        0.231029876425869        0.231029876425869        0.231029876425869
       0.0961434782608696       0.0014553210087186      0.00145532100871848     0.000368013493691224     1.35275502359654e-05     1.35275502359641e-05     3.07225371926846e-06         5.30998964803146        0.288232497150575        0.288232497150589        0.487505619865837        0.231029876425869        0.231029876425869        0.231029876425869
       0.0961869565217391      0.00146081559249481      0.00146081559249508     0.000369642637051481     1.36149857191386e-05     1.36149857191416e-05     3.09282680164033e-06         5.30593082049076        0.287771849658798        0.287771849658766        0.487193449575731        0.231029876425869        0.231029876425869        0.231029876425869
       0.0962304347826087      0.00146635748153243      0.00146635748153264     0.000371285260691118     1.37032863513799e-05     1.37032863513822e-05     3.11358667510802e-06         5.30185995769945        0.287306742162632        0.287306742162606        0.486878470442361        0.231029876425869        0.231029876425869        0.231029876425869
       0.0962739130434783      0.00147194770507774      0.00147194770507783     0.000372941640800192      1.3792469697042e-05      1.3792469697043e-05     3.13453666800433e-06         5.29777677247048        0.286837072566995        0.286837072566985        0.486560620361217        0.231029876425869        0.231029876425869        0.231029876425869
       0.0963173913043478      0.00147758733084691      0.00147758733084604     0.000374612063723648     1.38825539578409e-05     1.38825539578311e-05     3.15568022212914e-06         5.29368088989069        0.286362734900392        0.286362734900496        0.486239834905536        0.231029876425869        0.231029876425869        0.231029876425869
       0.0963608695652174      0.00148327746695425        0.001483277466954     0.000376296826472095     1.39735580051298e-05      1.3973558005127e-05     3.17702089835884e-06         5.28957196075943        0.285883619120976        0.285883619121007        0.485916047211719        0.231029876425869        0.231029876425869        0.231029876425869
        0.096404347826087      0.00148901926409969      0.00148901926409895     0.000377996237295399      1.4065501415787e-05     1.40655014157787e-05     3.19856238287387e-06         5.28544956285624        0.285399610894028        0.285399610894116        0.485589187847153        0.231029876425869        0.231029876425869        0.231029876425869
       0.0964478260869565      0.00149481391795188      0.00149481391795274     0.000379710616305757     1.41584045110901e-05     1.41584045110998e-05     3.22030849389787e-06         5.28131335845104        0.284910591348765        0.284910591348663        0.485259184665614        0.231029876425869        0.231029876425869        0.231029876425869
       0.0964913043478261      0.00150066267151138      0.00150066267151158     0.000381440296103146     1.42522883962208e-05     1.42522883962231e-05     3.24226318854569e-06         5.27716288450329        0.284416436840248        0.284416436840224        0.484925962666704        0.231029876425869        0.231029876425869        0.231029876425869
       0.0965347826086956      0.00150656681786252      0.00150656681786241     0.000383185622492325     1.43471750050576e-05     1.43471750050564e-05     3.26443057056131e-06         5.27299753933936        0.283917018668101        0.283917018668114        0.484589443829175        0.231029876425869        0.231029876425869        0.231029876425869
       0.0965782608695652      0.00151252770296644      0.00151252770296667      0.00038494695522159     1.44430871464382e-05     1.44430871464408e-05      3.2868148983481e-06         5.26881689823058        0.283412202793537         0.28341220279351        0.484249546942534        0.231029876425869        0.231029876425869        0.231029876425869
       0.0966217391304348      0.00151854672875771      0.00151854672875646     0.000386724668789919     1.45400485549345e-05     1.45400485549203e-05     3.30942059370562e-06         5.26462000263767        0.282901849523887        0.282901849524034        0.483906187421484        0.231029876425869        0.231029876425869        0.231029876425869
       0.0966652173913043      0.00152462535637994      0.00152462535638006     0.000388519153301543      1.4638083944376e-05     1.46380839443773e-05     3.33225225109931e-06          5.2604047434661         0.28238581318436        0.282385813184346        0.483559277110883        0.231029876425869        0.231029876425869        0.231029876425869
       0.0967086956521739      0.00153076510980151      0.00153076510980278     0.000390330815409149     1.47372190669754e-05     1.47372190669901e-05      3.3553146478354e-06         5.25616187994278        0.281863941748965        0.281863941748815        0.483208724067911        0.231029876425869        0.231029876425869        0.231029876425869
       0.0967521739130435      0.00153696757953116      0.00153696757953025     0.000392160079294529     1.48374807749745e-05     1.48374807749639e-05     3.37861275470209e-06         5.25192211079717        0.281336076463921        0.281336076464028        0.482854432339357        0.231029876425869        0.231029876425869        0.231029876425869
        0.096795652173913      0.00154323442678809      0.00154323442678888     0.000394007387759754     1.49388970889975e-05     1.49388970890067e-05     3.40215174773291e-06          5.2476643541105        0.280802051422259        0.280802051422166        0.482496301710169        0.231029876425869        0.231029876425869        0.231029876425869
       0.0968391304347826      0.00154956738804113      0.00154956738804184     0.000395873203413091     1.50414972723082e-05     1.50414972723164e-05     3.42593702096955e-06         5.24338858855481        0.280261693100192         0.28026169310011        0.482134227429557        0.231029876425869        0.231029876425869        0.231029876425869
       0.0968826086956522      0.00155596827961187      0.00155596827961194     0.000397758009886702     1.51453119075725e-05     1.51453119075733e-05     3.44997419967888e-06         5.23909428913621        0.279714819891306        0.279714819891297        0.481768099936306        0.231029876425869        0.231029876425869        0.231029876425869
       0.0969260869565217      0.00156243900304673      0.00156243900304673      0.00039966231323701     1.52503729844805e-05     1.52503729844805e-05     3.47426915537943e-06         5.23478103740888        0.279161241556712        0.279161241556713        0.481397804534207        0.231029876425869        0.231029876425869        0.231029876425869
       0.0969695652173913      0.00156898155078875      0.00156898155078841     0.000401586643432231      1.5356713993009e-05      1.5356713993005e-05     3.49882802185118e-06         5.23044816149905        0.278600758646686        0.278600758646725        0.481023221050568        0.231029876425869        0.231029876425869        0.231029876425869
       0.0970130434782609      0.00157559801208768      0.00157559801208791     0.000403531555909975     1.54643700217752e-05     1.54643700217778e-05     3.52365721199078e-06         5.22609501557839        0.278033161901251        0.278033161901225        0.480644223484257        0.231029876425869        0.231029876425869        0.231029876425869
       0.0970565217391304      0.00158229057999604      0.00158229057999832     0.000405497633400431     1.55733778716944e-05     1.55733778717214e-05     3.54876343728505e-06         5.22172089748552        0.277458231532172        0.277458231531909        0.480260679580728        0.231029876425869        0.231029876425869        0.231029876425869
                   0.0971      0.00158906155805163       0.0015890615580525     0.000407485487791956     1.56837761736658e-05      1.5683776173676e-05     3.57415372793245e-06         5.21732514014111        0.276875736501343        0.276875736501244        0.479872450408619        0.231029876425869        0.231029876425869        0.231029876425869
       0.0971434782608696      0.00159591336988656      0.00159591336988688     0.000409495762218572     1.57956055194678e-05     1.57956055194717e-05     3.59983545524548e-06         5.21290694874482        0.276285433708684        0.276285433708647         0.47947938988081        0.231029876425869        0.231029876425869        0.231029876425869
       0.0971869565217391      0.00160284856546422      0.00160284856546514     0.000411529133338556     1.59089086050176e-05     1.59089086050286e-05      3.6258163560921e-06         5.20846550118808         0.27568706710266        0.275687067102555        0.479081344232039        0.231029876425869        0.231029876425869        0.231029876425869
       0.0972304347826087      0.00160986983230733      0.00160986983230643     0.000413586313845118     1.60237303878652e-05     1.60237303878543e-05     3.65210455978191e-06         5.20399997514028        0.275080366700346        0.275080366700449        0.478678151442012        0.231029876425869        0.231029876425869        0.231029876425869
       0.0972739130434783      0.00161698000542794      0.00161698000542785     0.000415668055181608     1.61401182578757e-05     1.61401182578746e-05     3.67870861718604e-06         5.19950955965026        0.274465047532398        0.274465047532408        0.478269640615183        0.231029876425869        0.231029876425869        0.231029876425869
       0.0973173913043478      0.00162418207889779      0.00162418207889921     0.000417775150565389     1.62581222273319e-05      1.6258122227349e-05      3.7056375330783e-06         5.19499290777702        0.273840808459381         0.27384080845922        0.477855631286477        0.231029876425869        0.231029876425869        0.231029876425869
       0.0973608695652174      0.00163147921842325      0.00163147921842261      0.00041990843828763     1.63777951383133e-05     1.63777951383055e-05     3.73290080145087e-06         5.19044946771423        0.273207330886987         0.27320733088706        0.477435932666524        0.231029876425869        0.231029876425869        0.231029876425869
        0.097404347826087        0.001638874775478      0.00163887477547549     0.000422068805409699     1.64991928946953e-05     1.64991928946646e-05     3.76050844496102e-06         5.18587799591911        0.272564277318597        0.272564277318883        0.477010342791561        0.231029876425869        0.231029876425869        0.231029876425869
       0.0974478260869565      0.00164637230244619      0.00164637230244743     0.000424257191740351     1.66223747128538e-05     1.66223747128689e-05     3.78847105751253e-06         5.18127732062652        0.271911289809447        0.271911289809308        0.476578647618376        0.231029876425869        0.231029876425869        0.231029876425869
       0.0974913043478261      0.00165397557006245      0.00165397557006352     0.000426474594388468     1.67474034075837e-05     1.67474034075969e-05     3.81679985274116e-06         5.17664628118322        0.271247988178056        0.271247988177934        0.476140619975888        0.231029876425869        0.231029876425869        0.231029876425869
       0.0975347826086956      0.00166168858636114      0.00166168858636346     0.000428722072735571     1.68743457046508e-05     1.68743457046795e-05     3.84550671706376e-06         5.17198352261143        0.270573968067125        0.270573968066863        0.475696018427684        0.231029876425869        0.231029876425869        0.231029876425869
       0.0975782608695652      0.00166951561782434      0.00166951561782324     0.000431000753972094     1.70032725894881e-05     1.70032725894745e-05     3.87460426870142e-06         5.16728773922615         0.26988879877816        0.269888798778284        0.475244586005944        0.231029876425869        0.231029876425869        0.231029876425869
       0.0976217391304348      0.00167746121316901      0.00167746121316882     0.000433311839323682     1.71342596987927e-05     1.71342596987903e-05     3.90410592395008e-06          5.1625346895059        0.269192020833214        0.269192020833236        0.474786048784305        0.231029876425869        0.231029876425869        0.231029876425869
       0.0976652173913043      0.00168553022983211      0.00168553022983165     0.000435656610987474     1.72673877572739e-05     1.72673877572682e-05     3.93402597100731e-06         5.15776874492957        0.268483143260764        0.268483143260815        0.474320114291286        0.231029876425869        0.231029876425869        0.231029876425869
       0.0977086956521739      0.00169372786385286      0.00169372786385346     0.000438036439956816     1.74027430699805e-05     1.74027430699881e-05     3.96437965314923e-06         5.15296502687081         0.26776164053097        0.267761640530903        0.473846469718164        0.231029876425869        0.231029876425869        0.231029876425869
       0.0977521739130435      0.00170205968351776      0.00170205968351834     0.000440452794825113     1.75404180768467e-05     1.75404180768539e-05     3.99518326226589e-06         5.14812170868784         0.26702694910403        0.267026949103966        0.473364779903974        0.231029876425869        0.231029876425869        0.231029876425869
        0.097795652173913      0.00171053166719178      0.00171053166719162     0.000442907251694931     1.76805119771384e-05     1.76805119771363e-05     4.02645424411611e-06         5.14323683076142         0.26627846354942        0.266278463549438        0.472874685071043        0.231029876425869        0.231029876425869        0.231029876425869
       0.0978391304347826      0.00171915024672637      0.00171915024672372     0.000445401505533796     1.78231314441606e-05     1.78231314441268e-05      4.0582113187136e-06         5.13830830931766        0.265515532086675        0.265515532086971        0.472375798221654        0.231029876425869        0.231029876425869        0.231029876425869
       0.0978826086956522      0.00172792235605066      0.00172792235604609     0.000447937382905785      1.7968391428607e-05     1.79683914285485e-05     4.09047461543944e-06         5.13333386546579        0.264737451599078        0.264737451599586        0.471867702233964        0.231029876425869        0.231029876425869        0.231029876425869
       0.0979260869565217      0.00173685548760933      0.00173685548760824     0.000450516856733243     1.81164160882943e-05     1.81164160882804e-05     4.12326582931866e-06         5.12831104206686        0.263943461831449         0.26394346183157        0.471349946479573        0.231029876425869        0.231029876425869        0.231029876425869
       0.0979695652173913       0.0017459577564811      0.00174595775648959     0.000453142063081034       1.826733984706e-05     1.82673398471695e-05     4.15660839876083e-06         5.12323713203467        0.263132738801119        0.263132738800178        0.470822042989208        0.231029876425869        0.231029876425869        0.231029876425869
       0.0980130434782609      0.00175523797405492      0.00175523797405075     0.000455815320447533     1.84213086124245e-05     1.84213086123706e-05     4.19052770974056e-06         5.11810922413091         0.26230438722474        0.262304387225201        0.470283462049133        0.231029876425869        0.231029876425869        0.231029876425869
       0.0980565217391304      0.00176470573438284       0.0017647057343851     0.000458539152361995     1.85784811991715e-05     1.85784811992009e-05     4.22505133449623e-06          5.1129242524112        0.261457431629557        0.261457431629308        0.469733627025335        0.231029876425869        0.231029876425869        0.231029876425869
                   0.0981      0.00177437151293876      0.00177437151293847     0.000461316313229331     1.87390309638057e-05     1.87390309638019e-05     4.26020930480221e-06         5.10767867284682        0.260590806196016        0.260590806196048        0.469171908473726        0.231029876425869        0.231029876425869        0.231029876425869
       0.0981434782608696      0.00178424678358341      0.00178424678358619     0.000464149818950738     1.89031477353123e-05     1.89031477353487e-05      4.2960344350535e-06         5.10236869800662        0.259703342710524        0.259703342710219        0.468597617135612        0.231029876425869        0.231029876425869        0.231029876425869
       0.0981869565217391      0.00179434415421034      0.00179434415420975     0.000467042982431014     1.90710400612243e-05     1.90710400612165e-05      4.3325626971279e-06         5.09698995373974        0.258793756600631        0.258793756600695        0.468009995847362        0.231029876425869        0.231029876425869        0.231029876425869
       0.0982304347826087      0.00180467752937979      0.00180467752938092     0.000469999456132174     1.92429378934831e-05     1.92429378934981e-05     4.36983366872626e-06         5.09153814839315        0.257860630167849        0.257860630167725        0.467408209809902        0.231029876425869        0.231029876425869        0.231029876425869
       0.0982739130434783      0.00181526230088397      0.00181526230088434     0.000473023281972658     1.94190957464116e-05     1.94190957464164e-05     4.40789105942474e-06         5.08600812651405        0.256902392950848        0.256902392950808        0.466791335225316        0.231029876425869        0.231029876425869        0.231029876425869
       0.0983173913043478      0.00182611557870644      0.00182611557870702     0.000476118951763315     1.95997965162098e-05     1.95997965162177e-05     4.44678334670452e-06         5.08039382221594        0.255917297896616        0.255917297896552         0.46615834549608        0.231029876425869        0.231029876425869        0.231029876425869
       0.0983608695652174      0.00183725646722007      0.00183725646722431     0.000479291479517485     1.97853560584462e-05     1.97853560585034e-05     4.48656453696114e-06         5.07468902312364        0.254903392865562          0.2549033928651         0.46550809475318        0.231029876425869        0.231029876425869        0.231029876425869
        0.098404347826087      0.00184870640174885      0.00184870640175485     0.000482546489561729     1.99761287658479e-05      1.9976128765929e-05     4.52729509197125e-06         5.06888637101547        0.253858485886632        0.253858485885982        0.464839297779413        0.231029876425869        0.231029876425869        0.231029876425869
       0.0984478260869565      0.00186048956136886      0.00186048956136763     0.000485890324599245     2.01725144127464e-05     2.01725144127296e-05     4.56904306437265e-06         5.06297795614866        0.252780102520144        0.252780102520277        0.464150505394989        0.231029876425869        0.231029876425869        0.231029876425869
       0.0984913043478261      0.00187263337966573      0.00187263337967062     0.000489330179443284     2.03749666290172e-05     2.03749666290841e-05     4.61188550196007e-06         5.05695438250411        0.251665433077476        0.251665433076948         0.46344007401098        0.231029876425869        0.231029876425869        0.231029876425869
       0.0985347826086957      0.00188516918280945      0.00188516918280677     0.000492874268081722     2.05840034946191e-05     2.05840034945822e-05     4.65591020096269e-06         5.05080503146893        0.250511266653344        0.250511266653633        0.462706127621667        0.231029876425869        0.231029876425869        0.231029876425869
       0.0985782608695652      0.00189813299750968      0.00189813299750463      0.00049653203526738     2.08002209608637e-05     2.08002209607939e-05     4.70121792495218e-06         5.04451755102991        0.249313907546649        0.249313907547192        0.461946509677939        0.231029876425869        0.231029876425869        0.231029876425869
       0.0986217391304348      0.00191156658468434      0.00191156658468393     0.000500314427229271     2.10243100367086e-05     2.10243100367028e-05     4.74792524215546e-06         5.03807791916362        0.248069068280456        0.248069068280501        0.461158721564113        0.231029876425869        0.231029876425869        0.231029876425869
       0.0986652173913043      0.00192551878245728      0.00192551878245849     0.000504234243470495     2.12570791340032e-05     2.12570791340202e-05     4.79616821019485e-06         5.03146937145073        0.246771730529346        0.246771730529216        0.460339842687605        0.231029876425869        0.231029876425869        0.231029876425869
       0.0987086956521739      0.00194004727810017      0.00194004727807419     0.000508306600964255     2.14994835743376e-05     2.14994835739714e-05     4.84610723508981e-06         5.02467210947531        0.245415961524445        0.245415961527224        0.459486425108757        0.231029876425869        0.231029876425869        0.231029876425869
       0.0987521739130435      0.00195522098792856      0.00195522098792712     0.000512549557781341     2.17526652552499e-05     2.17526652552295e-05     4.89793359506806e-06         5.01766433834114        0.243994667323071        0.243994667323225        0.458594352077626        0.231029876425869        0.231029876425869        0.231029876425869
        0.098795652173913      0.00197112332066356      0.00197112332066719     0.000516984968289508     2.20180070903023e-05     2.20180070903541e-05     4.95187838129133e-06         5.01041360682425        0.242499254278299        0.242499254277913        0.457658644176987        0.231029876425869        0.231029876425869        0.231029876425869
       0.0988391304347826      0.00198785675170271      0.00198785675171638     0.000521639682355435     2.22972094075446e-05     2.22972094077413e-05     5.00822502793125e-06         5.00288635116621        0.240919154232427        0.240919154230974        0.456673187742301        0.231029876425869        0.231029876425869        0.231029876425869
       0.0988826086956522      0.00200554942179738      0.00200554942178461     0.000526547275511564      2.2592400270301e-05     2.25924002701159e-05     5.06732737884293e-06         4.99503813494151         0.23924113911318        0.239241139114534        0.455630343331822        0.231029876425869        0.231029876425869        0.231029876425869
       0.0989260869565217      0.00202436494603072      0.00202436494602999     0.000531750621827548     2.29062996950836e-05      2.2906299695073e-05     5.12963653949871e-06         4.98681201939186        0.237448301398282        0.237448301398359        0.454520364141847        0.231029876425869        0.231029876425869        0.231029876425869
       0.0989695652173913      0.00204451758856511      0.00204451758855523     0.000537305875427569     2.32424740128748e-05     2.32424740127293e-05     5.19574240526515e-06         4.97813319542892        0.235518475692029        0.235518475693072        0.453330496822701        0.231029876425869        0.231029876425869        0.231029876425869
       0.0990130434782609      0.00206629679456521      0.00206629679452591     0.000543288910039191     2.36057477620815e-05     2.36057477614975e-05     5.26644079392611e-06         4.96890036304025        0.233421685092055        0.233421685096197        0.452043529130793        0.231029876425869        0.231029876425869        0.231029876425869
       0.0990565217391304      0.00209011331464981      0.00209011331464989     0.000549807349212975     2.40029720388765e-05     2.40029720388776e-05     5.34285848633423e-06         4.95896912167924        0.231115331818621        0.231115331818613        0.450635053726798        0.231029876425869        0.231029876425869        0.231029876425869
                   0.0991      0.00211656388616025      0.00211656388616015     0.000557017837493677     2.44441394457068e-05     2.44441394457053e-05     5.42663410640791e-06         4.94812833267567        0.228537465924071        0.228537465924082        0.449069673446023        0.231029876425869        0.231029876425869        0.231029876425869
       0.0991434782608696      0.00214660769168394      0.00214660769168387     0.000565172049117321     2.49453284799889e-05     2.49453284799879e-05     5.52039563664236e-06         4.93603758520008        0.225588350481702        0.225588350481708        0.447290544527112        0.231029876425869        0.231029876425869        0.231029876425869
       0.0991869565217391       0.0021819286753063      0.00218192867530526     0.000574712230506767     2.55348578156181e-05     2.55348578156018e-05     5.62875523958504e-06         4.92209677565133        0.222092611485652        0.222092611485761        0.445198038715386        0.231029876425869        0.231029876425869        0.231029876425869
       0.0992304347826087      0.00222602633470505      0.00222602633470197     0.000586558367234986     2.62718035959242e-05     2.62718035958754e-05     5.76129545830765e-06          4.9050489935887        0.217685106464701        0.217685106465023        0.442585520577263        0.231029876425869        0.231029876425869        0.231029876425869
       0.0992739130434783      0.00228900661789287      0.00228900661786018     0.000603371485145066     2.73277238732777e-05     2.73277238727466e-05     5.94570264792921e-06         4.88123704388084        0.211308775605954         0.21130877560937        0.438857899852155        0.231029876425869        0.231029876425869        0.231029876425869
       0.0993173913043478      0.00259683960396621      0.00259683960396958     0.000685495639165155     3.27039767630808e-05     3.27039767631432e-05     6.81121495325201e-06         4.76494482111792        0.178994047841465        0.178994047841101        0.420961118469605        0.231029876425869        0.231029876425869        0.231029876425869
       0.0993608695652174      0.00271115892831884      0.00271115892831589     0.000717410886628122      3.4924862689373e-05     3.49248626893155e-05     7.16053423771995e-06         4.71656097113775        0.166748451976068        0.166748451976395        0.414632067373477        0.231029876425869        0.231029876425869        0.231029876425869
        0.099404347826087      0.00276033001379181      0.00276033001378165     0.000731711346583673     3.59490149907278e-05      3.5949014990525e-05     7.32608277283685e-06         4.69394597986164        0.161504751514573        0.161504751515712        0.411999324236052        0.231029876425869        0.231029876425869        0.231029876425869
       0.0994478260869565      0.00279527638614734      0.00279527638614698     0.000742149505835312     3.67082600319812e-05     3.67082600319739e-05     7.45150516474796e-06         4.67706967650048        0.157800210614429        0.157800210614469        0.410167165797552        0.231029876425869        0.231029876425869        0.231029876425869
       0.0994913043478261      0.00282322744426761      0.00282322744426767     0.000750685571795732     3.73364959568604e-05     3.73364959568615e-05     7.55726252109818e-06         4.66304786531625        0.154855551084075        0.154855551084069        0.408727105369647        0.231029876425869        0.231029876425869        0.231029876425869
       0.0995347826086957      0.00284689383685726      0.00284689383685745     0.000758055784846869     3.78842084798953e-05     3.78842084798993e-05     7.65103258935463e-06         4.65079025034625        0.152377834731527        0.152377834731505          0.4075264697867        0.231029876425869        0.231029876425869        0.231029876425869
       0.0995782608695652      0.00286762322206135      0.00286762322206134     0.000764626636271723     3.83766008990378e-05     3.83766008990374e-05     7.73663334792208e-06         4.63975147707723        0.150221119187195        0.150221119187196        0.406489538556638        0.231029876425869        0.231029876425869        0.231029876425869
       0.0996217391304348      0.00288619548205508      0.00288619548207985     0.000770610463290955     3.88283093531242e-05     3.88283093536531e-05     7.81627463732832e-06          4.6296142640852        0.148300786553135        0.148300786550242        0.405572577342303        0.231029876425869        0.231029876425869        0.231029876425869
       0.0996652173913044      0.00290310247829668      0.00290310247830038       0.0007761411261963     3.92485803113727e-05     3.92485803114524e-05     7.89134759459643e-06         4.62017780679676         0.14656341438515        0.146563414384716        0.404748067274121        0.231029876425869        0.231029876425869        0.231029876425869
       0.0997086956521739      0.00291868254965405      0.00291868254963856     0.000781310927913139     3.96437994149882e-05     3.96437994146512e-05      7.9628109158389e-06         4.61130301290591        0.144972167553151        0.144972167554983        0.403997093142891        0.231029876425869        0.231029876425869        0.231029876425869
       0.0997521739130435      0.00293317552412858      0.00293317552412111     0.000786185266965101     4.00184986815314e-05     4.00184986813676e-05     8.03134292295343e-06         4.60289105402017        0.143500911475509        0.143500911476397        0.403306272627293        0.231029876425869        0.231029876425869        0.231029876425869
        0.099795652173913      0.00294675921755462      0.00294675921753811     0.000790812653729405     4.03760445621163e-05     4.03760445617513e-05     8.09744622654617e-06         4.59486836904347        0.142130243450287        0.142130243452261        0.402665696817873        0.231029876425869        0.231029876425869        0.231029876425869
       0.0998391304347826      0.00295956948100684      0.00295956948099649     0.000795230163767308     4.07190132896074e-05     4.07190132893769e-05     8.16150454835078e-06         4.58717856273873         0.14084532125268        0.140845321253923        0.402067804674234        0.231029876425869        0.231029876425869        0.231029876425869
       0.0998826086956522      0.00297171268858472      0.00297171268858492     0.000799466836971987     4.10494251495048e-05     4.10494251495093e-05     8.22381812479727e-06         4.57977732752387        0.139634509127664         0.13963450912764        0.401506682636209        0.231029876425869        0.231029876425869        0.231029876425869
       0.0999260869565217      0.00298327384437324      0.00298327384436862     0.000803545885169839      4.1368896763364e-05     4.13688967632596e-05     8.28462668687505e-06         4.57262914281286        0.138488498172035        0.138488498172595         0.40097761032717        0.231029876425869        0.231029876425869        0.231029876425869
       0.0999695652173913      0.00299432205855859      0.00299432205856468     0.000807486184134691     4.16787441275012e-05     4.16787441276395e-05     8.34412498433141e-06         4.56570500119692        0.137399711603133        0.137399711602391        0.400476753961227        0.231029876425869        0.231029876425869        0.231029876425869
        0.100013043478261      0.00300491435366428      0.00300491435366998     0.000811303310901737     4.19800543154474e-05      4.1980054315578e-05     8.40247357260619e-06         4.55898095573407        0.136361891103103        0.136361891102404        0.400000953427194        0.231029876425869        0.231029876425869        0.231029876425869
         0.10005652173913      0.00301509838374106      0.00301509838374157     0.000815010285145412     4.22737367682119e-05     4.22737367682236e-05     8.45980651838743e-06         4.55243700006576        0.135369801075707        0.135369801075645        0.399547570294204        0.231029876425869        0.231029876425869        0.231029876425869
                   0.1001      0.00302491442136435      0.00302491442136309     0.000818618111098234      4.2560560818249e-05     4.25605608182199e-05     8.51623702910003e-06         4.54605599429446        0.134419012379652        0.134419012379807        0.399114376830949        0.231029876425869        0.231029876425869        0.231029876425869
         0.10014347826087      0.00303439683710972      0.00303439683710711      0.00082213618111317     4.28411836536465e-05     4.28411836535854e-05     8.57186164255275e-06         4.53982341593378         0.13350574120969        0.133505741210015        0.398699473433923        0.231029876425869        0.231029876425869        0.231029876425869
        0.100186956521739      0.00304357522298424      0.00304357522298472     0.000825572582249919     4.31161715800239e-05     4.31161715800353e-05     8.62676340836491e-06         4.53372668217986        0.132626726650814        0.132626726650753        0.398301225967751        0.231029876425869        0.231029876425869        0.231029876425869
        0.100230434782609      0.00305247525750986      0.00305247525750826     0.000828934332393668     4.33860164083328e-05     4.33860164082951e-05     8.68101433676391e-06         4.52775484959714        0.131779136330756        0.131779136330956        0.397918217550621        0.231029876425869        0.231029876425869        0.231029876425869
        0.100273913043478       0.0030611193797569      0.00306111937975894     0.000832227564231922     4.36511482281352e-05     4.36511482281837e-05     8.73467730517668e-06         4.52189833289255        0.130960492886434        0.130960492886177        0.397549211009112        0.231029876425869        0.231029876425869        0.231029876425869
        0.100317391304348        0.003069527324603      0.00306952732460405     0.000835457671447785     4.39119455702232e-05     4.39119455702484e-05     8.78780757296599e-06         4.51614867969482        0.130168615498335        0.130168615498202        0.397193119084497        0.231029876425869        0.231029876425869        0.231029876425869
        0.100360869565217        0.003077716548829        0.003077716548828     0.000838629425064569     4.41687434947205e-05     4.41687434946966e-05     8.84045398574695e-06         4.51049841065401        0.129401573350037        0.129401573350163        0.396848980727926        0.231029876425869        0.231029876425869        0.231029876425869
        0.100404347826087      0.00308570257599589      0.00308570257599777     0.000841747067654485     4.44218401455328e-05      4.4421840145578e-05     8.89265995017321e-06         4.50494062579418        0.128657647926809        0.128657647926572        0.396515941924984        0.231029876425869        0.231029876425869        0.231029876425869
        0.100447826086957      0.00309349927800896      0.00309349927801107     0.000844814390266778     4.46715021074162e-05     4.46715021074674e-05     8.94446422956285e-06         4.49946977023655         0.12793530221116        0.127935302210891        0.396193240051644        0.231029876425869        0.231029876425869        0.231029876425869
        0.100491304347826      0.00310111910601016      0.00310111910600913     0.000847834795506454     4.49179687989241e-05     4.49179687988992e-05     8.99590159573353e-06         4.49408022504619        0.127233155418772        0.127233155418903        0.395880191051057        0.231029876425869        0.231029876425869        0.231029876425869
        0.100534782608696       0.0031085732822475      0.00310857328224827     0.000850811349985172     4.51614561279217e-05     4.51614561279404e-05     9.04700337085687e-06         4.48876741198128        0.126549961983919        0.126549961983821        0.395576178782124        0.231029876425869        0.231029876425869        0.231029876425869
        0.100578260869565      0.00311587195960182      0.00311587195960201     0.000853746827891505     4.54021595294844e-05      4.5402159529489e-05     9.09779787708077e-06         4.48352644190666        0.125884594089501        0.125884594089477        0.395280646171687        0.231029876425869        0.231029876425869        0.231029876425869
        0.100621739130435      0.00312302435679686      0.00312302435679862     0.000856643747985031     4.56402565484684e-05     4.56402565485118e-05     9.14831081846048e-06         4.47835353483569        0.125236026830804        0.125236026830577        0.394993087716415        0.231029876425869        0.231029876425869        0.231029876425869
        0.100665217391304      0.00313003887121124      0.00313003887121079     0.000859504404402545     4.58759089873704e-05      4.5875908987359e-05     9.19856559830728e-06         4.47324503191445        0.124603325858839        0.124603325858898        0.394713043230469        0.231029876425869        0.231029876425869        0.231029876425869
        0.100708695652174       0.0031369231763465      0.00313692317634643     0.000862330893332551      4.6109264771452e-05     4.61092647714501e-05     9.24858359433217e-06         4.46819758143972        0.123985636669852        0.123985636669862        0.394440092447102        0.231029876425869        0.231029876425869        0.231029876425869
        0.100752173913043      0.00314368430377894      0.00314368430377729     0.000865125135398315     4.63404595100923e-05     4.63404595100509e-05     9.29838438890637e-06         4.46320810311665         0.12338217562211        0.123382175622326        0.394173850480252        0.231029876425869        0.231029876425869        0.231029876425869
        0.100795652173913      0.00315032871488261      0.00315032871488287     0.000867888895293158     4.65696178713452e-05     4.65696178713518e-05     9.34798597140082e-06         4.45827377502904        0.122792222044345         0.12279222204431        0.393913963855996        0.231029876425869        0.231029876425869        0.231029876425869
        0.100839130434783      0.00315686236178804      0.00315686236178846     0.000870623798430707     4.67968547452781e-05     4.67968547452886e-05     9.39740490930516e-06         4.45339121150759        0.122215111544428        0.122215111544373        0.393660107141102        0.231029876425869        0.231029876425869        0.231029876425869
        0.100882608695652      0.00316329074077147      0.00316329074077165     0.000873331345560587     4.70222762663321e-05     4.70222762663365e-05       9.446656498557e-06         4.44855953145119        0.121650230135702        0.121650230135679        0.393411979989694        0.231029876425869        0.231029876425869        0.231029876425869
        0.100926086956522      0.00316961893862876      0.00316961893862724     0.000876012925442966      4.7245980701052e-05     4.72459807010132e-05     9.49575489376122e-06         4.44377572425877        0.121097009135086        0.121097009135287        0.393169304581964        0.231029876425869        0.231029876425869        0.231029876425869
        0.100969565217391      0.00317585167302156      0.00317585167302076     0.000878669825887075      4.7468059219477e-05     4.74680592194565e-05     9.54471322147015e-06         4.43903770445297        0.120554920726766        0.120554920726872        0.392931823393277        0.231029876425869        0.231029876425869        0.231029876425869
        0.101013043478261      0.00318199332838079      0.00318199332838087     0.000881303243572096     4.76885965849874e-05     4.76885965849896e-05     9.59354368108773e-06         4.43434351551813        0.120023474001695        0.120023474001684        0.392699297214031        0.231029876425869        0.231029876425869        0.231029876425869
         0.10105652173913      0.00318804798691709      0.00318804798691609     0.000883914292526612     4.79076717465699e-05      4.7907671746544e-05     9.64225763170764e-06         4.42969137757162         0.11950221154857        0.119502211548704        0.392471503435998        0.231029876425869        0.231029876425869        0.231029876425869
                   0.1011      0.00319401945656926      0.00319401945656876     0.000886504011779176     4.81253583763036e-05     4.81253583762906e-05      9.6908656706362e-06         4.42507956659818        0.118990706367825        0.118990706367892        0.392248234511346        0.231029876425869        0.231029876425869        0.231029876425869
         0.10114347826087      0.00319991129540347      0.00319991129540416     0.000889073372029119     4.83417253363795e-05     4.83417253363972e-05     9.73937770166221e-06         4.42050655172694        0.118488559184648        0.118488559184556        0.392029296606453        0.231029876425869        0.231029876425869        0.231029876425869
        0.101186956521739      0.00320572683349594      0.00320572683349559     0.000891623281631843     4.85568370993178e-05     4.85568370993085e-05       9.787802996351e-06         4.41597080508654         0.11799539603382        0.117995396033868        0.391814508396085        0.231029876425869        0.231029876425869        0.231029876425869
        0.101230434782609      0.00321146919239282      0.00321146919239336     0.000894154591926031     4.87707541214546e-05     4.87707541214687e-05     9.83615024855246e-06         4.41147095056265        0.117510866112183        0.117510866112111        0.391603699990319        0.231029876425869        0.231029876425869        0.231029876425869
        0.101273913043478      0.00321714130253227      0.00321714130253304     0.000896668101997902     4.89835331775851e-05     4.89835331776055e-05     9.88442762312123e-06         4.40700567096841        0.117034639854611        0.117034639854506        0.391396711975279        0.231029876425869        0.231029876425869        0.231029876425869
        0.101317391304348      0.00322274591889499      0.00322274591889534     0.000899164562965887     4.91952276619189e-05     4.91952276619283e-05     9.93264279972912e-06         4.40257373719682        0.116566407204022        0.116566407203974        0.391193394551174        0.231029876425869        0.231029876425869        0.231029876425869
        0.101360869565217      0.00322828563484145      0.00322828563484112      0.00090164468175872     4.94058878526348e-05     4.94058878526262e-05     9.98080301135552e-06          4.3981739829392        0.116105876086839        0.116105876086883        0.390993606770352        0.231029876425869        0.231029876425869        0.231029876425869
        0.101404347826087      0.00323376289502962      0.00323376289503021     0.000904109124660613     4.96155611621958e-05     4.96155611622116e-05     1.00289150806201e-05           4.393805308888        0.115652770977712        0.115652770977631        0.390797215826947        0.231029876425869        0.231029876425869        0.231029876425869
        0.101447826086957       0.0032391800065239      0.00323918000652405     0.000906558520338682     4.98242923488067e-05     4.98242923488108e-05     1.00769854505098e-05         4.38946668167328        0.115206831678246        0.115206831678225        0.390604096445347        0.231029876425869        0.231029876425869        0.231029876425869
        0.101491304347826      0.00324453914936881      0.00324453914936897     0.000908993462746017     5.00321237216093e-05     5.00321237216134e-05     1.01250202141102e-05         4.38515711735388        0.114767812140539        0.114767812140518        0.390414130299155        0.231029876425869        0.231029876425869        0.231029876425869
        0.101534782608696      0.00324984238578567      0.00324984238578617     0.000911414513631586     5.02390953164375e-05      5.0239095316451e-05     1.01730251400925e-05         4.38087568342628        0.114335479453186        0.114335479453117        0.390227205505355        0.231029876425869        0.231029876425869        0.231029876425869
        0.101578260869565      0.00325509166872742      0.00325509166872683     0.000913822204882093     5.04452450608295e-05     5.04452450608137e-05     1.02210056965873e-05         4.37662147636438        0.113909612892484        0.113909612892564         0.39004321615444        0.231029876425869        0.231029876425869        0.231029876425869
        0.101621739130435      0.00326028884965259      0.00326028884965294     0.000916217040651301     5.06506089239448e-05     5.06506089239544e-05     1.02689670728769e-05         4.37239369630332        0.113490003060136        0.113490003060087        0.389862061883262        0.231029876425869        0.231029876425869        0.231029876425869
        0.101665217391304      0.00326543568547529      0.00326543568547565     0.000918599499255661     5.08552210495539e-05     5.08552210495638e-05     1.03169141986095e-05         4.36819153504257        0.113076451115785        0.113076451115734         0.38968364749343        0.231029876425869        0.231029876425869        0.231029876425869
        0.101708695652174      0.00327053384514271      0.00327053384514252     0.000920970034980457     5.10591138837228e-05     5.10591138837176e-05     1.03648517622374e-05         4.36401422624897        0.112668768044112        0.112668768044138        0.389507882590245        0.231029876425869        0.231029876425869        0.231029876425869
        0.101752173913043      0.00327558491545306      0.00327558491545274     0.000923329079667639     5.12623182862605e-05     5.12623182862517e-05     1.04127842270984e-05         4.35986105431896        0.112266774011622        0.112266774011666        0.389334681263361        0.231029876425869        0.231029876425869        0.231029876425869
        0.101795652173913      0.00328059040646405      0.00328059040646448     0.000925677044194599     5.14648636349318e-05     5.14648636349436e-05     1.04607158464267e-05         4.35573131102523        0.111870297766407        0.111870297766346        0.389163961790213        0.231029876425869        0.231029876425869        0.231029876425869
        0.101839130434783      0.00328555175648814      0.00328555175648828     0.000928014319842742     5.16667779219775e-05     5.16667779219814e-05     1.05086506772602e-05         4.35162437504904        0.111479176082683        0.111479176082663        0.388995646361994        0.231029876425869        0.231029876425869        0.231029876425869
        0.101882608695652      0.00329047033663194      0.00329047033663164     0.000930341279538238     5.18680878414217e-05     5.18680878414132e-05     1.05565925930061e-05           4.347539612314        0.111093253257296        0.111093253257339        0.388829660834733        0.231029876425869        0.231029876425869        0.231029876425869
        0.101926086956522      0.00329534745502506      0.00329534745502519     0.000932658279009749     5.20688188708258e-05     5.20688188708294e-05     1.06045452951909e-05         4.34347640603566        0.110712380639074        0.110712380639055        0.388665934497598        0.231029876425869        0.231029876425869        0.231029876425869
        0.101969565217391      0.00330018436066373      0.00330018436066336     0.000934965657837914     5.22689953451539e-05     5.22689953451438e-05     1.06525123240676e-05         4.33943419274492        0.110336416202482        0.110336416202533        0.388504399862328        0.231029876425869        0.231029876425869        0.231029876425869
        0.102013043478261      0.00330498224701821      0.00330498224701795     0.000937263740444011     5.24686405266019e-05     5.24686405265946e-05     1.07004970686447e-05          4.3354124245799        0.109965224145614        0.109965224145651        0.388344992465582        0.231029876425869        0.231029876425869        0.231029876425869
         0.10205652173913      0.00330974225529458      0.00330974225529458     0.000939552836980115     5.26677766671318e-05     5.26677766671318e-05     1.07485027756588e-05         4.33141057878103        0.109598674528707        0.109598674528707         0.38818765069023        0.231029876425869        0.231029876425869        0.231029876425869
                   0.1021       0.0033144654775592      0.00331446547755919     0.000941833244185146      5.2866425069293e-05     5.28664250692926e-05     1.07965325582702e-05         4.32742883646504        0.109236642924562        0.109236642924564         0.38803231559464        0.231029876425869        0.231029876425869        0.231029876425869
         0.10214347826087       0.0033191529595245      0.00331915295952442     0.000944105246146106     5.30646061395344e-05     5.30646061395323e-05     1.08445894037208e-05         4.32346534892091        0.108879010109985        0.108879010109995        0.387878930759841        0.231029876425869        0.231029876425869        0.231029876425869
        0.102186956521739      0.00332380570321148      0.00332380570321177     0.000946369115026612      5.3262339439844e-05     5.32623394398521e-05     1.08926761807096e-05         4.31952033566673        0.108525661768382         0.10852566176834        0.387727442144053        0.231029876425869        0.231029876425869        0.231029876425869
        0.102230434782609      0.00332842466938187      0.00332842466938178     0.000948625111730552     5.34596437345708e-05     5.34596437345682e-05     1.09407956460766e-05         4.31559335372158        0.108176488219246         0.10817648821926         0.38757779794976        0.231029876425869        0.231029876425869        0.231029876425869
        0.102273913043478      0.00333301077981583      0.00333301077981592     0.000950873486526708     5.36565370344165e-05     5.36565370344193e-05     1.09889504511085e-05         4.31168397840835        0.107831384164245        0.107831384164231        0.387429948498883        0.231029876425869        0.231029876425869        0.231029876425869
        0.102317391304348      0.00333756491945274      0.00333756491945274     0.000953114479633313     5.38530366379729e-05     5.38530366379728e-05     1.10371431474421e-05         4.30779179911008        0.107490248447833        0.107490248447833        0.387283846116097        0.231029876425869        0.231029876425869        0.231029876425869
        0.102360869565217      0.00334208793833152      0.00334208793833127     0.000955348321748342     5.40491591688768e-05     5.40491591688697e-05     1.10853761923834e-05          4.3039164229572        0.107152983841949        0.107152983841985        0.387139445022489        0.231029876425869        0.231029876425869        0.231029876425869
        0.102404347826087      0.00334658065345797       0.0033465806534581     0.000957575234560252     5.42449206121008e-05     5.42449206121046e-05     1.11336519540653e-05         4.30005746971474        0.106819496836883        0.106819496836865        0.386996701233739        0.231029876425869        0.231029876425869        0.231029876425869
        0.102447826086957      0.00335104385054465      0.00335104385054465     0.000959795431224796     5.44403363477412e-05     5.44403363477411e-05      1.1181972716261e-05         4.29621457473122        0.106489697446456        0.106489697446456        0.386855572465082        0.231029876425869        0.231029876425869        0.231029876425869
        0.102491304347826      0.00335547828555346      0.00335547828555373     0.000962009116783534     5.46354211801952e-05     5.46354211802031e-05     1.12303406825386e-05         4.29238738504857         0.10616349903795         0.10616349903791        0.386716018046932        0.231029876425869        0.231029876425869        0.231029876425869
        0.102534782608696      0.00335988468626632      0.00335988468626649     0.000964216488596253     5.48301893691151e-05       5.483018936912e-05      1.1278757980658e-05         4.28857556003099        0.105840818154561        0.105840818154537        0.386577998839274        0.231029876425869        0.231029876425869        0.231029876425869
        0.102578260869565      0.00336426375367483      0.00336426375367487     0.000966417736719414     5.50246546560691e-05     5.50246546560702e-05     1.13272266663544e-05         4.28477877823801        0.105521574360791        0.105521574360786        0.386441477155839        0.231029876425869        0.231029876425869        0.231029876425869
        0.102621739130435      0.00336861616330615      0.00336861616330576     0.000968613044269486     5.52188302902027e-05     5.52188302901913e-05       1.137574872699e-05         4.28099672589921        0.105205690094108        0.105205690094165        0.386306416691644        0.231029876425869        0.231029876425869        0.231029876425869
        0.102665217391304      0.00337294256644972      0.00337294256644961     0.000970802587756615     5.54127290518113e-05     5.54127290518082e-05     1.14243260848865e-05         4.27722908626937        0.104893090528252        0.104893090528268         0.38617278245619        0.231029876425869        0.231029876425869        0.231029876425869
        0.102708695652174      0.00337724359133447      0.00337724359133406     0.000972986537407467     5.56063632752127e-05     5.56063632752008e-05     1.14729606005734e-05         4.27347557799304        0.104583703441153        0.104583703441212        0.386040540709195        0.231029876425869        0.231029876425869        0.231029876425869
        0.102752173913043      0.00338151984423143      0.00338151984423163     0.000975165057466682     5.57997448701397e-05     5.57997448701454e-05     1.15216540758143e-05         4.26973591185671        0.104277459091272        0.104277459091243        0.385909658900533        0.231029876425869        0.231029876425869        0.231029876425869
        0.102795652173913      0.00338577191046931      0.00338577191046955     0.000977338306473382      5.5992885341232e-05     5.59928853412392e-05     1.15704082563621e-05         4.26600981045881        0.103974290104419        0.103974290104383         0.38578010561489        0.231029876425869        0.231029876425869        0.231029876425869
        0.102839130434783      0.00339000035540917      0.00339000035540918     0.000979506437528102     5.61857958069321e-05     5.61857958069325e-05     1.16192248346356e-05          4.2622970137851        0.103674131364435        0.103674131364433        0.385651850518591        0.231029876425869        0.231029876425869        0.231029876425869
        0.102882608695652      0.00339420572536995      0.00339420572537001     0.000981669598546089     5.63784870175054e-05     5.63784870175073e-05     1.16681054522631e-05         4.25859726255087        0.103376919909086        0.103376919909076        0.385524864309237        0.231029876425869        0.231029876425869        0.231029876425869
        0.102926086956522      0.00339838854846717      0.00339838854846736      0.00098382793248509     5.65709693710323e-05     5.65709693710378e-05     1.17170517023384e-05          4.2549103079485        0.103082594836866        0.103082594836838        0.385399118669998        0.231029876425869        0.231029876425869        0.231029876425869
        0.102969565217391      0.00340254933544906      0.00340254933544893     0.000985981577575051     5.67632529298204e-05     5.67632529298165e-05     1.17660651317375e-05         4.25123591088902        0.102791097212436        0.102791097212455        0.385274586224117        0.231029876425869        0.231029876425869        0.231029876425869
        0.103013043478261      0.00340668858046393      0.00340668858046378     0.000988130667528009     5.69553474352571e-05     5.69553474352526e-05     1.18151472432146e-05         4.24757383556169        0.102502369980528        0.102502369980551        0.385151240493098        0.231029876425869        0.231029876425869        0.231029876425869
         0.10305652173913      0.00341080676172205        0.003410806761722     0.000990275331714957     5.71472623199468e-05     5.71472623199451e-05      1.1864299497106e-05          4.2439238595918        0.102216357894018        0.102216357894026        0.385029055860631        0.231029876425869        0.231029876425869        0.231029876425869
                   0.1031      0.00341490434228871      0.00341490434228887     0.000992415695388255     5.73390067241887e-05     5.73390067241936e-05     1.19135233136504e-05         4.24028576010277        0.101933007420981        0.101933007420956        0.384908007529647        0.231029876425869        0.231029876425869        0.231029876425869
         0.10314347826087      0.00341898177065905      0.00341898177065907      0.00099455187983517     5.75305895063302e-05     5.75305895063309e-05     1.19628200744508e-05         4.23665932629031        0.101652266682823         0.10165226668282        0.384788071490822        0.231029876425869        0.231029876425869        0.231029876425869
        0.103186956521739      0.00342303948138806      0.00342303948138808     0.000996684002550054     5.77220192551252e-05     5.77220192551258e-05     1.20121911242026e-05          4.2330443531444        0.101374085382952        0.101374085382949        0.384669224488456        0.231029876425869        0.231029876425869        0.231029876425869
        0.103230434782609      0.00342707789567542      0.00342707789567543     0.000998812177394883     5.79133043010898e-05     5.79133043010901e-05     1.20616377722975e-05         4.22944063854583        0.101098414740937        0.101098414740935        0.384551443988569        0.231029876425869        0.231029876425869        0.231029876425869
        0.103273913043478      0.00343109742192413      0.00343109742192393      0.00100093651475138     5.81044527274002e-05     5.81044527273938e-05     1.21111612943418e-05         4.22584799320988        0.100825207429425        0.100825207429457        0.384434708148684        0.231029876425869        0.231029876425869        0.231029876425869
        0.103317391304348      0.00343509845622992      0.00343509845622971      0.00100305712165372     5.82954723789968e-05     5.82954723789907e-05     1.21607629334453e-05         4.22226622623052          0.1005544175204        0.100554417520431        0.384318995791001        0.231029876425869        0.231029876425869        0.231029876425869
        0.103360869565217      0.00343908138292692      0.00343908138292695      0.00100517410193923     5.84863708736976e-05     5.84863708736988e-05     1.22104439017664e-05         4.21869515470733        0.100286000421898        0.100286000421892        0.384204286373014        0.231029876425869        0.231029876425869        0.231029876425869
        0.103404347826087       0.0034430465750199      0.00344304657502005        0.001007287556365     5.86771556101368e-05     5.86771556101415e-05     1.22602053816335e-05         4.21513460188093         0.10001991283086        0.100019912830837        0.384090559963819        0.231029876425869        0.231029876425869        0.231029876425869
        0.103447826086957      0.00344699439464594      0.00344699439464592      0.00100939758273406     5.88678337768617e-05     5.88678337768611e-05     1.23100485268094e-05         4.21158439410468       0.0997561126806262       0.0997561126806293        0.383977797219174        0.231029876425869        0.231029876425869        0.231029876425869
        0.103491304347826      0.00345092519349963      0.00345092519349976      0.00101150427601216      5.9058412360564e-05      5.9058412360568e-05     1.23599744636529e-05         4.20804436184372       0.0994945590930611       0.0994945590930413        0.383865979358287        0.231029876425869        0.231029876425869        0.231029876425869
        0.103534782608696      0.00345483931323164      0.00345483931323153      0.00101360772843524     5.92488981537306e-05      5.9248898153727e-05     1.24099842921748e-05          4.2045143443253       0.0992352123338939       0.0992352123339116        0.383755088142313        0.231029876425869        0.231029876425869        0.231029876425869
        0.103578260869565      0.00345873708584992      0.00345873708584979      0.00101570802962043     5.94392977626002e-05      5.9439297762596e-05     1.24600790871573e-05         4.20099418295037       0.0989780337668647       0.0989780337668851        0.383645105852525        0.231029876425869        0.231029876425869        0.231029876425869
        0.103621739130435      0.00346261883406046      0.00346261883406039      0.00101780526665761     5.96296176134665e-05     5.96296176134645e-05     1.25102598990333e-05         4.19748372204094       0.0987229858163406       0.0987229858163502        0.383536015271754        0.231029876425869        0.231029876425869        0.231029876425869
        0.103665217391304      0.00346648487163122      0.00346648487163141       0.0010198995242091     5.98198639598978e-05     5.98198639599034e-05     1.25605277548873e-05         4.19398281158668       0.0984700319256866       0.0984700319256586        0.383427799664746        0.231029876425869        0.231029876425869        0.231029876425869
        0.103708695652174      0.00347033550372685      0.00347033550372652      0.00102199088460117     6.00100428892421e-05      6.0010042889232e-05     1.26108836593641e-05         4.19049130668108       0.0982191365194379       0.0982191365194875        0.383320442760001        0.231029876425869        0.231029876425869        0.231029876425869
        0.103752173913043      0.00347417102722586      0.00347417102722594      0.00102407942791109     6.02001603287762e-05     6.02001603287787e-05     1.26613285955311e-05         4.18700905983085       0.0979702649674889       0.0979702649674767        0.383213928732483        0.231029876425869        0.231029876425869        0.231029876425869
        0.103795652173913      0.00347799173100809      0.00347799173100808      0.00102616523204396     6.03902220510907e-05     6.03902220510903e-05      1.2711863525618e-05         4.18353593968098       0.0977233835532821       0.0977233835532843         0.38310824218811        0.231029876425869        0.231029876425869        0.231029876425869
        0.103839130434783      0.00348179789626301      0.00348179789626314       0.0010282483728182     6.05802336802968e-05     6.05802336803008e-05     1.27624893918836e-05         4.18007180784931       0.0974784594381847       0.0974784594381652        0.383003368147053        0.231029876425869        0.231029876425869        0.231029876425869
        0.103882608695652      0.00348558979675107      0.00348558979675087      0.00103032892403592      6.0770200696917e-05     6.07702006969107e-05     1.28132071172954e-05         4.17661653308721       0.0972354606325638       0.0972354606325945        0.382899292029531        0.231029876425869        0.231029876425869        0.231029876425869
        0.103926086956522      0.00348936769907503      0.00348936769907505      0.00103240695755773     6.09601284432383e-05     6.09601284432389e-05     1.28640176062764e-05         4.17316998739178       0.0969943559647929       0.0969943559647902        0.382795999641084        0.231029876425869        0.231029876425869        0.231029876425869
        0.103969565217391      0.00349313186292519       0.0034931318629251      0.00103448254336821     6.11500221279834e-05     6.11500221279805e-05     1.29149217453402e-05         4.16973204417129       0.0967551150538137       0.0967551150538277        0.382693477159427        0.231029876425869        0.231029876425869        0.231029876425869
        0.104013043478261      0.00349688254132725      0.00349688254132725      0.00103655574964523     6.13398868312039e-05     6.13398868312039e-05     1.29659204037875e-05         4.16630258287732       0.0965177082807904       0.0965177082807904        0.382591711120833        0.231029876425869        0.231029876425869        0.231029876425869
         0.10405652173913      0.00350061998086226       0.0035006199808623      0.00103862664281836     6.15297275084146e-05     6.15297275084158e-05     1.30170144342652e-05         4.16288148339746       0.0962821067646744       0.0962821067646682         0.38249068840835        0.231029876425869        0.231029876425869        0.231029876425869
                   0.1041       0.0035043444219007      0.00350434442190065      0.00104069528763363     6.17195489953027e-05      6.1719548995301e-05     1.30682046734221e-05         4.15946861231449       0.0960482823351184       0.0960482823351264        0.382390396239135        0.231029876425869        0.231029876425869        0.231029876425869
         0.10414347826087      0.00350805609879462      0.00350805609879476      0.00104276174720523     6.19093560112173e-05      6.1909356011222e-05     1.31194919423952e-05         4.15606389061302       0.0958162075115333       0.0958162075115105         0.38229082215394        0.231029876425869        0.231029876425869        0.231029876425869
        0.104186956521739      0.00351175524009642      0.00351175524009624      0.00104482608307532     6.20991531636209e-05     6.20991531636154e-05      1.3170877047416e-05          4.1526671911504       0.0955858554775873       0.0955858554776143        0.382191954005449        0.231029876425869        0.231029876425869        0.231029876425869
        0.104230434782609      0.00351544206874266       0.0035154420687427      0.00104688835526464     6.22889449515319e-05     6.22889449515332e-05     1.32223607803004e-05          4.1492784053207       0.0953572000607952       0.0953572000607885        0.382093779948122        0.231029876425869        0.231029876425869        0.231029876425869
        0.104273913043478      0.00351911680224286      0.00351911680224276      0.00104894862232292     6.24787357692266e-05     6.24787357692234e-05      1.3273943918943e-05         4.14589742791012       0.0951302157109782       0.0951302157109937          0.3819962884282        0.231029876425869        0.231029876425869        0.231029876425869
        0.104317391304348      0.00352277965285262      0.00352277965285264      0.00105100694137683     6.26685299095363e-05     6.26685299095368e-05     1.33256272277861e-05         4.14252415678197        0.094904877480842       0.0949048774808394         0.38189946817415        0.231029876425869        0.231029876425869        0.231029876425869
        0.104360869565217      0.00352643082774896      0.00352643082774894      0.00105306336817722     6.28583315673084e-05     6.28583315673078e-05     1.33774114582863e-05         4.13915847878354       0.0946811610058788       0.0946811610058815        0.381803308187333        0.231029876425869        0.231029876425869        0.231029876425869
        0.104404347826087      0.00353007052919225      0.00353007052919212      0.00105511795714377     6.30481448425248e-05     6.30481448425206e-05      1.3429297349353e-05         4.13580031916295       0.0944590424860675       0.0944590424860883        0.381707797733145        0.231029876425869        0.231029876425869        0.231029876425869
        0.104447826086957      0.00353369895467666      0.00353369895467658      0.00105717076140504     6.32379737431345e-05     6.32379737431319e-05     1.34812856277298e-05         4.13244956612818       0.0942384986690915        0.094238498669104        0.381612926332942        0.231029876425869        0.231029876425869        0.231029876425869
        0.104491304347826      0.00353731629709538      0.00353731629709545      0.00105922183284486     6.34278221884444e-05     6.34278221884466e-05     1.35333770084704e-05         4.12910613404284       0.0940195068309382       0.0940195068309273        0.381518683755084        0.231029876425869        0.231029876425869        0.231029876425869
        0.104534782608696      0.00354092274486812      0.00354092274486802      0.00106127122213535     6.36176940113671e-05     6.36176940113637e-05     1.35855721952363e-05         4.12576992653441       0.0938020447621883        0.093802044762205        0.381425060008088        0.231029876425869        0.231029876425869        0.231029876425869
        0.104578260869565       0.0035445184820879      0.00354451848208782      0.00106331897877795     6.38075929613659e-05     6.38075929613631e-05      1.3637871880711e-05         4.12244084660285       0.0935860907510027       0.0935860907510166         0.38133204533263        0.231029876425869        0.231029876425869        0.231029876425869
        0.104621739130435      0.00354810368865759      0.00354810368865759      0.00106536515114055     6.39975227071419e-05     6.39975227071417e-05      1.3690276746966e-05         4.11911882249621       0.0933716235674688       0.0933716235674697        0.381239630194217        0.231029876425869        0.231029876425869        0.231029876425869
        0.104665217391304      0.00355167854041352      0.00355167854041363      0.00106740978649055     6.41874868389652e-05     6.41874868389689e-05     1.37427874657762e-05         4.11580376056509        0.093158622449774        0.093158622449756        0.381147805276539        0.231029876425869        0.231029876425869        0.231029876425869
        0.104708695652174      0.00355524320924911      0.00355524320924907      0.00106945293102902     6.43774888710726e-05     6.43774888710713e-05     1.37954046989555e-05         4.11249557611527       0.0929470670901446        0.092947067090151        0.381056561474718        0.231029876425869        0.231029876425869        0.231029876425869
        0.104752173913043      0.00355879786323237      0.00355879786323237      0.00107149462992238     6.45675322439254e-05     6.45675322439255e-05     1.38481290986633e-05         4.10919418693638       0.0927369376215506       0.0927369376215499        0.380965889888994        0.231029876425869        0.231029876425869        0.231029876425869
        0.104795652173913      0.00356234266672795      0.00356234266672795      0.00107353492733582     6.47576203266821e-05     6.47576203266821e-05      1.3900961307741e-05         4.10589951415094       0.0925282146034535       0.0925282146034536        0.380875781818195        0.231029876425869        0.231029876425869        0.231029876425869
        0.104839130434783      0.00356587778049539       0.0035658777804954      0.00107557386645963     6.49477564189399e-05     6.49477564189402e-05     1.39539019599519e-05         4.10261147420455       0.0923208790111814       0.0923208790111802        0.380786228754364        0.231029876425869        0.231029876425869        0.231029876425869
        0.104882608695652      0.00356940336180422      0.00356940336180421      0.00107761148954095     6.51379437530904e-05     6.51379437530903e-05     1.40069516803043e-05         4.09932999662949       0.0921149122224024       0.0921149122224028         0.38069722237658        0.231029876425869        0.231029876425869        0.231029876425869
        0.104926086956522      0.00357291956452894      0.00357291956452886      0.00107964783790912     6.53281854960627e-05     6.53281854960601e-05     1.40601110852872e-05         4.09605500305867       0.0919102960066364       0.0919102960066488        0.380608754545829        0.231029876425869        0.231029876425869        0.231029876425869
        0.104969565217391      0.00357642653925387      0.00357642653925387      0.00108168295200483     6.55184847514457e-05     6.55184847514457e-05      1.4113380783165e-05         4.09278642742871       0.0917070125130101       0.0917070125130105        0.380520817299334        0.231029876425869        0.231029876425869        0.231029876425869
        0.105013043478261      0.00357992443336228      0.00357992443336224      0.00108371687140359     6.57088445611364e-05     6.57088445611352e-05     1.41667613741953e-05         4.08952418212685       0.0915050442603669       0.0915050442603729        0.380433402845787        0.231029876425869        0.231029876425869        0.231029876425869
         0.10505652173913      0.00358341339113087      0.00358341339113093      0.00108574963484189     6.58992679072152e-05     6.58992679072173e-05     1.42202534508891e-05         4.08626820495469       0.0913043741263456       0.0913043741263352        0.380346503560234        0.231029876425869        0.231029876425869        0.231029876425869
                   0.1051      0.00358689355381807      0.00358689355381812      0.00108778128024131     6.60897577136598e-05     6.60897577136615e-05     1.42738575982457e-05         4.08301842539013       0.0911049853373057       0.0911049853372977        0.380260111979298        0.231029876425869        0.231029876425869        0.231029876425869
