                   T[GeV]                nU[GeV^3]                nD[GeV^3]                nS[GeV^3]             nUBar[GeV^3]             nDBar[GeV^3]            nSBbar[GeV^3]                W[GeV^-2]               effMU[GeV]               effMD[GeV]               effMS[GeV]              effCPU[GeV]              effCPD[GeV]              effCPS[GeV]
                     0.07     0.000254627666303796     0.000254627666303796     3.57698612793629e-05     3.57941008598581e-07     3.57941008598581e-07     4.87703413708609e-08         10.4826757824624         0.38220616681146         0.38220616681146         0.55435994478967        0.231029876425869        0.231029876425869        0.231029876425869
                    0.071     0.000273035851477868     0.000273035851477231     3.95828475907613e-05     4.21882028510133e-07     4.21882028509106e-07     5.92421913514948e-08         10.4791344512273        0.380777524992769        0.380777524992992         0.55332041703465        0.231029876425869        0.231029876425869        0.231029876425869
                    0.072     0.000292506077179732     0.000292506077180548     4.37209097091421e-05     4.95536112474501e-07     4.95536112475947e-07     7.16446528437307e-08         10.4755312235788         0.37927044339015        0.379270443389878        0.552223275813012        0.231029876425869        0.231029876425869        0.231029876425869
                    0.073     0.000313096479743841     0.000313096479743114     4.82066884927343e-05     5.80148568445327e-07     5.80148568443913e-07     8.62787414577528e-08         10.4719937258639        0.377680651404228         0.37768065140446        0.551065471344261        0.231029876425869        0.231029876425869        0.231029876425869
                    0.074     0.000334869946821446     0.000334869946822433     5.30644523553491e-05     6.77103074841146e-07     6.77103074843245e-07     1.03485013220609e-07          10.468676398994        0.376003485095061        0.376003485094761        0.549843689976983        0.231029876425869        0.231029876425869        0.231029876425869
                    0.075     0.000357894759227399     0.000357894759229491     5.83202879159198e-05      7.8793748072492e-07     7.87937480729773e-07     1.23648182527041e-07         10.4656965181709        0.374233829375713        0.374233829375106         0.54855431627429        0.231029876425869        0.231029876425869        0.231029876425869
                    0.076      0.00038224535263093     0.000382245352630524     6.40023253505592e-05      9.1436174493611e-07     9.14361744935084e-07     1.47202339006355e-07         10.4633156665424         0.37236604889973        0.372366048899842        0.547193387783999        0.231029876425869        0.231029876425869        0.231029876425869
                    0.077     0.000408003227151931     0.000408003227151236     7.01410064569798e-05     1.05827877750815e-06     1.05827877750624e-06     1.74636879359818e-07         10.4617247090887        0.370393905151648        0.370393905151832        0.545756540907345        0.231029876425869        0.231029876425869        0.231029876425869
                    0.078      0.00043525804184466     0.000435258041844558     7.67694058299606e-05     1.22180886817584e-06     1.22180886817554e-06     2.06503302205056e-07         10.4611663083673        0.368310456263976        0.368310456264002        0.544238945663386        0.231029876425869        0.231029876425869        0.231029876425869
                    0.079     0.000464108943022584     0.000464108943023386     8.39236188044388e-05     1.40731859468453e-06     1.40731859468713e-06     2.43423056922602e-07         10.4618826362002        0.366107934861329        0.366107934861134        0.542635226356158        0.231029876425869        0.231029876425869        0.231029876425869
                     0.08      0.00049466619079588      0.00049466619079664     9.16432341367603e-05      1.6174553855318e-06     1.61745538553446e-06     2.86096695426115e-07         10.4641872522582        0.363777597842038        0.363777597841861        0.540939364298382        0.231029876425869        0.231029876425869        0.231029876425869
                    0.081     0.000527053170990742     0.000527053170991409      9.9971915599592e-05     1.85518930671515e-06     1.85518930671766e-06     3.35314655999221e-07         10.4684267065571        0.361309539719695        0.361309539719546         0.53914457728396        0.231029876425869        0.231029876425869        0.231029876425869
                    0.082     0.000561408911121201     0.000561408911114704     0.000108958125275844     2.12386419759297e-06     2.12386419756653e-06     3.91970120134133e-07         10.4749889268215        0.358692458137105        0.358692458138492        0.537243168667366        0.231029876425869        0.231029876425869        0.231029876425869
                    0.083     0.000597891264636837     0.000597891264632567     0.000118656033872875     2.42726107879225e-06     2.42726107877354e-06     4.57074542798512e-07         10.4843233903901        0.355913355772845         0.35591335577372          0.5352263360876        0.231029876425869        0.231029876425869        0.231029876425869
                    0.084     0.000636680995807513      0.00063668099580488      0.00012912668175356     2.76967792814312e-06      2.7696779281307e-06     5.31776688012219e-07         10.4969838993767        0.352957156152549        0.352957156153066        0.533083925785616        0.231029876425869        0.231029876425869        0.231029876425869
                    0.085      0.00067798709896515     0.000677987098955767     0.000140439481967042     3.15603167318227e-06     3.15603167313474e-06     6.17386344970986e-07         10.5136125086874         0.34980620104243        0.349806201044201         0.53080411230579        0.231029876425869        0.231029876425869        0.231029876425869
                    0.086     0.000722054006236572     0.000722054006236569     0.000152674226459684      3.5919918281791e-06     3.59199182817909e-06      7.1540455201587e-07         10.5349921396406        0.346439552124116        0.346439552124117        0.528372954254315        0.231029876425869        0.231029876425869        0.231029876425869
                    0.087     0.000769170526390103     0.000769170526390104     0.000165923646677109     4.08415377880643e-06     4.08415377880643e-06     8.27562144706898e-07         10.5620904340982         0.34283218909387        0.342832189093869        0.525773890097643        0.231029876425869        0.231029876425869        0.231029876425869
                    0.088     0.000819683744127759     0.000819683744127766     0.000180297184371516     4.64028235129121e-06     4.64028235129125e-06     9.55872042545559e-07         10.5961113090554         0.33895360757586        0.338953607575859        0.522986849904401        0.231029876425869        0.231029876425869        0.231029876425869
                    0.089     0.000874017118885826     0.000874017118885829     0.000195926038334911     5.26964349736312e-06     5.26964349736313e-06     1.10269934165076e-06         10.6386028720842        0.334766119187775        0.334766119187774        0.519987191550417        0.231029876425869        0.231029876425869        0.231029876425869
                     0.09     0.000932697669874734     0.000932697669874758     0.000212970609091439     5.98348529814249e-06     5.98348529814266e-06     1.27086040852384e-06         10.6915915949189        0.330222210235586        0.330222210235582        0.516744049231862        0.231029876425869        0.231029876425869        0.231029876425869
                    0.091     0.000996396857742995        0.000996396857743     0.000231631647374575     6.79575417031559e-06     6.79575417031563e-06     1.46376725807315e-06         10.7578107315746        0.325260564900418        0.325260564900418        0.513217859317564        0.231029876425869        0.231029876425869        0.231029876425869
                    0.092      0.00106599498801482      0.00106599498801495     0.000252167716152944      7.7242097493524e-06     7.72420974935349e-06     1.68564753709626e-06         10.8410659706724        0.319799768132707        0.319799768132688        0.509356461344304        0.231029876425869        0.231029876425869        0.231029876425869
                    0.093      0.00114268811705905      0.00114268811705903     0.000274924013164407     8.79225516591125e-06      8.7922551659111e-06     1.94189821498659e-06         10.9468959800959        0.313727797752758         0.31372779775276        0.505088625000505        0.231029876425869        0.231029876425869        0.231029876425869
                    0.094      0.00122817765849481      0.00122817765849505     0.000300383208667456     1.00321504577537e-05      1.0032150457756e-05     2.23969401996912e-06         11.0837946055185        0.306883286498557        0.306883286498525        0.500312570916054        0.231029876425869        0.231029876425869        0.231029876425869
                    0.095      0.00132503718542748      0.00132503718542752     0.000329263268773548     1.14911726568804e-05     1.14911726568808e-05     2.58913056800419e-06         11.2657875674782        0.299019067191047        0.299019067191042        0.494873772701988        0.231029876425869        0.231029876425869        0.231029876425869
                    0.096      0.00143751231204539      0.00143751231204582      0.00036272968644161     1.32449428511743e-05     1.32449428511789e-05     3.00564818745768e-06         11.5184884419482        0.289722199468378        0.289722199468327        0.488516589353812        0.231029876425869        0.231029876425869        0.231029876425869
                    0.097      0.00157360513067687      0.00157360513067982     0.000402945875119019     1.54319323474218e-05     1.54319323474565e-05     3.51617957189172e-06         11.8966097981461        0.278204206956037        0.278204206955696        0.480758397814052        0.231029876425869        0.231029876425869        0.231029876425869
                    0.098       0.0017524346833445      0.00175243468334451     0.000455008155112826     1.83747892533363e-05     1.83747892533365e-05      4.1802897929975e-06         12.5552513787143        0.262554798546121         0.26255479854612        0.470446189875098        0.231029876425869        0.231029876425869        0.231029876425869
                    0.099      0.00205957159131634      0.00205957159132478     0.000541443653706756     2.34935743673321e-05     2.34935743674572e-05     5.24469210777231e-06         14.4614440009998         0.23407039286009          0.2340703928592        0.452441040953216        0.231029876425869        0.231029876425869        0.231029876425869
                      0.1       0.0030017815033807      0.00300178150337953     0.000810170274759058     4.18904996429937e-05     4.18904996429669e-05     8.38508114424084e-06         5.83113222606938        0.136668219461351        0.136668219461495        0.400141230964268        0.231029876425869        0.231029876425869        0.231029876425869
                    0.101      0.00318016014583883       0.0031801601458388     0.000880515615851166     4.76225923718034e-05     4.76225923718026e-05     9.57890727452643e-06          4.3797740014705         0.12018181857901        0.120181818579014        0.392768548394119        0.231029876425869        0.231029876425869        0.231029876425869
                    0.102       0.0033035469152205      0.00330354691522182     0.000936575275591507     5.24088015811306e-05     5.24088015811673e-05     1.06860996205759e-05         3.76549595714215        0.110076087661966         0.11007608766178        0.388392594621074        0.231029876425869        0.231029876425869        0.231029876425869
                    0.103      0.00340544904025249       0.0034054490402525     0.000987486411117886     5.68977383713667e-05     5.68977383713668e-05     1.18004153113136e-05         3.40395701207047        0.102588700559279        0.102588700559278        0.385188121137215        0.231029876425869        0.231029876425869        0.231029876425869
                    0.104       0.0034957587389888      0.00349575873898887      0.00103593403362961     6.12829301662079e-05     6.12829301662103e-05     1.29506108306995e-05          3.1594762776766        0.096588739460018       0.0965887394600068        0.382622162292585        0.231029876425869        0.231029876425869        0.231029876425869
                    0.105      0.00357887600994906      0.00357887600994902      0.00108310681870548      6.5651730081393e-05     6.56517300813917e-05     1.41507355176912e-05         2.98035275536806       0.0915654976617663       0.0915654976617727        0.380459572745574        0.231029876425869        0.231029876425869        0.231029876425869
                    0.106      0.00365717102275336      0.00365717102275339      0.00112964249358453     7.00522800444125e-05     7.00522800444133e-05     1.54095623336393e-05         2.84187845846526       0.0872399980549189       0.0872399980549149        0.378574574999545        0.231029876425869        0.231029876425869        0.231029876425869
                    0.107      0.00373207633354044      0.00373207633353236      0.00117592539407673     7.45146592774698e-05     7.45146592771699e-05     1.67335121163347e-05         2.73054339898481       0.0834413573109604       0.0834413573123756        0.376891642250178        0.231029876425869        0.231029876425869        0.231029876425869
                    0.108      0.00380452687122129      0.00380452687123795      0.00122220564706894     7.90593808109775e-05     7.90593808116241e-05      1.8127804396922e-05         2.63826260001204         0.08005665123117       0.0800566512281525        0.375361827149984        0.231029876425869        0.231029876425869        0.231029876425869
                    0.109       0.0038751692712602      0.00387516927126134      0.00126865636565221     8.37014638027415e-05     8.37014638027876e-05     1.95970088504217e-05         2.55987199470121       0.0770067643929453       0.0770067643927326        0.373951477176601        0.231029876425869        0.231029876425869        0.231029876425869
                     0.11       0.0039444694813605      0.00394446948136483      0.00131540227488203     8.84524857505273e-05     8.84524857507099e-05     2.11453100435017e-05         2.49190805860245       0.0742340116453565       0.0742340116445215        0.372636522453206        0.231029876425869        0.231029876425869        0.231029876425869
                    0.111       0.0040127749801623      0.00401277498015419      0.00136253656810165     9.33217854167913e-05     9.33217854164356e-05     2.27766647372926e-05         2.43195704113603       0.0716948676629695       0.0716948676645809        0.371399146878714        0.231029876425869        0.231029876425869        0.231029876425869
                    0.112      0.00408035205927261       0.0040803520592687      0.00141013089395547     9.83171771183031e-05     9.83171771181256e-05     2.44948925985336e-05         2.37828432189139       0.0693555957894211       0.0693555957902184        0.370225807224309        0.231029876425869        0.231029876425869        0.231029876425869
                    0.113      0.00414740945102166      0.00414740945102302      0.00145824166389628     0.000103445401840226      0.00010344540184029     2.63037325092967e-05         2.32961205670045       0.0671894599744149       0.0671894599741294        0.369105981074387        0.231029876425869        0.231029876425869        0.231029876425869
                    0.114       0.0042141139143955      0.00421411391439448        0.001506914198741     0.000108712423689912     0.000108712423689862     2.82068788763045e-05         2.28497794664075       0.0651748739921693       0.0651748739923878        0.368031342961747        0.231029876425869        0.231029876425869        0.231029876425869
                    0.115      0.00428060086526077      0.00428060086525975      0.00155618554722453     0.000114123631271942     0.000114123631271891      3.0208003123758e-05         2.24364611602377       0.0632941312324287       0.0632941312326546        0.366995203782546        0.231029876425869        0.231029876425869        0.231029876425869
                    0.116      0.00434698183428287       0.0043469818342791      0.00160608645696658     0.000119683978347515     0.000119683978347319     3.23107720949186e-05         2.20504378707954       0.0615325080574943       0.0615325080583477        0.365992118365379        0.231029876425869        0.231029876425869        0.231029876425869
                    0.117      0.00441334982841821      0.00441334982841912      0.00165664278705044     0.000125398084499675     0.000125398084499723     3.45188580578462e-05         2.16872024575519       0.0598776152058615       0.0598776152056515         0.36501760393739        0.231029876425869        0.231029876425869        0.231029876425869
                    0.118      0.00447978326736785      0.00447978326736593      0.00170787654213268     0.000131270308691905     0.000131270308691799     3.68359461457565e-05         2.13431645081126       0.0583189186406784        0.058318918641133        0.364067933828315        0.231029876425869        0.231029876425869        0.231029876425869
                    0.119      0.00454634892737584      0.00454634892737685      0.00175980664375864     0.000137304803992806     0.000137304803992863     3.92657305970485e-05          2.1015435613932       0.0568473790413389       0.0568473790410937         0.36313998347377        0.231029876425869        0.231029876425869        0.231029876425869
                     0.12      0.00461310417961482      0.00461310417961368       0.0018124495155206     0.000143505626892291     0.000143505626892225     4.18119519991055e-05         2.07016549120787        0.055455175931221       0.0554551759315021        0.362231113530361        0.231029876425869        0.231029876425869        0.231029876425869
                    0.121      0.00468009871657064      0.00468009871657199      0.00186581953350336     0.000149876498889049     0.000149876498889131     4.44783512621682e-05         2.03999458796537       0.0541354935990235       0.0541354935986808        0.361339079869033        0.231029876425869        0.231029876425869        0.231029876425869
                    0.122      0.00474737590127327      0.00474737590127181      0.00191992937778873     0.000156421233345361      0.00015642123334527     4.72687015829711e-05         2.01087127935071       0.0528823527206523       0.0528823527210308        0.360461963343098        0.231029876425869        0.231029876425869        0.231029876425869
                    0.123      0.00481497383425776      0.00481497383425853      0.00197479031017258     0.000163143489470478     0.000163143489470527     5.01868019459514e-05         1.98266492269577       0.0516904763402165       0.0516904763400127        0.359598114329491        0.231029876425869        0.231029876425869        0.231029876425869
                    0.124      0.00488292620615685      0.00488292620615717       0.0020304123959719     0.000170046853262386     0.000170046853262407     5.32364773975412e-05         1.95526688967489       0.0505551820919123       0.0505551820918253        0.358746108472975        0.231029876425869        0.231029876425869        0.231029876425869
                    0.125      0.00495126298580694      0.00495126298580758      0.00208680468310613     0.000177134849876742     0.000177134849876785     5.64215789626909e-05         1.92858618293595       0.0494722946241148       0.0494722946239391        0.357904711013739        0.231029876425869        0.231029876425869        0.231029876425869
                    0.126      0.00502001097941674       0.0050200109794173      0.00214397534795247     0.000184410890076402     0.000184410890076441     5.97459832859536e-05         1.90254773200948       0.0484380738499179       0.0484380738497605        0.357072847788634        0.231029876425869        0.231029876425869        0.231029876425869
                    0.127      0.00508919429390184      0.00508919429390265      0.00220193181531712     0.000191878536181304      0.00019187853618136     6.32135920658337e-05         1.87708419665282       0.0474491556301518        0.047449155629922        0.356249581451154        0.231029876425869        0.231029876425869        0.231029876425869
                    0.128      0.00515883471187893      0.00515883471187875      0.00226068085783389     0.000199541117447291     0.000199541117447278      6.6828331327585e-05         1.85214253901564       0.0465025023985661        0.046502502398618        0.355434091834639        0.231029876425869        0.231029876425869        0.231029876425869
                    0.129      0.00522895201136795      0.00522895201136726      0.00232022867900473     0.000207401999053697     0.000207401999053646     7.05941505737633e-05         1.82767621149826       0.0455953617580985       0.0455953617583035        0.354625659618998        0.231029876425869        0.231029876425869        0.231029876425869
                     0.13      0.00529956423022636      0.00529956423022731      0.00238058098308582     0.000215464520346314     0.000215464520346386     7.45150218417788e-05         1.80364582309287       0.0447252315326369        0.044725231532351         0.35382365265746        0.231029876425869        0.231029876425869        0.231029876425869
                    0.131      0.00537068788962082      0.00537068788962177      0.00244174303426559     0.000223731998690794     0.000223731998690867      7.8594938689712e-05         1.78001762995498       0.0438898301025422       0.0438898301022542        0.353027514466171        0.231029876425869        0.231029876425869        0.231029876425869
                    0.132      0.00544233818344775      0.00544233818344751      0.00250371970715805     0.000232207732715588     0.000232207732715569     8.28379151307812e-05         1.75676271702338       0.0430870710642006       0.0430870710642753        0.352236754475258        0.231029876425869        0.231029876425869        0.231029876425869
                    0.133      0.00551452913963619      0.00551452913963614      0.00256651553009786     0.000240895005048377     0.000240895005048372     8.72479845288102e-05          1.7338563543291        0.042315041492679       0.0423150414926968        0.351450939734639        0.231029876425869        0.231029876425869        0.231029876425869
                    0.134      0.00558727375825353      0.00558727375825373      0.00263013472252686     0.000249797084642045     0.000249797084642062     9.18291984684013e-05         1.71127716492163       0.0415719831761501       0.0415719831760853        0.350669687819108        0.231029876425869        0.231029876425869        0.231029876425869
                    0.135      0.00566058413019288      0.00566058413019264      0.00269458122741551     0.000258917228753114     0.000258917228753094     9.65856256075933e-05         1.68900679017243       0.0408562763677911       0.0408562763678674         0.34989266073624        0.231029876425869        0.231029876425869        0.231029876425869
                    0.136      0.00573447153967024      0.00573447153967043      0.00275985873956522     0.000268258684636228     0.000268258684636244      0.00010152135052256         1.66702943549991       0.0401664256348479       0.0401664256347883        0.349119559669853        0.231029876425869        0.231029876425869        0.231029876425869
                    0.137      0.00580894655304939      0.00580894655304953      0.00282597073041705     0.000277824690997357     0.000277824690997369     0.000106640472549869         1.64533149925751       0.0395010474963878       0.0395010474963417        0.348350120428823        0.231029876425869        0.231029876425869        0.231029876425869
                    0.138      0.00588401909611668      0.00588401909611655      0.00289292046990798     0.000287618479244939     0.000287618479244927     0.000111947104632004         1.62390109890453       0.0388588595782626       0.0388588595783058        0.347584109491601        0.231029876425869        0.231029876425869        0.231029876425869
                    0.139      0.00595969852154467      0.00595969852154474      0.00296071104581659     0.000297643274570351     0.000297643274570357     0.000117445372170843         1.60272801924496       0.0382386710640234       0.0382386710640018        0.346821320556426        0.231029876425869        0.231029876425869        0.231029876425869
                     0.14      0.00603599366798495      0.00603599366798491      0.00302934538096086      0.00030790229688347     0.000307902296883466     0.000123139411892905         1.58180336601341       0.0376393742580342       0.0376393742580488         0.34606157152289        0.231029876425869        0.231029876425869        0.231029876425869
                    0.141       0.0061129129119877      0.00611291291198763       0.0030988262485474     0.000318398761624461     0.000318398761624454     0.000129033370729502         1.56111942591666        0.037059937108048       0.0370599371080742        0.345304701843144        0.231029876425869        0.231029876425869        0.231029876425869
                    0.142      0.00619046421375358      0.00619046421375354      0.00316915628592796     0.000329135880469674      0.00032913588046967     0.000135131404714695         1.54066954698025        0.036499396557922       0.0364993965579349        0.344550570190572        0.231029876425869        0.231029876425869        0.231029876425869
                    0.143      0.00626865515756868      0.00626865515756852      0.00324033800697084     0.000340116861947086      0.00034011686194707     0.000141437677903198         1.52044786707672       0.0359568526193201       0.0359568526193801        0.343799052402718        0.231029876425869        0.231029876425869        0.231029876425869
                    0.144      0.00634749298763364      0.00634749298763365       0.0033123738132305     0.000351344911973684     0.000351344911973684     0.000147956361310436         1.50044932534126       0.0354314630707007       0.0354314630707001        0.343050039661247        0.231029876425869        0.231029876425869        0.231029876425869
                    0.145      0.00642698463988672      0.00642698463988676      0.00338526600406223     0.000362823234324861     0.000362823234324865     0.000154691631876223         1.48066948265388       0.0349224387066569       0.0349224387066425        0.342303436878156        0.231029876425869        0.231029876425869        0.231029876425869
                    0.146      0.00650713677034905      0.00650713677034905      0.00345901678581477     0.000374555031046161      0.00037455503104616       0.0001616476714537         1.46110443537452       0.0344290390653773       0.0344290390653791          0.3415591612613        0.231029876425869        0.231029876425869        0.231029876425869
                    0.147        0.006587955780415      0.00658795578041486      0.00353362828019959     0.000386543502813362     0.000386543502813348      0.00016882866582415         1.44175072741704       0.0339505685825316       0.0339505685825825        0.340817141037517        0.231029876425869        0.231029876425869        0.231029876425869
                    0.148      0.00666944783947796        0.006669447839478      0.00360910253194502     0.000398791849248804     0.000398791849248809     0.000176238803739399         1.42260540599227       0.0334863731168165       0.0334863731167986        0.340077314312715        0.231029876425869        0.231029876425869        0.231029876425869
                    0.149      0.00675161890521338      0.00675161890521332      0.00368544151580701      0.00041130326919935     0.000411303269199344     0.000183882275992173         1.40366578825799       0.0330358368049148        0.033035836804938        0.339339628053003        0.231029876425869        0.231029876425869        0.231029876425869
                     0.15      0.00683447474179194      0.00683447474179187      0.00376264714300503     0.000424080960980146     0.000424080960980139     0.000191763274514961         1.38492958311993        0.032598379211019       0.0325983792110448        0.338604037172543        0.231029876425869        0.231029876425869        0.231029876425869
                    0.151      0.00691802093626962      0.00691802093626951      0.00384072126714754     0.000437128122588838     0.000437128122588826      0.00019988599150813         1.36639457106134       0.0321734527365893       0.0321734527366316        0.337870503715329        0.231029876425869        0.231029876425869        0.231029876425869
                    0.152      0.00700226291336709      0.00700226291336713      0.00391966568969728      0.00045044795189415     0.000450447951894155     0.000208254618597561         1.34805906117851       0.0317605402610367       0.0317605402610196        0.337138996120261        0.231029876425869        0.231029876425869        0.231029876425869
                    0.153      0.00708720594881201      0.00708720594881198       0.0039994821650206     0.000464043646800974      0.00046404364680097     0.000216873346021982          1.3299212657961       0.0313591529919813       0.0313591529919952        0.336409488560223        0.231029876425869        0.231029876425869        0.231029876425869
                    0.154      0.00717285518141429      0.00717285518141437      0.00408017240506222     0.000477918405395904     0.000477918405395913     0.000225746361850244          1.3119796666928       0.0309688284990968       0.0309688284990645        0.335681960346834        0.231029876425869        0.231029876425869        0.231029876425869
                    0.155      0.00725921562400442      0.00725921562400443      0.00416173808368092     0.000492075426074555     0.000492075426074556     0.000234877851228669         1.29423286706606       0.0305891289160567       0.0305891289160542        0.334956395393664        0.231029876425869        0.231029876425869        0.231029876425869
                    0.156      0.00734629217335973      0.00734629217335968      0.00424418084067338     0.000506517907653068     0.000506517907653063     0.000244271995658205         1.27667952030091       0.0302196392925829       0.0302196392926016        0.334232781731901        0.231029876425869        0.231029876425869        0.231029876425869
                    0.157      0.00743408961922865      0.00743408961922866      0.00432750228551655     0.000521249049465947     0.000521249049465947     0.000253932972301533          1.2593185235218       0.0298599660805539       0.0298599660805527        0.333511111072679        0.231029876425869        0.231029876425869        0.231029876425869
                    0.158      0.00752261265254316      0.00752261265254314      0.00441170400085229     0.000536272051451325     0.000536272051451322     0.000263864953319925         1.24214869200768       0.0295097357426972       0.0295097357427067        0.332791378411232        0.231029876425869        0.231029876425869        0.231029876425869
                    0.159        0.007611865872904      0.00761186587290406      0.00449678754573416      0.00055159011422524     0.000551590114225248     0.000274072105239562         1.22516900282667       0.0291685934715923       0.0291685934715665        0.332073581668681        0.231029876425869        0.231029876425869        0.231029876425869
                     0.16      0.00770185379541296      0.00770185379541294      0.00458275445865475     0.000567206439146201     0.000567206439146199     0.000284558588346979         1.20837833214152        0.028836202008357        0.028836202008366        0.331357721367683        0.231029876425869        0.231029876425869        0.231029876425869
                    0.161      0.00779258085691567      0.00779258085691567      0.00466960626037245     0.000583124228370939     0.000583124228370938      0.00029532855611344         1.19177583453364       0.0285122405524334       0.0285122405524351        0.330643800338453        0.231029876425869        0.231029876425869        0.231029876425869
                    0.162      0.00788405142171568      0.00788405142171561      0.00475734445655512     0.000599346684902644     0.000599346684902635     0.000306386154648052         1.17536045303232        0.028196403753014       0.0281964037530454        0.329931823451964        0.231029876425869        0.231029876425869        0.231029876425869
                    0.163      0.00797626978680623      0.00797626978680623      0.00484597054024433     0.000615877012631932     0.000615877012631932     0.000317735522178459         1.15913126795854       0.0278884007768339       0.0278884007768348        0.329221797378424        0.231029876425869        0.231029876425869        0.231029876425869
                    0.164      0.00806924018669167      0.00806924018669167      0.00493548599417917      0.00063271841637466      0.00063271841637466     0.000329380788560696         1.14308739943851       0.0275879544340671       0.0275879544340671        0.328513730366696        0.231029876425869        0.231029876425869        0.231029876425869
                    0.165      0.00816296679769885      0.00816296679769889      0.00502589229289705     0.000649874101888823     0.000649874101888829     0.000341326074810424         1.12722787888831       0.0272948004195539       0.0272948004195335        0.327807632049287        0.231029876425869        0.231029876425869        0.231029876425869
                    0.166      0.00825745374221847      0.00825745374221847      0.00511719090486879     0.000667347275924178     0.000667347275924178       0.0003535754926744         1.11155181304586       0.0270086864824623       0.0270086864824624        0.327103513253262        0.231029876425869        0.231029876425869        0.231029876425869
                    0.167      0.00835270509224408      0.00835270509224408      0.00520938329427652     0.000685141146217618     0.000685141146217617     0.000366133144210208         1.09605826251517       0.0267293718188897       0.0267293718188901         0.32640138584413        0.231029876425869        0.231029876425869        0.231029876425869
                    0.168      0.00844872487290082      0.00844872487290079      0.00530247092284066     0.000703258921521985     0.000703258921521981     0.000379003121404928         1.08074622903243       0.0264566263847013       0.0264566263847161        0.325701262572616        0.231029876425869        0.231029876425869        0.231029876425869
                    0.169      0.00854551706559374      0.00854551706559376       0.0053964552514658     0.000721703811616573     0.000721703811616575     0.000392189555388339         1.06561483425134       0.0261902303031945       0.0261902303031884        0.325003156940029        0.231029876425869        0.231029876425869        0.231029876425869
                     0.17      0.00864308561092963       0.0086430856109296      0.00549133774179244     0.000740479027316806     0.000740479027316801     0.000405696441925666         1.05066309325663       0.0259299733053735       0.0259299733053874        0.324307083075229        0.231029876425869        0.231029876425869        0.231029876425869
                    0.171      0.00874143441141702        0.008741434411417      0.00558711985764692     0.000759587780481265     0.000759587780481262     0.000419527768336977         1.03589001326103       0.0256756542071124       0.0256756542071232         0.32361305562311        0.231029876425869        0.231029876425869        0.231029876425869
                    0.172      0.00884056733396286       0.0088405673339629       0.0056838030663996     0.000779033304976546     0.000779033304976553     0.000433687754492384         1.02129453094465       0.0254270804206188       0.0254270804205954        0.322921089643291        0.231029876425869        0.231029876425869        0.231029876425869
                    0.173      0.00894048821218282      0.00894048821218281       0.0057813888402338     0.000798818803904082     0.000798818803904081     0.000448180363386475         1.00687566899656       0.0251840674977007       0.0251840674977033        0.322231200518312        0.231029876425869        0.231029876425869        0.231029876425869
                    0.174      0.00904120084854113      0.00904120084854113      0.00587987865733249     0.000818947399073555     0.000818947399073555     0.000463009619835179        0.992632617242547       0.0249464387023529       0.0249464387023522        0.321543403870392        0.231029876425869        0.231029876425869        0.231029876425869
                    0.175      0.00914270901633465      0.00914270901633464      0.00597927400298603     0.000839422441658311      0.00083942244165831       0.0004781795365489        0.978563966039761       0.0247140246102144       0.0247140246102174        0.320857715486081        0.231029876425869        0.231029876425869        0.231029876425869
                    0.176      0.00924501646153276      0.00924501646153276       0.0060795763706262     0.000860247096734081     0.000860247096734081     0.000493694113929623        0.964668771861076       0.0244866627334627        0.024486662733463        0.320174151248089        0.231029876425869        0.231029876425869        0.231029876425869
                    0.177      0.00934812690448722      0.00934812690448718      0.00618078726279118     0.000881424582444335     0.000881424582444329      0.00050955733988808        0.950945918610314       0.0242641971681953       0.0242641971682149        0.319492727073623        0.231029876425869        0.231029876425869        0.231029876425869
                    0.178      0.00945204404151933      0.00945204404151935      0.00628290819202426     0.000902958117968628     0.000902958117968631     0.000525773189680255        0.937394260093745       0.0240464782641365       0.0240464782641257        0.318813458858754        0.231029876425869        0.231029876425869        0.231029876425869
                    0.179      0.00955677154639718      0.00955677154639718      0.00638594068170977     0.000924850923516047     0.000924850923516046     0.000542345625762547        0.924012687575876       0.0238333623136355       0.0238333623136363        0.318136362428302        0.231029876425869        0.231029876425869        0.231029876425869
                     0.18      0.00966231307170936      0.00966231307170937       0.0064898862668524     0.000947106220317543     0.000947106220317544     0.000559278597665236        0.910799982029117       0.0236247112597198       0.0236247112597172          0.3174614534906        0.231029876425869        0.231029876425869        0.231029876425869
                    0.181      0.00976867225014494      0.00976867225014494      0.00659475249559084     0.000969727230617527     0.000969727230617528     0.000576576041883052        0.897754972448213       0.0234203924210473       0.0234203924210426        0.316788747597057        0.231029876425869        0.231029876425869        0.231029876425869
                    0.182      0.00987585269568593      0.00987585269568592      0.00670052292590268     0.000992717177664692     0.000992717177664691     0.000594241881782999        0.884876427965803       0.0232202782330403       0.0232202782330431        0.316118260105661        0.231029876425869        0.231029876425869        0.231029876425869
                    0.183      0.00998385800471933      0.00998385800471934      0.00680721713415673      0.00101607928570218      0.00101607928570219     0.000612280027527959        0.872163117929275       0.0230242460040029       0.0230242460039964        0.315450006148573        0.231029876425869        0.231029876425869        0.231029876425869
                    0.184       0.0100926917570749       0.0100926917570749      0.00691483070775202      0.00103981677995723      0.00103981677995723     0.000630694376016086        0.859613773821167       0.0228321776850731       0.0228321776850762        0.314784000603101        0.231029876425869        0.231029876425869        0.231029876425869
                    0.185       0.0102023575169937       0.0102023575169937      0.00702336524961364      0.00106393288663026      0.00106393288663026     0.000649488810835179        0.847227128531018       0.0226439596534048       0.0226439596533987        0.314120258065898        0.231029876425869        0.231029876425869        0.231029876425869
                    0.186        0.010312858834034        0.010312858834034      0.00713282237788531      0.00108843083288366      0.00108843083288366     0.000668667202231367         0.83500188461541        0.022459482507093       0.0224594825070993        0.313458792830127        0.231029876425869        0.231029876425869        0.231029876425869
                    0.187       0.0104241992439171        0.010424199243917      0.00724320372637413       0.0011133138468301      0.00111331384683009     0.000688233407091405        0.822936730792061       0.0222786408719132       0.0222786408719162        0.312799618865419        0.231029876425869        0.231029876425869        0.231029876425869
                    0.188       0.0105363822693189       0.0105363822693189      0.00735451094496027      0.00113858515752065      0.00113858515752065     0.000708191268938467        0.811030323943881       0.0221013332182637       0.0221013332182674        0.312142749800114        0.231029876425869        0.231029876425869        0.231029876425869
                    0.189       0.0106494114206115       0.0106494114206114      0.00746674569996736      0.00116424799493261      0.00116424799493261     0.000728544617940151        0.799281328322451       0.0219274616883245       0.0219274616883313        0.311488198905989        0.231029876425869        0.231029876425869        0.231029876425869
                     0.19       0.0107632901965564       0.0107632901965564      0.00757990967450268      0.00119030558995711      0.00119030558995712     0.000749297270928945        0.787688373950577       0.0217569319323579       0.0217569319323466        0.310835979084814        0.231029876425869        0.231029876425869        0.231029876425869
                    0.191       0.0108780220849553       0.0108780220849553      0.00769400456876154      0.00121676117438659      0.00121676117438659     0.000770453031433771        0.776250078899355       0.0215896529537959       0.0215896529537993        0.310186102857034        0.231029876425869        0.231029876425869        0.231029876425869
                    0.192       0.0109936105632594       0.0109936105632594      0.00780903210030379      0.00124361798090215      0.00124361798090215     0.000792015689722749        0.764965080754557       0.0214255369624538       0.0214255369624553         0.30953858235202        0.231029876425869        0.231029876425869        0.231029876425869
                    0.193       0.0111100590991413       0.0111100590991413      0.00792499400429959      0.00127087924306082      0.00127087924306082     0.000813989022856154        0.753831954475862       0.0212644992354125       0.0212644992354184        0.308893429300018        0.231029876425869        0.231029876425869        0.231029876425869
                    0.194       0.0112273711510316       0.0112273711510317      0.00804189203374956      0.00129854819528274      0.00129854819528274     0.000836376794749462        0.742849290450387       0.0211064579851749       0.0211064579851705        0.308250655025451        0.231029876425869        0.231029876425869        0.231029876425869
                    0.195       0.0113455501686233       0.0113455501686233      0.00815972795967809      0.00132662807283834      0.00132662807283834     0.000859182756245659        0.732015672453729       0.0209513342344324       0.0209513342344316         0.30761027044159        0.231029876425869        0.231029876425869        0.231029876425869
                    0.196       0.0114645995933444       0.0114645995933443      0.00827850357130213      0.00135512211183549      0.00135512211183549     0.000882410645196416        0.721329646226816       0.0207990516974072       0.0207990516974156        0.306972286046446        0.231029876425869        0.231029876425869        0.231029876425869
                    0.197       0.0115845228588034       0.0115845228588034       0.0083982206761773      0.00138403354920666      0.00138403354920666     0.000906064186551735        0.710789797003653       0.0206495366669944       0.0206495366669941        0.306336711919733        0.231029876425869        0.231029876425869        0.231029876425869
                    0.198       0.0117053233912079        0.011705323391208      0.00851888110032204      0.00141336562269615      0.00141336562269615     0.000930147092457518        0.700394654934378       0.0205027179075675       0.0205027179075581        0.305703557720831        0.231029876425869        0.231029876425869        0.231029876425869
                    0.199       0.0118270046097579       0.0118270046097579       0.0086404866883202      0.00144312157084732      0.00144312157084732     0.000954663062360487        0.690142773951413       0.0203585265531693       0.0203585265531759        0.305072832687725        0.231029876425869        0.231029876425869        0.231029876425869
                      0.2       0.0119495699270161       0.0119495699270161      0.00876303930340581      0.00147330463298992      0.00147330463298992     0.000979615783120374        0.680032687017579       0.0202168960106777       0.0202168960106788         0.30444454563666        0.231029876425869        0.231029876425869        0.231029876425869
                    0.201       0.0120730227492573       0.0120730227492573      0.00888654082752731      0.00150391804922748      0.00150391804922748      0.00100500892912844        0.670062930903898       0.0200777618675663       0.0200777618675649         0.30381870496268        0.231029876425869        0.231029876425869        0.231029876425869
                    0.202        0.012197366476797        0.012197366476797      0.00901099316139703      0.00153496506042481      0.00153496506042481      0.00103084616243251        0.660232031493553       0.0199410618042734       0.0199410618042749         0.30319531864069        0.231029876425869        0.231029876425869        0.231029876425869
                    0.203       0.0123226045043006       0.0123226045043006      0.00913639822875201      0.00156644890819559      0.00156644890819559      0.00105713113286735        0.650538507006998       0.0198067355106176         0.01980673551062        0.302574394227348        0.231029876425869        0.231029876425869        0.231029876425869
                    0.204       0.0124487402258608       0.0124487402258608      0.00926275796018507      0.00159837283489006      0.00159837283489006      0.00108386747819079        0.640980891793008       0.0196747246063812       0.0196747246063812        0.301955938863337        0.231029876425869        0.231029876425869        0.231029876425869
                    0.205       0.0125757770169177       0.0125757770169177      0.00939007431632902      0.00163074008358285      0.00163074008358285      0.00111105882422465        0.631557695968627       0.0195449725653675       0.0195449725653687        0.301339959276235        0.231029876425869        0.231029876425869        0.231029876425869
                    0.206       0.0127037182608866       0.0127037182608866      0.00951834927310424      0.00166355389806094      0.00166355389806095      0.00113870878500051        0.622267446246032       0.0194174246431973       0.0194174246431941        0.300726461783767        0.231029876425869        0.231029876425869        0.231029876425869
                    0.207       0.0128325673325872       0.0128325673325872      0.00964758482520318      0.00169681752281175      0.00169681752281175      0.00116682096290941        0.613108653810531       0.0192920278084063       0.0192920278084052         0.30011545229758        0.231029876425869        0.231029876425869        0.231029876425869
                    0.208       0.0129623276024934       0.0129623276024934      0.00977778298605401      0.00173053420301135      0.00173053420301135      0.00119539894885594        0.604079847620913       0.0191687306766258        0.019168730676626        0.299506936327235        0.231029876425869        0.231029876425869        0.231029876425869
                    0.209       0.0130930024369524       0.0130930024369524      0.00990894578776964      0.00176470718451281       0.0017647071845128      0.00122444632241537        0.595179543468396       0.0190474834479089       0.0190474834479131        0.298900918984714        0.231029876425869        0.231029876425869        0.231029876425869
                     0.21       0.0132245951983912       0.0132245951983912       0.0100410752810891      0.00179933971383476      0.00179933971383476      0.00125396665199464        0.586406255973977       0.0189282378467546       0.0189282378467516        0.298297404989022        0.231029876425869        0.231029876425869        0.231029876425869
                    0.211       0.0133571092455125       0.0133571092455125        0.010174173535307      0.00183443503815006      0.00183443503815006      0.00128396349499594        0.577758520604964       0.0188109470649076       0.0188109470649027        0.297696398671169        0.231029876425869        0.231029876425869        0.231029876425869
                    0.212       0.0134905479334794       0.0134905479334794       0.0103082426381932      0.00186999640527457      0.00186999640527457       0.0013144403979831        0.569234861535111       0.0186955657066558        0.018695565706653        0.297097903979371        0.231029876425869        0.231029876425869        0.231029876425869
                    0.213       0.0136249146140904       0.0136249146140904       0.0104432846959048      0.00190602706365618      0.00190602706365618      0.00134540089685034        0.560833808563991       0.0185820497365992       0.0185820497365973        0.296501924484403        0.231029876425869        0.231029876425869        0.231029876425869
                    0.214       0.0137602126359454       0.0137602126359454       0.0105793018328895      0.00194253026236395      0.00194253026236395      0.00137684851699326         0.55255389912455       0.0184703564296454       0.0184703564296463        0.295908463385143        0.231029876425869        0.231029876425869        0.231029876425869
                    0.215       0.0138964453446017       0.0138964453446017       0.0107162961917799      0.00197950925107738      0.00197950925107738      0.00140878677348142        0.544393669736037       0.0183604443232695       0.0183604443232731        0.295317523514316        0.231029876425869        0.231029876425869        0.231029876425869
                    0.216       0.0140336160827233       0.0140336160827233        0.010854269933282       0.0020169672800759       0.0020169672800759      0.00144121917123278         0.53635166823733       0.0182522731717332       0.0182522731717342        0.294729107344306        0.231029876425869        0.231029876425869        0.231029876425869
                    0.217       0.0141717281902209       0.0141717281902209       0.0109932252360566      0.00205490760022848      0.00205490760022848      0.00147414920518951        0.528426442176967       0.0181458039023715       0.0181458039023705        0.294143216993069        0.231029876425869        0.231029876425869        0.231029876425869
                    0.218       0.0143107850043853       0.0143107850043853       0.0111331642965939       0.0020933334629834       0.0020933334629834      0.00150758036049464        0.520616553864847       0.0180409985736674       0.0180409985736672        0.293559854230212        0.231029876425869        0.231029876425869        0.231029876425869
                    0.219       0.0144507898600142       0.0144507898600142        0.011274089329082      0.00213224812035824      0.00213224812035824      0.00154151611266987        0.512920566871961       0.0179378203351509       0.0179378203351515        0.292979020483109        0.231029876425869        0.231029876425869        0.231029876425869
                     0.22       0.0145917460895313       0.0145917460895313       0.0114160025652713      0.00217165482492994      0.00217165482492994      0.00157595992779414        0.505337050588019       0.0178362333889454       0.0178362333889471        0.292400716842999        0.231029876425869        0.231029876425869        0.231029876425869
                    0.221       0.0147336570231001       0.0147336570231001       0.0115589062543326      0.00221155682982512      0.00221155682982512      0.00161091526268244        0.497864585182364       0.0177362029529488       0.0177362029529471        0.291824944071267        0.231029876425869        0.231029876425869        0.231029876425869
                    0.222       0.0148765259887322       0.0148765259887322       0.0117028026627104      0.00225195738871047      0.00225195738871047      0.00164638556506506        0.490501756388716       0.0176376952255378       0.0176376952255376        0.291251702605675        0.231029876425869        0.231029876425869        0.231029876425869
                    0.223       0.0150203563123888       0.0150203563123888       0.0118476940739729      0.00229285975578335      0.00229285975578335      0.00168237427376704        0.483247159655908       0.0175406773517015       0.0175406773517008        0.290680992566599        0.231029876425869        0.231029876425869        0.231029876425869
                    0.224       0.0151651513180783       0.0151651513180784       0.0119935827886576      0.00233426718576259      0.00233426718576259      0.00171888481888745        0.476099399732027       0.0174451173905639       0.0174451173905611         0.29011281376333        0.231029876425869        0.231029876425869        0.231029876425869
                    0.225       0.0153109143279486       0.0153109143279486       0.0121404711241125       0.0023761829338793       0.0023761829338793      0.00175592062197839        0.469057088163421       0.0173509842842731       0.0173509842842731        0.289547165700355        0.231029876425869        0.231029876425869        0.231029876425869
                    0.226        0.015457648662374        0.015457648662374       0.0122883614143353      0.00241861025586805      0.00241861025586805      0.00179348509622382        0.462118848166572       0.0172582478280826       0.0172582478280832        0.288984047583608        0.231029876425869        0.231029876425869        0.231029876425869
                    0.227       0.0156053576400392       0.0156053576400392       0.0124372560098086      0.00246155240795799      0.00246155240795799      0.00183158164661768         0.45528331279982       0.0171668786416769       0.0171668786416757        0.288423458326733        0.231029876425869        0.231029876425869        0.231029876425869
                    0.228        0.015754044578018        0.015754044578018       0.0125871572773324      0.00250501264686429      0.00250501264686429      0.00187021367014137        0.448549123237524       0.0170768481416005        0.017076848141601        0.287865396557316        0.231029876425869        0.231029876425869        0.231029876425869
                    0.229       0.0159037127918484       0.0159037127918484       0.0127380675998552      0.00254899422977965      0.00254899422977965      0.00190938455594059        0.441914931362547       0.0169881285148044       0.0169881285148057        0.287309860623048        0.231029876425869        0.231029876425869        0.231029876425869
                     0.23        0.016054365595604        0.016054365595604       0.0128899893763008      0.00259350041436594      0.00259350041436594      0.00194909768550086        0.435379400851121       0.0169006926932489       0.0169006926932475        0.286756848597958        0.231029876425869        0.231029876425869        0.231029876425869
                    0.231       0.0162060063019625       0.0162060063019625       0.0130429250213952      0.00263853445874608      0.00263853445874608      0.00198935643282249        0.428941203805061       0.0168145143294431       0.0168145143294413        0.286206358288468        0.231029876425869        0.231029876425869        0.231029876425869
                    0.232       0.0163586382222694       0.0163586382222694       0.0131968769654906      0.00268409962149598      0.00268409962149598      0.00203016416459397        0.422599026764977       0.0167295677729822       0.0167295677729833        0.285658387239497        0.231029876425869        0.231029876425869        0.231029876425869
                    0.233       0.0165122646666006       0.0165122646666006       0.0133518476543885      0.00273019916163665      0.00273019916163665      0.00207152424036437        0.416351563453096       0.0166458280479839       0.0166458280479833        0.285112932740478        0.231029876425869        0.231029876425869        0.231029876425869
                    0.234       0.0166668889438198       0.0166668889438198         0.01350783954916      0.00277683633862648      0.00277683633862648       0.0021134400127141        0.410197520461725       0.0165632708313528       0.0165632708313556        0.284569991831339        0.231029876425869        0.231029876425869        0.231029876425869
                    0.235       0.0168225143616353       0.0168225143616353       0.0136648551259676      0.00282401441235364      0.00282401441235364      0.00215591482742459        0.404135617508621       0.0164818724319191       0.0164818724319207        0.284029561308383        0.231029876425869        0.231029876425869        0.231029876425869
                    0.236       0.0169791442266522       0.0169791442266522       0.0138228968758829       0.0028717366431286       0.0028717366431286      0.00219895202364596        0.398164584844336       0.0164016097703508       0.0164016097703503        0.283491637730182        0.231029876425869        0.231029876425869        0.231029876425869
                    0.237       0.0171367818444235       0.0171367818444235        0.013981967304706       0.0029200062916768       0.0029200062916768      0.00224255493406338        0.392283163076376       0.0163224603597962       0.0163224603597971        0.282956217423343        0.231029876425869        0.231029876425869        0.231029876425869
                    0.238       0.0172954305194978       0.0172954305194978       0.0141420689327837      0.00296882661913152      0.00296882661913152      0.00228672688506177        0.386490107581345       0.0162444022872864        0.016244402287285        0.282423296488192        0.231029876425869        0.231029876425869        0.231029876425869
                    0.239       0.0174550935554655       0.0174550935554655       0.0143032042948254      0.00301820088702674      0.00301820088702674      0.00233147119688836        0.380784183452194       0.0161674141958194       0.0161674141958185        0.281892870804496        0.231029876425869        0.231029876425869        0.231029876425869
                     0.24       0.0176157742550023       0.0176157742550023       0.0144653759397218      0.00306813235729029      0.00306813235729029      0.00237679118381382        0.375164168631051       0.0160914752670847       0.0160914752670853        0.281364936036985        0.231029876425869        0.231029876425869        0.231029876425869
                    0.241       0.0177774759199107       0.0177774759199107       0.0146285864303609      0.00311862429223701      0.00311862429223701      0.00242269015429125        0.369628852258877       0.0160165652048554       0.0160165652048548        0.280839487640885        0.231029876425869        0.231029876425869        0.231029876425869
                    0.242       0.0179402018511602       0.0179402018511602        0.014792838343445      0.00316967995456209      0.00316967995456209      0.00246917141111323        0.364177039315339        0.015942664218955       0.0159426642189559        0.280316520867361        0.231029876425869        0.231029876425869        0.231029876425869
                    0.243       0.0181039553489245       0.0181039553489245       0.0149581342693076      0.00322130260733454      0.00322130260733454      0.00251623825156703        0.358807543597698        0.015869753009832       0.0158697530098319        0.279796030768858        0.231029876425869        0.231029876425869        0.231029876425869
                    0.244       0.0182687397126181       0.0182687397126181       0.0151244768117305      0.00327349551399076      0.00327349551399076       0.0025638939675875          0.3535191935606       0.0157978127536747       0.0157978127536751         0.27927801220441        0.231029876425869        0.231029876425869        0.231029876425869
                    0.245       0.0184345582409306       0.0184345582409306       0.0152918685877618      0.00332626193832825      0.00332626193832825      0.00261214184590823        0.348310828435275       0.0157268250880651       0.0157268250880651        0.278762459844814        0.231029876425869        0.231029876425869        0.231029876425869
                    0.246       0.0186014142318594       0.0186014142318594       0.0154603122275327      0.00337960514449939      0.00337960514449939      0.00266098516821014        0.343181301628246        0.015656772098146       0.0156567720981459        0.278249368177813        0.231029876425869        0.231029876425869        0.231029876425869
                    0.247        0.018769310982741        0.018769310982741       0.0156298103740766      0.00343352839700543      0.00343352839700543      0.00271042721126833        0.338129477392825       0.0155876363032788        0.015587636303278        0.277738731513105        0.231029876425869        0.231029876425869        0.231029876425869
                    0.248       0.0189382517902814       0.0189382517902814        0.015800365683148      0.00348803496069052      0.00348803496069052      0.00276047124709645        0.333154234842167        0.015519400644166       0.0155194006441659         0.27723054398735        0.231029876425869        0.231029876425869        0.231029876425869
                    0.249        0.019108239950584        0.019108239950584       0.0159719808230419      0.00354312810073586      0.00354312810073586      0.00281112054308897        0.328254464110121        0.015452048470432       0.0154520484704327        0.276724799569058        0.231029876425869        0.231029876425869        0.231029876425869
                     0.25       0.0192792787591774       0.0192792787591774       0.0161446584744145      0.00359881108265398      0.00359881108265398      0.00286237836216123        0.323429068807173       0.0153855635286348       0.0153855635286351        0.276221492063415        0.231029876425869        0.231029876425869        0.231029876425869
                    0.251        0.019451371511041        0.019451371511041       0.0163184013301042      0.00365508717228313      0.00365508717228313      0.00291424796288719        0.318676964571008       0.0153199299506891       0.0153199299506895         0.27572061511702        0.231029876425869        0.231029876425869        0.231029876425869
                    0.252       0.0196245215006301       0.0196245215006301       0.0164932120949541      0.00371195963578178      0.00371195963578178      0.00296673259963486        0.313997080040598       0.0152551322427021       0.0152551322427021        0.275222162222565        0.231029876425869        0.231029876425869        0.231029876425869
                    0.253       0.0197987320218997       0.0197987320218997       0.0166690934856352      0.00376943173962318      0.00376943173962318      0.00301983552269955        0.309388357737322       0.0151911552741696       0.0151911552741699        0.274726126723418        0.231029876425869        0.231029876425869        0.231029876425869
                    0.254       0.0199740063683269       0.0199740063683269       0.0168460482304707      0.00382750270183011      0.00382750270183012       0.0030735599784348        0.304850395280023       0.0151279842675608        0.015127984267559        0.274232501818116        0.231029876425869        0.231029876425869        0.231029876425869
                    0.255       0.0201503478329328       0.0201503478329328       0.0170240791285774      0.00388618793576958      0.00388618793576958      0.00312790920938083        0.300380225305882       0.0150656047882448       0.0150656047882441         0.27374128056484        0.231029876425869        0.231029876425869        0.231029876425869
                    0.256       0.0203277597708728       0.0203277597708728       0.0172031888149222       0.0039454785625479       0.0039454785625479      0.00318288645439107        0.295978760326567        0.015004002734768       0.0150040027347675        0.273252455885724        0.231029876425869        0.231029876425869        0.231029876425869
                    0.257       0.0205062453516068       0.0205062453516068       0.0173833801083678       0.0040053818986055       0.0040053818986055      0.00323849494875586        0.291644350088948       0.0149431643294428       0.0149431643294428        0.272766020571177        0.231029876425869        0.231029876425869        0.231029876425869
                    0.258       0.0206858079268301       0.0206858079268301       0.0175646557820875      0.00406590121191212      0.00406590121191212       0.0032947379243244        0.287375996198612       0.0148830761092623       0.0148830761092628        0.272281967284055        0.231029876425869        0.231029876425869        0.231029876425869
                    0.259       0.0208664507879119       0.0208664507879119       0.0177470186200452      0.00412703977072196      0.00412703977072196      0.00335161860962374        0.283172717146339       0.0148237249171112       0.0148237249171113        0.271800288563843        0.231029876425869        0.231029876425869        0.231029876425869
                     0.26       0.0210481772258603       0.0210481772258603       0.0179304714168287      0.00418880084356898      0.00418880084356898      0.00340914022997627        0.279033541024398       0.0147650978932672       0.0147650978932669        0.271320976830633        0.231029876425869        0.231029876425869        0.231029876425869
                    0.261       0.0212309905313384       0.0212309905313384       0.0181150169774823      0.00425118769926223      0.00425118769926223      0.00346730600761417        0.274957510177726       0.0147071824671863       0.0147071824671857        0.270844024389174        0.231029876425869        0.231029876425869        0.231029876425869
                    0.262       0.0214148939946806       0.0214148939946806       0.0183006581173413      0.00431420360688136      0.00431420360688136      0.00352611916179196        0.270943677905802       0.0146499663495476       0.0146499663495464        0.270369423432751        0.231029876425869        0.231029876425869        0.231029876425869
                    0.263       0.0215998909059078       0.0215998909059078       0.0184873976618689       0.0043778518357721       0.0043778518357721       0.0035855829088967        0.266991110511558       0.0145934375245622       0.0145934375245631        0.269897166047024        0.231029876425869        0.231029876425869        0.231029876425869
                    0.264       0.0217859845547419       0.0217859845547419       0.0186752384464936      0.00444213565554196      0.00444213565554196      0.00364570046255589        0.263098886081253       0.0145375842425409       0.0145375842425412        0.269427244213798        0.231029876425869        0.231029876425869        0.231029876425869
                    0.265       0.0219731782306195       0.0219731782306195       0.0188641832439498      0.00450705833605586      0.00450705833605586      0.00370647503374322        0.259266095897806       0.0144823950126712       0.0144823950126718          0.2689596498147        0.231029876425869        0.231029876425869        0.231029876425869
                    0.266       0.0221614751487311       0.0221614751487311       0.0190542350546807      0.00457262314743199      0.00457262314743199      0.00376790983088183        0.255491841138352       0.0144278585960635        0.014427858596063        0.268494374634831        0.231029876425869        0.231029876425869        0.231029876425869
                    0.267       0.0223508787468204       0.0223508787468204       0.0192453966704229      0.00463883336003764      0.00463883336003764       0.0038300080599457         0.25177523632556       0.0143739639989877       0.0143739639989878        0.268031410366285        0.231029876425869        0.231029876425869        0.231029876425869
                    0.268        0.022541392239146        0.022541392239146       0.0194376709648961      0.00470569224448516      0.00470569224448516      0.00389277292455849        0.248115407371448       0.0143207004663409       0.0143207004663408        0.267570748611661        0.231029876425869        0.231029876425869        0.231029876425869
                    0.269       0.0227330189141533       0.0227330189141533       0.0196310608209967      0.00477320307162801      0.00477320307162801      0.00395620762609052        0.244511493012781       0.0142680574753163       0.0142680574753169        0.267112380887453        0.231029876425869        0.231029876425869        0.231029876425869
                     0.27       0.0229257620600625       0.0229257620600625       0.0198255691306449      0.00484136911255683      0.00484136911255683      0.00402031536375322        0.240962642699354       0.0142160247292708       0.0142160247292711        0.266656298627432        0.231029876425869        0.231029876425869        0.231029876425869
                    0.271       0.0231196249648796       0.0231196249648796       0.0200211987946336      0.00491019363859562      0.00491019363859562      0.00408509933469179        0.237468017146269       0.0141645921517842       0.0141645921517838          0.2662024931859        0.231029876425869        0.231029876425869        0.231029876425869
                    0.272       0.0233146109164065       0.0233146109164065       0.0202179527224793      0.00497967992129803      0.00497967992129803      0.00415056273407554        0.234026789254093       0.0141137498808982        0.014113749880898         0.26575095584091        0.231029876425869        0.231029876425869        0.231029876425869
                    0.273       0.0235107232022516       0.0235107232022516        0.020415833832274      0.00504983123244382      0.00504983123244382      0.00421670874511391         0.23063814338391       0.0140634882630317       0.0140634882630321        0.265301677797423        0.231029876425869        0.231029876425869        0.231029876425869
                    0.274       0.0237079651098358       0.0237079651098358       0.0206148450505383      0.00512065083423024      0.00512065083423024      0.00428354058021697        0.227301275434196       0.0140137978496244       0.0140137978496246         0.26485465019044        0.231029876425869        0.231029876425869        0.231029876425869
                    0.275       0.0239063399264063       0.0239063399264063        0.020814989312079      0.00519214201937484      0.00519214201937484      0.00435106141840596        0.224015389736108       0.0139646693888099       0.0139646693888089         0.26440986408794        0.231029876425869        0.231029876425869        0.231029876425869
                    0.276       0.0241058509390417       0.0241058509390417       0.0210162695598447      0.00526430804974256      0.00526430804974256      0.00441927444781213        0.220779706586073       0.0139160938223882        0.013916093822389        0.263967310493909        0.231029876425869        0.231029876425869        0.231029876425869
                    0.277       0.0243065014346616       0.0243065014346616       0.0212186887447858       0.0053371521979846       0.0053371521979846       0.0044881828550113        0.217593452768833       0.0138680622803947       0.0138680622803953        0.263526980351217        0.231029876425869        0.231029876425869        0.231029876425869
                    0.278       0.0245082947000335       0.0245082947000335       0.0214222498257146      0.00541067773696028      0.00541067773696028      0.00455778982510194        0.214455868966308       0.0138205660763063       0.0138205660763063        0.263088864544475        0.231029876425869        0.231029876425869        0.231029876425869
                    0.279       0.0247112340217813       0.0247112340217813       0.0216269557691682      0.00548488793973374      0.00548488793973374      0.00462809854178131        0.211366206155533       0.0137735967024135       0.0137735967024136        0.262652953902809        0.231029876425869        0.231029876425869        0.231029876425869
                     0.28       0.0249153226863918       0.0249153226863918        0.021832809549273       0.0055597860795707       0.0055597860795707      0.00469911218741979        0.208323722339515       0.0137271458253212       0.0137271458253213        0.262219239202569        0.231029876425869        0.231029876425869        0.231029876425869
                    0.281       0.0251205639802219       0.0251205639802219       0.0220398141476099       0.0056353754299352       0.0056353754299352      0.00477083394313301        0.205327693365927       0.0136812052815843        0.013681205281585        0.261787711170028        0.231029876425869        0.231029876425869        0.231029876425869
                    0.282        0.025326961189505        0.025326961189505       0.0222479725530825      0.00571165926448654      0.00571165926448654      0.00484326698885251        0.202377399129335       0.0136357670734712       0.0136357670734713        0.261358360483958        0.231029876425869        0.231029876425869        0.231029876425869
                    0.283       0.0255345176003574       0.0255345176003574       0.0224572877617863       0.0057886408570761       0.0057886408570761       0.0049164145033942        0.199472133187099       0.0135908233648584       0.0135908233648585        0.260931177778209        0.231029876425869        0.231029876425869        0.231029876425869
                    0.284       0.0257432364987846       0.0257432364987846         0.02266776277688      0.00586632348174438      0.00586632348174438      0.00499027966452532        0.196611195761179       0.0135463664772343       0.0135463664772345        0.260506153644184        0.231029876425869        0.231029876425869        0.231029876425869
                    0.285       0.0259531211706865       0.0259531211706865       0.0228794006084581        0.005944710412718        0.005944710412718      0.00506486564902932        0.193793901984102       0.0135023888858313       0.0135023888858312        0.260083278633298        0.231029876425869        0.231029876425869        0.231029876425869
                    0.286       0.0261641749018633       0.0261641749018633       0.0230922042734255      0.00602380492440658      0.00602380492440658      0.00514017563276921        0.191019575353489       0.0134588832162733       0.0134588832162727         0.25966254325937        0.231029876425869        0.231029876425869        0.231029876425869
                    0.287       0.0263764009780219       0.0263764009780219       0.0233061767953743      0.00610361029140064      0.00610361029140064      0.00521621279074927        0.188287546856847       0.0134158422392663       0.0134158422392665        0.259243938000917        0.231029876425869        0.231029876425869        0.231029876425869
                    0.288       0.0265898026847788       0.0265898026847788       0.0235213212044607      0.00618412978846765      0.00618412978846765      0.00529298029717455        0.185597160048679        0.013373258869559       0.0133732588695591        0.258827453303504        0.231029876425869        0.231029876425869        0.231029876425869
                    0.289       0.0268043833076664       0.0268043833076664       0.0237376405372854         0.00626536669055         0.00626536669055      0.00537048132550932        0.182947766939094       0.0133311261608095       0.0133311261608096        0.258413079581942        0.231029876425869        0.231029876425869        0.231029876425869
                     0.29       0.0270201461321374       0.0270201461321374       0.0239551378367749      0.00634732427276215      0.00634732427276215       0.0054487190485336        0.180338730381547        0.013289437302668       0.0132894373026679        0.258000807222462        0.231029876425869        0.231029876425869        0.231029876425869
                    0.291       0.0272370944435695       0.0272370944435695       0.0241738161520643      0.00643000581038787      0.00643000581038787      0.00552769663839803        0.177769421268651       0.0132481856175199       0.0132481856175197        0.257590626584868        0.231029876425869        0.231029876425869        0.231029876425869
                    0.292       0.0274552315272693       0.0274552315272693       0.0243936785383819      0.00651341457887774      0.00651341457887774      0.00560741726667728        0.175239220004775       0.0132073645573272       0.0132073645573273        0.257182528004615        0.231029876425869        0.231029876425869        0.231029876425869
                    0.293       0.0276745606684767       0.0276745606684767        0.024614728056936      0.00659755385384644      0.00659755385384644      0.00568788410442188        0.172747515089461       0.0131669677005591        0.013166967700559        0.256776501794841        0.231029876425869        0.231029876425869        0.231029876425869
                    0.294       0.0278950851523688       0.0278950851523688       0.0248369677748024      0.00668242691107034      0.00668242691107034      0.00576910032220853        0.170293711229218       0.0131269887492015       0.0131269887492009        0.256372538248362        0.231029876425869        0.231029876425869        0.231029876425869
                    0.295       0.0281168082640634       0.0281168082640634       0.0250604007648146      0.00676803702648497      0.00676803702648497       0.0058510690901889         0.16787721076165        0.013087421525858       0.0130874215258581        0.255970627639605        0.231029876425869        0.231029876425869        0.231029876425869
                    0.296       0.0283397332886233       0.0283397332886233       0.0252850301054544      0.00685438747618257      0.00685438747618257      0.00593379357813696        0.165497432994369       0.0130482599709298       0.0130482599709297        0.255570760226524        0.231029876425869        0.231029876425869        0.231029876425869
                    0.297       0.0285638635110588       0.0285638635110588       0.0255108588807452      0.00694148153640972      0.00694148153640972       0.0060172769554949        0.163153803689058       0.0130094981398688       0.0130094981398685        0.255172926252438        0.231029876425869        0.231029876425869        0.231029876425869
                    0.298       0.0287892022163319       0.0287892022163319       0.0257378901801466      0.00702932248356497      0.00702932248356497      0.00610152239141771        0.160845757748929       0.0129711302005092       0.0129711302005093        0.254777115947837        0.231029876425869        0.231029876425869        0.231029876425869
                    0.299       0.0290157526893591       0.0290157526893591       0.0259661270984502      0.00711791359419655      0.00711791359419655      0.00618653305481624        0.158572737835849       0.0129331504304769       0.0129331504304767        0.254383319532159        0.231029876425869        0.231029876425869        0.231029876425869
                      0.3       0.0292435182150144       0.0292435182150144       0.0261955727356775      0.00720725814500008      0.00720725814500008      0.00627231211439908        0.156334196905477       0.0128955532146586       0.0128955532146588        0.253991527215497        0.231029876425869        0.231029876425869        0.231029876425869
