                   T[GeV]                nU[GeV^3]                nD[GeV^3]                nS[GeV^3]             nUBar[GeV^3]             nDBar[GeV^3]            nSBbar[GeV^3]                W[GeV^-2]               effMU[GeV]               effMD[GeV]               effMS[GeV]              effCPU[GeV]              effCPD[GeV]              effCPS[GeV]
                     0.04     0.000297274266454648     0.000297274266454648     5.12076949919923e-06       4.079904829669e-11     4.07990482966899e-11     6.23908425520247e-13         3.65867357649524         0.35216112019448         0.35216112019448        0.542587230323664        0.318435705524512        0.318435705524512        0.318435705524512
                    0.041     0.000323466417075054     0.000323466417077001     6.19058371466939e-06     6.58140244893223e-11     6.58140244897768e-11     1.11238398085139e-12          3.6895297549708        0.350832153354839        0.350832153354505        0.541992952491695        0.318435705524512        0.318435705524512        0.318435705524512
                    0.042     0.000351286405547893     0.000351286405549935     7.42915422117673e-06     1.04033742008964e-10     1.04033742009662e-10     1.93276094784713e-12         3.71842834501626        0.349422903578369        0.349422903578035        0.541362446604601        0.318435705524512        0.318435705524512        0.318435705524512
                    0.043     0.000380821981524877      0.00038082198152735     8.85494350850356e-06     1.61380792720542e-10      1.6138079272176e-10     3.27853007296923e-12          3.7452989662797        0.347928948679944        0.347928948679558        0.540693779469596        0.318435705524512        0.318435705524512        0.318435705524512
                    0.044     0.000412168988378621     0.000412168988388019     1.04876713802058e-05     2.45997929576392e-10     2.45997929582949e-10     5.43845978723457e-12          3.7700540714451        0.346345422349425        0.346345422348022        0.539984852090446        0.318435705524512        0.318435705524512        0.318435705524512
                    0.045     0.000445432513934031     0.000445432513934613     1.23483980111653e-05     3.68931080734714e-10     3.68931080735282e-10     8.83536402019837e-12         3.79267153027586        0.344666947733464        0.344666947733381        0.539233377557408        0.318435705524512        0.318435705524512        0.318435705524512
                    0.046     0.000480728269342013      0.00048072826934517     1.44596261534275e-05     5.44983290157381e-10     5.44983290161622e-10     1.40775045485804e-11         3.81305648393801        0.342887556696273        0.342887556695841        0.538436854072302        0.318435705524512        0.318435705524512        0.318435705524512
                    0.047     0.000518184252224843     0.000518184252222081     1.68454270114681e-05     7.93776220090436e-10     7.93776220085387e-10     2.20257899838514e-11         3.83115293687956        0.341000591601481        0.341000591601844        0.537592532106876        0.318435705524512        0.318435705524512        0.318435705524512
                    0.048     0.000557942771185337      0.00055794277118864      1.9531595610471e-05     1.14106440687029e-09     1.14106440687841e-09     3.38805243747743e-11         3.84687016347857        0.338998584855996        0.338998584855579        0.536697374118058        0.318435705524512        0.318435705524512        0.318435705524512
                    0.049     0.000600162935697406     0.000600162935704019     2.25458432731723e-05       1.620358964512e-09     1.62035896453364e-09     5.12921517258834e-11         3.86012946725138        0.336873109693311         0.33687310969251        0.535748004696552        0.318435705524512        0.318435705524512        0.318435705524512
                     0.05     0.000645023751353665     0.000645023751349187     2.59180373358163e-05     2.27493321684677e-09     2.27493321682748e-09     7.65012740583914e-11         3.87084119134596        0.334614593466307        0.334614593466829        0.534740648294684        0.318435705524512        0.318435705524512        0.318435705524512
                    0.051     0.000692728013458507     0.000692728013458383     2.96805018283833e-05     3.16030485477358e-09     3.16030485477288e-09     1.12515409418452e-10         3.87892451814033        0.332212081337302        0.332212081337316        0.533671050611736        0.318435705524512        0.318435705524512        0.318435705524512
                    0.052     0.000743507269325796      0.00074350726933797     3.38683980706679e-05     4.34732084991527e-09     4.34732085000376e-09      1.6332324106046e-10          3.8842230048141        0.329652933327452        0.329652933326135        0.532534378139986        0.318435705524512        0.318435705524512        0.318435705524512
                    0.053     0.000797628502992192      0.00079762850299219     3.85202184594358e-05     5.92602010839967e-09     5.92602010839965e-09     2.34172417524262e-10         3.88674260076595        0.326922402368129         0.32692240236813         0.53132507751643        0.318435705524512        0.318435705524512        0.318435705524512
                    0.054     0.000855401614956693     0.000855401614956684     4.36783959243526e-05     8.01050270749523e-09     8.01050270749512e-09     3.31900777359133e-10         3.88626214322247        0.324003214534535        0.324003214534536        0.530036742240101        0.318435705524512        0.318435705524512        0.318435705524512
                    0.055     0.000917192004755104      0.00091719200475513     4.93901682960594e-05     1.07451824953314e-08     1.07451824953318e-08     4.65351395786749e-10         3.88269117671443        0.320874730036171        0.320874730036169        0.528661831181725        0.318435705524512        0.318435705524512        0.318435705524512
                    0.056     0.000983435188611438     0.000983435188611442     5.57086806459638e-05     1.43129052593619e-08      1.4312905259362e-08     6.45890063305788e-10         3.87589334826101        0.317512067174258        0.317512067174258        0.527191387772086        0.318435705524512        0.318435705524512        0.318435705524512
                    0.057      0.00105465855272167      0.00105465855272173     6.26945309979112e-05     1.89457485751136e-08      1.8945748575115e-08     8.88039557242016e-10         3.86573370987916        0.313884729410684        0.313884729410679        0.525614594378954        0.318435705524512        0.318435705524512        0.318435705524512
                    0.058      0.00113151237870424      0.00113151237870433     7.04179479973953e-05     2.49397567413205e-08      2.4939756741323e-08      1.2102913732303e-09         3.85208064846758         0.30995464883441        0.309954648834403        0.523918142551167        0.318435705524512        0.318435705524512        0.318435705524512
                    0.059      0.00121481595768659      0.00121481595768664     7.89619679651742e-05     3.26757108112176e-08     3.26757108112191e-08     1.63613924848865e-09         3.83482961307261        0.305673262318404          0.3056732623184          0.5220852978069        0.318435705524512        0.318435705524512        0.318435705524512
                     0.06      0.00130562887116772       0.0013056288711676     8.84272536268886e-05     4.26496050531318e-08     4.26496050531266e-08     2.19543949959905e-09          3.8139600509378        0.300976966941375        0.300976966941384        0.520094455642623        0.318435705524512        0.318435705524512        0.318435705524512
                    0.061      0.00140536643513747      0.00140536643513734     9.89397598981564e-05     5.55196557120408e-08     5.55196557120335e-08     2.92626698022048e-09         3.78965321327566        0.295779708635161        0.295779708635171        0.517916803178808        0.318435705524512        0.318435705524512        0.318435705524512
                    0.062      0.00151599942329114       0.0015159994232916     0.000110663681131692     7.21835211082846e-08     7.21835211083154e-08     3.87758579810758e-09         3.76260532524405        0.289960146417064        0.289960146417028        0.515512299654761        0.318435705524512        0.318435705524512        0.318435705524512
                    0.063      0.00164042285727915      0.00164042285727915     0.000123825078492673     9.39158839705306e-08     9.39158839705309e-08     5.11339722887775e-09         3.73488949074992        0.283337625852517        0.283337625852516        0.512822213238526        0.318435705524512        0.318435705524512        0.318435705524512
                    0.064      0.00178322193291508      0.00178322193291837     0.000138759741974483     1.22641777866361e-07     1.22641777866699e-07     6.71992988837854e-09         3.71284962877468        0.275622236545648        0.275622236545408        0.509753744984365        0.318435705524512        0.318435705524512        0.318435705524512
                    0.065      0.00195250533726598      0.00195250533727168     0.000156025819974516     1.61570651522925e-07     1.61570651523651e-07     8.82029330018157e-09         3.72101281157671        0.266294134433193        0.266294134432788        0.506143246170354        0.318435705524512        0.318435705524512        0.318435705524512
                    0.066      0.00216549355381521      0.00216549355379968     0.000176740337988961     2.17075720506253e-07     2.17075720503747e-07     1.16130241214582e-08         3.91599096423643        0.254232796668073        0.254232796669147        0.501644559686122        0.318435705524512        0.318435705524512        0.318435705524512
                    0.067      0.00247601537090699      0.00247601537090347     0.000204200407303693     3.07761461321147e-07     3.07761461320393e-07     1.55379237436414e-08         6.59128491620731        0.235872947896139        0.235872947896377        0.495182698518329        0.318435705524512        0.318435705524512        0.318435705524512
                    0.068      0.00373827784174093      0.00373827784173999     0.000288809039063675     8.03504799949704e-07     8.03504799949193e-07     2.55277064906767e-08         7.86314212507333        0.149331093904331        0.149331093904407        0.470973375086796        0.318435705524512        0.318435705524512        0.318435705524512
                    0.069      0.00402836894209537      0.00402836894209399     0.000322322201778485     1.08034675817145e-06     1.08034675817042e-06     3.27344307813194e-08         8.42693120460887        0.128575788882086        0.128575788882209         0.46630762846541        0.318435705524512        0.318435705524512        0.318435705524512
                     0.07      0.00418694210652221      0.00418694210652611     0.000349436396819801     1.32080787008947e-06     1.32080787009303e-06     4.05771936359018e-08         8.87846534657583        0.118052467983996        0.118052467983623        0.463955627732207        0.318435705524512        0.318435705524512        0.318435705524512
                    0.071         0.00430830431262      0.00430830431262052      0.00037540177784093     1.56637976715268e-06     1.56637976715324e-06     4.96451753949292e-08         9.28291900269857        0.110577179177205        0.110577179177153        0.462241085743752        0.318435705524512        0.318435705524512        0.318435705524512
                    0.072      0.00441127046443104      0.00441127046443112     0.000401241983433756     1.82618910281359e-06     1.82618910281368e-06     6.02074153437184e-08         9.68160968089645        0.104679999598578         0.10467999959857        0.460836062210709        0.318435705524512        0.318435705524512        0.318435705524512
                    0.073      0.00450324601560431      0.00450324601560446     0.000427356104387934     2.10454126157809e-06      2.1045412615783e-06     7.25069670796052e-08         10.1710729415335       0.0997723477142996       0.0997723477142836        0.459613076001421        0.318435705524512        0.318435705524512        0.318435705524512
                    0.074      0.00458797216343681      0.00458797216339934     0.000453946324599101     2.40424406196253e-06     2.40424406190202e-06     8.67952076095885e-08         12.4248311042845       0.0955524883927238       0.0955524883970038        0.458508382828862        0.318435705524512        0.318435705524512        0.318435705524512
                    0.075      0.00466761932778042      0.00466761932777232     0.000481131602446456     2.72749337686164e-06     2.72749337684697e-06     1.03341631416994e-07         13.8019039996133       0.0918431138215049       0.0918431138224629        0.457485375884766        0.318435705524512        0.318435705524512        0.318435705524512
                    0.076      0.00474356885874714      0.00474356885876081     0.000508989970993793     3.07620541743787e-06     3.07620541746549e-06     1.22438403309764e-07         14.5296318942151       0.0885299359734152       0.0885299359717442        0.456520950916851        0.318435705524512        0.318435705524512        0.318435705524512
                    0.077      0.00481675581751542      0.00481675581748974     0.000537576396076739     3.45215392397688e-06      3.4521539239194e-06     1.44403012758469e-07         14.9622498758419       0.0855347216445437       0.0855347216477807        0.455599628371631        0.318435705524512        0.318435705524512        0.318435705524512
                    0.078        0.004887844750753      0.00488784475074476     0.000566932053537796      3.8570426251222e-06     3.85704262510189e-06     1.69580404975304e-07         15.2163876593252       0.0828012578026361       0.0828012578037048        0.454710519501148        0.318435705524512        0.318435705524512        0.318435705524512
                    0.079      0.00495732579816842      0.00495732579817147     0.000597089281053287     4.29254331261076e-06     4.29254331261902e-06     1.98344800042255e-07         15.3511691760921       0.0802876457007664       0.0802876457003594        0.453845683571201        0.318435705524512        0.318435705524512        0.318435705524512
                     0.08      0.00502557137107514      0.00502557137108057     0.000628074460627191     4.76031778269898e-06     4.76031778271504e-06     2.31101373812282e-07         15.4004976733475       0.0779617254872208       0.0779617254864771        0.452999163135727        0.318435705524512        0.318435705524512        0.318435705524512
                    0.081      0.00509287141271176      0.00509287141271397     0.000659909787979024      5.2620311109899e-06     5.26203111099702e-06     2.68287861900396e-07         15.3871987897387       0.0757982115478051       0.0757982115474946         0.45216638624053        0.318435705524512        0.318435705524512        0.318435705524512
                    0.082      0.00515945630771399      0.00515945630771713     0.000692614406522946     5.79935998855937e-06     5.79935998857036e-06     3.10376114457031e-07         15.3269009386761       0.0737768198665253       0.0737768198660732        0.451343779434232        0.318435705524512        0.318435705524512        0.318435705524512
                    0.083       0.0052255123120699      0.00522551231207006     0.000726205160417896     6.37399810096538e-06     6.37399810096598e-06     3.57873613966914e-07         15.2299550956911       0.0718809993706007       0.0718809993705775        0.450528507995719        0.318435705524512        0.318435705524512        0.318435705524512
                    0.084      0.00529119226555378      0.00529119226555781     0.000760697109795669     6.98765966280835e-06     6.98765966282486e-06     4.11324960798553e-07         15.1050405473448       0.0700970461780844       0.0700970461774745        0.449718296135025        0.318435705524512        0.318435705524512        0.318435705524512
                    0.085      0.00535662322440044      0.00535662322439908     0.000796103892375221     7.64208176105892e-06     7.64208176105295e-06     4.71313327386266e-07         14.9580233508477        0.068413469048362       0.0684134690485718         0.44891129923317        0.318435705524512        0.318435705524512        0.318435705524512
                    0.086      0.00542191202305992      0.00542191202305706     0.000832437982859878     8.33902590552612e-06     8.33902590551258e-06     5.38461879830714e-07         14.7936398871677       0.0668205245506781        0.066820524551131        0.448106010972973        0.318435705524512        0.318435705524512        0.318435705524512
                    0.087      0.00548714940721009      0.00548714940720847     0.000869710882639633      9.0802790376699e-06     9.08027903766165e-06     6.13435164630316e-07         14.6157732873236       0.0653098698585489       0.0653098698588117         0.44730119446554        0.318435705524512        0.318435705524512        0.318435705524512
                    0.088      0.00555241315866014      0.00555241315865807     0.000907933260883806     9.86765416091985e-06     9.86765416090866e-06     6.96940457624986e-07         14.4265884377643       0.0638742989061809       0.0638742989065213        0.446495830263245        0.318435705524512        0.318435705524512        0.318435705524512
                    0.089        0.005617770494565      0.00561777049456273     0.000947115061100561      1.0702990700726e-05     1.07029907007128e-05     7.89729071952005e-07         14.2289683038426       0.0625075388163337       0.0625075388167156        0.445689076493069        0.318435705524512        0.318435705524512        0.318435705524512
                     0.09      0.00568327993506222      0.00568327993506288     0.000987265582759703     1.15881546689404e-05     1.15881546689445e-05     8.92597621699431e-07          14.024938017971       0.0612040906543652        0.061204090654252        0.444880237845235        0.318435705524512        0.318435705524512        0.318435705524512
                    0.091      0.00574899277514736      0.00574899277514633      0.00102839354464023     1.25250386837123e-05     1.25250386837055e-05     1.00638923792828e-06         13.8157403658915       0.0599591033217794       0.0599591033219594        0.444068741137139        0.318435705524512        0.318435705524512        0.318435705524512
                    0.092      0.00581495425771346      0.00581495425771272      0.00107050713462992     1.35155618815613e-05     1.35155618815561e-05     1.13199473381631e-06         13.6025831256705       0.0587682725709783       0.0587682725711105        0.443254115828981        0.318435705524512        0.318435705524512        0.318435705524512
                    0.093      0.00588120451793223      0.00588120451793254      0.00111361404935345     1.45616697477027e-05      1.4561669747705e-05     1.27035371576907e-06          13.386557594466       0.0576277593206915       0.0576277593206355        0.442435978320377        0.318435705524512        0.318435705524512        0.318435705524512
                    0.094      0.00594777935180419      0.00594777935180409       0.0011577215262981     1.56653338931311e-05     1.56653338931303e-05     1.42245563776794e-06          13.168773317787       0.0565341227524223       0.0565341227524398        0.441614019144444        0.318435705524512        0.318435705524512        0.318435705524512
                    0.095      0.00601471083997773      0.00601471083997882      0.00120283636918755     1.68285300024629e-05     1.68285300024719e-05     1.58934079471844e-06         12.9487709229531        0.055484266334197       0.0554842663339917        0.440787992548292        0.318435705524512        0.318435705524512        0.318435705524512
                    0.096       0.0060820278775701      0.00608202787757039      0.00124896497113623     1.80533244128532e-05     1.80533244128557e-05     1.77210125645849e-06         12.7299577399857       0.0544753903279167       0.0544753903278608        0.439957707603449        0.318435705524512        0.318435705524512        0.318435705524512
                    0.097      0.00614975659609749      0.00614975659609707      0.00129611333138656     1.93417438759522e-05     1.93417438759484e-05     1.97188173301661e-06         12.5100588072792        0.053504955577522       0.0535049555776033          0.4391230211007        0.318435705524512        0.318435705524512        0.318435705524512
                    0.098      0.00621792073068833      0.00621792073068834      0.00134428707166973     2.06958613482239e-05      2.0695861348224e-05     2.18988037605267e-06         12.2905412391687       0.0525706504649908       0.0525706504649888        0.438283831325383        0.318435705524512        0.318435705524512        0.318435705524512
                    0.099      0.00628654192406629      0.00628654192406635      0.00139349144963547      2.2117774216444e-05     2.21177742164446e-05     2.42734951032546e-06         12.0716930351005       0.0516703639399405       0.0516703639399283         0.43744007286964        0.318435705524512        0.318435705524512        0.318435705524512
                      0.1      0.00635563963015634      0.00635563963015623      0.00144373137090786     2.36096039046756e-05     2.36096039046744e-05     2.68559629501397e-06          11.853860818743       0.0508021623607886       0.0508021623608107        0.436591712182137        0.318435705524512        0.318435705524512        0.318435705524512
                    0.101      0.00642523279224898      0.00642523279224917      0.00149501139996421     2.51734954716107e-05     2.51734954716128e-05      2.9659819924356e-06         11.6373169359733       0.0499642696685861        0.049964269668546        0.435738743740392        0.318435705524512        0.318435705524512        0.318435705524512
                    0.102       0.0064953380677827      0.00649533806778289      0.00154733577014235     2.68116172017838e-05     2.68116172017861e-05     3.26992764686453e-06         11.4222939845465       0.0491550503122793       0.0491550503122388        0.434881186736497        0.318435705524512        0.318435705524512        0.318435705524512
                    0.103      0.00656597036837409      0.00656597036837407      0.00160070839300498     2.85261601925943e-05     2.85261601925941e-05     3.59890699477416e-06         11.2089872964314       0.0483729944766004       0.0483729944766052        0.434019082190051        0.318435705524512        0.318435705524512        0.318435705524512
                    0.104      0.00663714439755503      0.00663714439755452      0.00165513286723891     3.03193379387872e-05     3.03193379387808e-05     3.95445170306402e-06         10.9975382557035       0.0476167052465505       0.0476167052466605        0.433152490419037        0.318435705524512        0.318435705524512        0.318435705524512
                    0.105      0.00670887354127649      0.00670887354127654      0.00171061248723858     3.21933859159547e-05     3.21933859159553e-05     4.33815048463972e-06         10.7883492130649       0.0468848874058391       0.0468848874058297        0.432281488811544        0.318435705524512        0.318435705524512        0.318435705524512
                    0.106      0.00678117029124095      0.00678117029124092      0.00176715025148555     3.41505611646603e-05       3.415056116466e-05     4.75164931740164e-06         10.5810177076469       0.0461763376160791       0.0461763376160842        0.431406169852303        0.318435705524512        0.318435705524512        0.318435705524512
                    0.107        0.006854046337609      0.00685404633760908      0.00182474887081005     3.61931418753887e-05     3.61931418753899e-05     5.19665158865261e-06         10.3760607698102        0.045489935786569       0.0454899357865506        0.430526639366417        0.318435705524512        0.318435705524512        0.318435705524512
                    0.108      0.00692751265034862      0.00692751265034829      0.00188341077660709     3.83234269759499e-05      3.8323426975945e-05     5.67491816536575e-06         10.1735644011659       0.0448246374518819       0.0448246374519565        0.429643014948717        0.318435705524512        0.318435705524512        0.318435705524512
                    0.109      0.00700157955083317      0.00700157955083329      0.00194313812905904     4.05437357218221e-05     4.05437357218241e-05     6.18826739098845e-06         9.97348188532861       0.0441794670201356       0.0441794670201058         0.42875542455291        0.318435705524512        0.318435705524512        0.318435705524512
                     0.11      0.00707625677503945      0.00707625677503945      0.00200393282540289     4.28564072898825e-05     4.28564072898824e-05     6.73857500969092e-06         9.77584734819859       0.0435535117756392       0.0435535117756396        0.427864005219126        0.318435705524512        0.318435705524512        0.318435705524512
                    0.111       0.0071515535294999      0.00715155352950002      0.00206579650827159     4.52638003761599e-05     4.52638003761618e-05     7.32777401920343e-06         9.58095371690444       0.0429459165337961       0.0429459165337693        0.426968901921765        0.318435705524512        0.318435705524512        0.318435705524512
                    0.112       0.0072274785409843       0.0072274785409843      0.00212873057413089     4.77682927982082e-05     4.77682927982081e-05     7.95785445360984e-06         9.38861397063782       0.0423558788613146       0.0423558788613157        0.426070266522381        0.318435705524512        0.318435705524512        0.318435705524512
                    0.113       0.0073040401007095       0.0073040401007093      0.00219273618182016     5.03722811021272e-05     5.03722811021236e-05     8.63086309765245e-06         9.19895111334343       0.0417826447946377       0.0417826447946861        0.425168256815195        0.318435705524512        0.318435705524512        0.318435705524512
                    0.114      0.00738124610379386       0.0073812461037937      0.00225781426120198     5.30781801748617e-05     5.30781801748588e-05     9.34890313430651e-06         9.01199852247519       0.0412255049905006       0.0412255049905394        0.424263035654545        0.318435705524512        0.318435705524512        0.318435705524512
                    0.115      0.00745910408453789      0.00745910408453773      0.00232396552192619     5.58884228617937e-05     5.58884228617906e-05     1.01141337275931e-05         8.82778385069443       0.0406837912593707       0.0406837912594108        0.423354770154712        0.318435705524512        0.318435705524512        0.318435705524512
                    0.116      0.00753762124805699      0.00753762124805727      0.00239119046230288     5.88054595901287e-05     5.88054595901345e-05     1.09287672512539e-05         8.64638444809526       0.0401568734327012       0.0401568734326289        0.422443630954526        0.318435705524512        0.318435705524512        0.318435705524512
                    0.117       0.0076168044986809      0.00761680449868089      0.00245948937826598     6.18317513118076e-05     6.18317513118075e-05      1.1795077213299e-05         8.46765392181907       0.0396441565311099       0.0396441565311108        0.421529791540986        0.318435705524512        0.318435705524512        0.318435705524512
                    0.118      0.00769666046552575        0.007696660465526      0.00252886237243322     6.49697944064614e-05     6.49697944064668e-05     1.27153859861873e-05         8.29176829204406       0.0391450781929998       0.0391450781929353        0.420613427624873        0.318435705524512        0.318435705524512        0.318435705524512
                    0.119      0.00777719552554906      0.00777719552554911      0.00259930936324032     6.82220846852919e-05      6.8222084685293e-05     1.36920712824577e-05         8.11863094355653        0.038659106338689       0.0386591063386766        0.419694716564257        0.318435705524512        0.318435705524512        0.318435705524512
                     0.12      0.00785841582438157      0.00785841582438165      0.00267083009412931      7.1591139243875e-05     7.15911392438771e-05     1.47275638192756e-05         7.94839878694416       0.0381857370422337        0.038185737042209        0.418773836832045        0.318435705524512        0.318435705524512        0.318435705524512
                    0.121      0.00794032729517561      0.00794032729517577      0.00274342414278406     7.50794909617485e-05     7.50794909617522e-05     1.58243465618594e-05         7.78091783898758       0.0377244925907845       0.0377244925907419        0.417850967523172        0.318435705524512        0.318435705524512        0.318435705524512
                    0.122      0.00802293567569463      0.00802293567569458      0.00281709093039055     7.86896881621471e-05     7.86896881621459e-05     1.69849539196861e-05         7.61619227169108       0.0372749197098609       0.0372749197098745        0.416926287898646        0.318435705524512        0.318435705524512        0.318435705524512
                    0.123       0.0081062465238259      0.00810624652382582      0.00289182973089782     8.24242942779543e-05     8.24242942779522e-05     1.82119708983453e-05         7.45365045991509       0.0368365879393213       0.0368365879393435        0.415999976964056        0.318435705524512        0.318435705524512        0.318435705524512
                    0.124      0.00819026523169574      0.00819026523169577      0.00296763968027339     8.62858875241882e-05     8.62858875241888e-05     1.95080322100886e-05         7.29526637958775       0.0364090881414579       0.0364090881414518        0.415072213079152        0.318435705524512        0.318435705524512        0.318435705524512
                    0.125      0.00827499703851142      0.00827499703851145      0.00304451978571328     9.02770605764706e-05     9.02770605764714e-05     2.08758213459318e-05         7.13893219799953       0.0359920311338837       0.0359920311338751         0.41414317359785        0.318435705524512        0.318435705524512        0.318435705524512
                    0.126      0.00836044704228179      0.00836044704228175      0.00312246893480964      9.4400420256022e-05     9.44004202560207e-05     2.23180696124924e-05         6.98536237366985       0.0355850464291249       0.0355850464291373        0.413213034535097        0.318435705524512        0.318435705524512        0.318435705524512
                    0.127      0.00844662021051619      0.00844662021051628      0.00320148590463382     9.86586080105228e-05     9.86586080105253e-05     2.38375551364242e-05         6.83452167678662       0.0351877810744355       0.0351877810744101        0.412281970260526        0.318435705524512        0.318435705524512        0.318435705524512
                    0.128      0.00853352139001068      0.00853352139001078       0.0032815693707397     0.000103054218126334     0.000103054218126337      2.5437101839665e-05         6.68640344086328       0.0347998985802295       0.0347998985802007        0.411350153215691        0.318435705524512        0.318435705524512        0.318435705524512
                    0.129      0.00862115531580065      0.00862115531580055      0.00336271791603707     0.000107589917287953      0.00010758991728795     2.71195783882453e-05         6.54102354892499       0.0344210779319029       0.0344210779319314        0.410417753655687        0.318435705524512        0.318435705524512        0.318435705524512
                     0.13      0.00870952661937389      0.00870952661937401      0.00344493003955019     0.000112268365895835     0.000112268365895839     2.88878971179162e-05         6.39828436699023       0.0340510126734532       0.0340510126734167        0.409484939411591        0.318435705524512        0.318435705524512        0.318435705524512
                    0.131      0.00879863983620294      0.00879863983620291      0.00352820416501988     0.000117092237011899     0.000117092237011898     3.07450129393266e-05         6.25826540952848       0.0336894100598284       0.0336894100598367        0.408551875674257        0.318435705524512        0.318435705524512        0.318435705524512
                    0.132      0.00888849941266518      0.00888849941266511      0.00361253864934124     0.000122064216080448     0.000122064216080445      3.2693922225703e-05         6.12092719821672       0.0333359902705493       0.0333359902705716        0.407618724797815        0.318435705524512        0.318435705524512        0.318435705524512
                    0.133      0.00897910971240769      0.00897910971240773      0.00369793179082407     0.000127187000654989      0.00012718700065499     3.47376616858862e-05         5.98625255508216       0.0329904856791718       0.0329904856791619        0.406685646121688        0.318435705524512        0.318435705524512        0.318435705524512
                    0.134      0.00907047502220702      0.00907047502220703      0.00378438183725346     0.000132463300130867     0.000132463300130868     3.68793072253873e-05         5.85422200666316       0.0326526401739547       0.0326526401739517        0.405752795810762        0.318435705524512        0.318435705524512        0.318435705524512
                    0.135       0.0091625995573657      0.00916259955736572      0.00387188699374406     0.000137895835483506     0.000137895835483506      3.9121972798206e-05         5.72474806192812       0.0323222085265178       0.0323222085265118        0.404820326712363        0.318435705524512        0.318435705524512        0.318435705524512
                    0.136      0.00925548746669372      0.00925548746669372       0.0039604454303705     0.000143487339012423     0.000143487339012423      4.1468809251931e-05         5.59779983023215       0.0319989558023986       0.0319989558023986        0.403888388229554        0.318435705524512        0.318435705524512        0.318435705524512
                    0.137      0.00934914283710411      0.00934914283710411      0.00405005528956618     0.000149240554090689      0.00014924055409069     4.39230031686448e-05         5.47330261958684       0.0316826568122284       0.0316826568122272        0.402957126209756        0.318435705524512        0.318435705524512        0.318435705524512
                    0.138      0.00944356969786066      0.00944356969786063      0.00414071469328338     0.000155158234919896     0.000155158234919895     4.64877757040571e-05         5.35121720269234       0.0313730955989377       0.0313730955989479        0.402026682847767        0.318435705524512        0.318435705524512        0.318435705524512
                    0.139      0.00953877202450797      0.00953877202450799       0.0042324217498888     0.000161243146290569      0.00016124314629057     4.91663814269244e-05          5.2315312964099        0.031070064957915       0.0310700649579096        0.401097196603509        0.318435705524512        0.318435705524512        0.318435705524512
                     0.14      0.00963475374250458      0.00963475374250453      0.00432517456082121     0.000167498063347713     0.000167498063347711     5.19621071613647e-05         5.11423732092263       0.0307733659895268       0.0307733659895421        0.400168802131699        0.318435705524512        0.318435705524512        0.318435705524512
                    0.141      0.00973151873059227      0.00973151873059226      0.00441897122695629     0.000173925771361703     0.000173925771361703     5.48782708334801e-05         4.99936699637405       0.0304828076788189       0.0304828076788229        0.399241630225759        0.318435705524512        0.318435705524512        0.318435705524512
                    0.142      0.00982907082391846      0.00982907082391842      0.00451380985472577     0.000180529065504254     0.000180529065504252      5.7918220324929e-05         4.88690145162883       0.0301982065019652       0.0301982065019796        0.398315807772102        0.318435705524512        0.318435705524512        0.318435705524512
                    0.143      0.00992741381693148      0.00992741381693145      0.00460968856194763     0.000187310750629347     0.000187310750629346     6.10853323347357e-05         4.77687747839472       0.0299193860574873       0.0299193860574961        0.397391457716565        0.318435705524512        0.318435705524512        0.318435705524512
                    0.144       0.0100265514660701       0.0100265514660701      0.00470660548338177      0.00019427364105916      0.00019427364105916     6.43830112512761e-05         4.66927997931693       0.0296461767195008        0.029646176719497        0.396468699041311        0.318435705524512        0.318435705524512        0.318435705524512
                    0.145       0.0101264874922618       0.0101264874922618      0.00480455877600994     0.000201420560374805     0.000201420560374808     6.78146880360401e-05         4.56406272296468       0.0293784153120412       0.0293784153120126        0.395547646751579        0.318435705524512        0.318435705524512        0.318435705524512
                    0.146       0.0102272255832444       0.0102272255832444      0.00490354662403174     0.000208754341211802     0.000208754341211801     7.13838191205258e-05         4.46110143874298        0.029115944802884       0.0291159448028858        0.394628411872128        0.318435705524512        0.318435705524512        0.318435705524512
                    0.147       0.0103287693957269        0.010328769395727      0.00500356724358116     0.000216277825060214     0.000216277825060214     7.50938853176726e-05         4.36016569940775       0.0288586140152656       0.0288586140152608        0.393711101452556        0.318435705524512        0.318435705524512        0.318435705524512
                    0.148       0.0104311225574005       0.0104311225574005      0.00510461888717157     0.000223993862069354     0.000223993862069356     7.89483907491961e-05         4.26118017538691       0.0286062773562729       0.0286062773562562         0.39279581858057        0.318435705524512        0.318435705524512        0.318435705524512
                    0.149       0.0105342886688432       0.0105342886688432       0.0052066998478685     0.000231905310858494     0.000231905310858494     8.29508617899181e-05         4.16419230477574       0.0283587945496827       0.0283587945496826        0.391882662402833        0.318435705524512        0.318435705524512        0.318435705524512
                     0.15       0.0106382713051363       0.0106382713051362      0.00530980846313325     0.000240015038324218     0.000240015038324216     8.71048460289436e-05         4.06926319758167        0.028116030439533        0.028116030439544        0.390971728156171        0.318435705524512        0.318435705524512        0.318435705524512
                    0.151       0.0107430740176599       0.0107430740176599      0.00541394311851631     0.000248325919466192     0.000248325919466194     9.14139112519137e-05         3.97640678333034       0.0278778547039358       0.0278778547039223        0.390063107198884        0.318435705524512        0.318435705524512        0.318435705524512
                    0.152       0.0108487003355956       0.0108487003355956      0.00551910225099733     0.000256840837208731     0.000256840837208732     9.58816444412878e-05         3.88562474732736       0.0276441416444424       0.0276441416444382        0.389156887053285        0.318435705524512        0.318435705524512        0.318435705524512
                    0.153       0.0109551537672008       0.0109551537672008      0.00562528435204274     0.000265562682219775     0.000265562682219776     0.000100511650796408         3.79696671696457       0.0274147700331247       0.0274147700331181        0.388253151455171        0.318435705524512        0.318435705524512        0.318435705524512
                    0.154        0.011062437801252        0.011062437801252      0.00573248797049903     0.000274494352746959     0.000274494352746958     0.000105307552776337         3.71044090847603       0.0271896228778428       0.0271896228778451        0.387351980403678        0.318435705524512        0.318435705524512        0.318435705524512
                    0.155       0.0111705559082529       0.0111705559082529      0.00584071171518082     0.000283638754450296     0.000283638754450296     0.000110272989163021         3.62619243824926       0.0269685872501294       0.0269685872501323        0.386453450219146        0.318435705524512        0.318435705524512        0.318435705524512
                    0.156       0.0112795115415906       0.0112795115415906      0.00594995425722844     0.000292998800240147     0.000292998800240146     0.000115411614146532         3.54390674650714       0.0267515541124743       0.0267515541124759        0.385557633604802        0.318435705524512        0.318435705524512        0.318435705524512
                    0.157       0.0113893081386174       0.0113893081386174      0.00606021433224774     0.000302577410118967     0.000302577410118967     0.000120727096432934          3.4630472872844       0.0265384181544576       0.0265384181544606        0.384664599711574        0.318435705524512        0.318435705524512        0.318435705524512
                    0.158       0.0114999491216643       0.0114999491216643      0.00617149074220809     0.000312377511026809     0.000312377511026808     0.000126223118374305         3.38364504479778       0.0263290776369536       0.0263290776369575        0.383774414207315        0.318435705524512        0.318435705524512        0.318435705524512
                    0.159       0.0116114378989886       0.0116114378989886      0.00628378235713645     0.000322402036690362     0.000322402036690362     0.000131903375121812         3.30594552078983       0.0261234342446519       0.0261234342446487        0.382887139348458        0.318435705524512        0.318435705524512        0.318435705524512
                     0.16       0.0117237778691122       0.0117237778691123      0.00639708811659755     0.000332653927475545     0.000332653927475547     0.000137771573801543          3.2290234034063       0.0259213929458386       0.0259213929458282        0.382002834054676        0.318435705524512        0.318435705524512        0.318435705524512
                    0.161       0.0118369724076278       0.0118369724076278      0.00651140703097292     0.000343136130243551      0.00034313613024355     0.000143831432713275         3.15508554389837       0.0257228618591342       0.0257228618591368        0.381121553985962        0.318435705524512        0.318435705524512        0.318435705524512
                    0.162       0.0119510248893295       0.0119510248893295      0.00662673818255342     0.000353851598210256     0.000353851598210256     0.000150086680552317         3.08280052123015       0.0255277521267396       0.0255277521267425        0.380243351621475        0.318435705524512        0.318435705524512        0.318435705524512
                    0.163       0.0120659386745174       0.0120659386745174      0.00674308072644729     0.000364803290808959      0.00036480329080896     0.000156541055654253         3.01275860867181       0.0253359777937215       0.0253359777937177        0.379368276340162        0.318435705524512        0.318435705524512        0.318435705524512
                    0.164       0.0121817171133339       0.0121817171133339      0.00686043389131025     0.000375994173556249     0.000375994173556246     0.000163198305262384         2.94411735844725       0.0251474556935357       0.0251474556935527        0.378496374502955        0.318435705524512        0.318435705524512        0.318435705524512
                    0.165       0.0122983635464088       0.0122983635464088      0.00697879697991478      0.00038742721792114      0.00038742721792114     0.000170062184817989         2.87765355564768       0.0249621053383042       0.0249621053383042        0.377627689535823        0.318435705524512        0.318435705524512        0.318435705524512
                    0.166       0.0124158813055965       0.0124158813055966      0.00709816936956435     0.000399105401197175     0.000399105401197177     0.000177136457273112         2.81216388331854       0.0247798488148836       0.0247798488148738        0.376762262013561        0.318435705524512        0.318435705524512        0.318435705524512
                    0.167       0.0125342737142672       0.0125342737142671      0.00721855051235157     0.000411031706377601     0.000411031706377599     0.000184424900603627         2.74754922433144       0.0246006106852916       0.0246006106853043        0.375900129744523        0.318435705524512        0.318435705524512        0.318435705524512
                    0.168       0.0126535440878821       0.0126535440878821      0.00733993993528353     0.000423209122033395     0.000423209122033395     0.000191931286632527         2.68438300098147       0.0244243178922055       0.0244243178922067        0.375041327855332        0.318435705524512        0.318435705524512        0.318435705524512
                    0.169       0.0127736957346987       0.0127736957346987      0.00746233724027858     0.000435640642194278     0.000435640642194277       0.0001996593940646          2.6227440019789        0.024250899668071       0.0242508996680755         0.37418588887554        0.318435705524512        0.318435705524512        0.318435705524512
                     0.17       0.0128947319561346       0.0128947319561346        0.007585742104026     0.000448329266232353     0.000448329266232353     0.000207613009429694         2.56258244992265       0.0240802874492225       0.0240802874492193        0.373333842822862        0.318435705524512        0.318435705524512        0.318435705524512
                    0.171       0.0130166560472105       0.0130166560472105      0.00771015427775145      0.00046127799874864      0.00046127799874864     0.000215795860154695         2.50385279904627       0.0239124147929393       0.0239124147929394        0.372485217287063        0.318435705524512        0.318435705524512        0.318435705524512
                    0.172       0.0131394712969656       0.0131394712969655      0.00783557358685466     0.000474489857798593     0.000474489857798592       0.0002242118515522         2.44657728632955       0.0237472172987477       0.0237472172987535        0.371640037514364        0.318435705524512        0.318435705524512        0.318435705524512
                    0.173       0.0132631809888483       0.0132631809888483      0.00796199993046562      0.00048796786040403      0.00048796786040403     0.000232864733684714         2.39118082457338       0.0235846325330117       0.0235846325330106        0.370798326490302        0.318435705524512        0.318435705524512        0.318435705524512
                    0.174       0.0133877884010842       0.0133877884010842      0.00808943328089176     0.000501715016633249     0.000501715016633249     0.000241758307457523         2.33677615346147       0.0234245999568337       0.0234245999568323        0.369960105022583        0.318435705524512        0.318435705524512        0.318435705524512
                    0.175       0.0135132968070215       0.0135132968070215      0.00821787368299643     0.000515734282490368     0.000515734282490366     0.000250896376066162          2.2845218192754       0.0232670608569749       0.0232670608569809        0.369125391822212        0.318435705524512        0.318435705524512        0.318435705524512
                    0.176        0.013639709475457        0.013639709475457      0.00834732125348921     0.000530028801806315     0.000530028801806316     0.000260282744516932         2.23213807247595       0.0231119582797482       0.0231119582797453         0.36829420358402        0.318435705524512        0.318435705524512        0.318435705524512
                    0.177       0.0137670296709423       0.0137670296709423      0.00847777618014556     0.000544601560982488     0.000544601560982489     0.000269921219166043         2.18109914903606       0.0229592369677991       0.0229592369677951        0.367466555065968        0.318435705524512        0.318435705524512        0.318435705524512
                    0.178       0.0138952606540719       0.0138952606540719      0.00860923872096966     0.000559455598258775     0.000559455598258774     0.000279815607277278         2.13133090368052       0.0228088432995205       0.0228088432995208        0.366642459166763        0.318435705524512        0.318435705524512        0.318435705524512
                    0.179       0.0140244056817551       0.0140244056817551      0.00874170920328544     0.000574593956286304     0.000574593956286304     0.000289969716596892         2.08276103342669       0.0226607252308859       0.0226607252308849        0.365821927002707        0.318435705524512        0.318435705524512        0.318435705524512
                     0.18       0.0141544680074713       0.0141544680074713      0.00887518802279184     0.000590019682035693     0.000590019682035692       0.0003003873549465         2.03535755999055       0.0225148322397702       0.0225148322397733        0.365004967982273        0.318435705524512        0.318435705524512        0.318435705524512
                    0.181        0.014285450881511        0.014285450881511      0.00900967564255262     0.000605735826707408     0.000605735826707409     0.000311072329832086         1.98947345335154       0.0223711152726237       0.0223711152726195        0.364191589879983        0.318435705524512        0.318435705524512        0.318435705524512
                    0.182       0.0144173575512023       0.0144173575512023      0.00914517259195877      0.00062174544564425     0.000621745445644251     0.000322028448070023         1.94514381715067       0.0222295266931282       0.0222295266931222        0.363381798908014        0.318435705524512        0.318435705524512        0.318435705524512
                    0.183       0.0145501912611245       0.0145501912611245      0.00928167946564939     0.000638051598245843     0.000638051598245843     0.000333259515428864         1.90162668366869       0.0220900202330886       0.0220900202330889        0.362575599786374        0.318435705524512        0.318435705524512        0.318435705524512
                    0.184       0.0146839552533093       0.0146839552533093      0.00941919692239785      0.00065465734788511      0.00065465734788511     0.000344769336286551         1.85833029860371       0.0219525509452726       0.0219525509452752        0.361772995811488        0.318435705524512        0.318435705524512        0.318435705524512
                    0.185       0.0148186527674304       0.0148186527674304      0.00955772568397233     0.000671565761826698     0.000671565761826698     0.000356561713302773         1.81621363056326       0.0218170751580445       0.0218170751580446        0.360973988922978        0.318435705524512        0.318435705524512        0.318435705524512
                    0.186       0.0149542870409816       0.0149542870409817      0.00969726653398097     0.000688779911147276     0.000688779911147276     0.000368640447106342         1.77515090081698       0.0216835504318821       0.0216835504318775        0.360178579768322        0.318435705524512        0.318435705524512        0.318435705524512
                    0.187       0.0150908613094455       0.0150908613094455      0.00983782031668236     0.000706302870657682     0.000706302870657682     0.000381009335996087         1.73506510712267       0.0215519355175502       0.0215519355175527        0.359386767766424        0.318435705524512        0.318435705524512        0.318435705524512
                    0.188       0.0152283788064514       0.0152283788064514      0.00997938793579729     0.000724137718826857     0.000724137718826857     0.000393672175656306         1.69598445907068       0.0214221903159631       0.0214221903159638        0.358598551168648        0.318435705524512        0.318435705524512        0.318435705524512
                    0.189       0.0153668427639249       0.0153668427639249       0.0101219703532982      0.00074228753770754      0.00074228753770754     0.000406632758885122         1.65933034327015       0.0212942758395286       0.0212942758395293        0.357813927118509        0.318435705524512        0.318435705524512        0.318435705524512
                     0.19       0.0155062564122285       0.0155062564122285       0.0102655685881964     0.000760755412863673     0.000760755412863672     0.000419894875336126         1.62214251121975       0.0211681541750047       0.0211681541750072        0.357032891709263        0.318435705524512        0.318435705524512        0.318435705524512
                    0.191       0.0156466229802937       0.0156466229802937       0.0104101837153183     0.000779544433299441     0.000779544433299442     0.000433462311272298         1.58550300518023       0.0210437884478889       0.0210437884478875        0.356255440039952        0.318435705524512        0.318435705524512        0.318435705524512
                    0.192       0.0157879456957462       0.0157879456957462       0.0105558168640854     0.000798657691389985     0.000798657691389985     0.000447338849332437         1.54992197958328       0.0209211427879892       0.0209211427879908        0.355481566269357        0.318435705524512        0.318435705524512        0.318435705524512
                    0.193       0.0159302277850233       0.0159302277850233       0.0107024692172927     0.000818098282813669     0.000818098282813668     0.000461528268309325         1.51523895607775        0.020800182296391       0.0208001822963945        0.354711263668227        0.318435705524512        0.318435705524512        0.318435705524512
                    0.194       0.0160734724734844       0.0160734724734844       0.0108501420098866     0.000837869306485884     0.000837869306485885     0.000476034342939115         1.48136451839656       0.0206808730137094        0.020680873013706        0.353944524669879        0.318435705524512        0.318435705524512        0.318435705524512
                    0.195       0.0162176829855155       0.0162176829855155       0.0109988365277535     0.000857973864494393     0.000857973864494393      0.00049086084370213         1.44853650284553       0.0205631818894293       0.0205631818894292         0.35318134091876        0.318435705524512        0.318435705524512        0.318435705524512
                    0.196        0.016362862544627        0.016362862544627       0.0111485541065132     0.000878415062036104     0.000878415062036103     0.000506011536634196         1.41660753244029       0.0204470767524917       0.0204470767524964        0.352421703317395        0.318435705524512        0.318435705524512        0.318435705524512
                    0.197       0.0165090143735467       0.0165090143735467       0.0112992961303179     0.000899196007355317     0.000899196007355317     0.000521490183148194         1.38519324986639        0.020332526282885       0.0203325262828842         0.35166560207172        0.318435705524512        0.318435705524512        0.318435705524512
                    0.198       0.0166561416943061       0.0166561416943061       0.0114510640306704     0.000920319811683343     0.000920319811683343     0.000537300539866069         1.35507608131829       0.0202194999843016       0.0202194999843016        0.350913026734386        0.318435705524512        0.318435705524512        0.318435705524512
                    0.199       0.0168042477283228       0.0168042477283228       0.0116038592852459     0.000941789589179485     0.000941789589179485     0.000553446358460044         1.32499283599393       0.0201079681578836       0.0201079681578834        0.350163966246755        0.318435705524512        0.318435705524512        0.318435705524512
                      0.2       0.0169533356964772       0.0169533356964772       0.0117576834201885     0.000963608456873367     0.000963608456873367     0.000569931385503671         1.29566185582581       0.0199979018768026       0.0199979018768058        0.349418408978914        0.318435705524512        0.318435705524512        0.318435705524512
                    0.201       0.0171034088231345       0.0171034088231345       0.0119125379961613     0.000985779534608542     0.000985779534608542     0.000586759362331436         1.26759369035718       0.0198892729618618       0.0198892729618614        0.348676342768442        0.318435705524512        0.318435705524512        0.318435705524512
                    0.202       0.0172544703215096       0.0172544703215096       0.0120684246249448      0.00100830594498739      0.00100830594498739     0.000603934024907783         1.23994834791136       0.0197820539578726       0.0197820539578714        0.347937754957141        0.318435705524512        0.318435705524512        0.318435705524512
                    0.203       0.0174065234141826       0.0174065234141826       0.0122253449574587      0.00103119081331719      0.00103119081331719     0.000621459103703812         1.21290217950799       0.0196762181110359       0.0196762181110373        0.347202632426757        0.318435705524512        0.318435705524512        0.318435705524512
                    0.204       0.0175595713205605       0.0175595713205605       0.0123833006851611       0.0010544372675575       0.0010544372675575     0.000639338323582974         1.18627120106936        0.019571739347008       0.0195717393470081         0.34647096163265        0.318435705524512        0.318435705524512        0.318435705524512
                    0.205       0.0177136172598338       0.0177136172598338       0.0125422935389717       0.0010780484382686       0.0010780484382686      0.00065757540369409         1.16027247199574       0.0194685922497663       0.0194685922497662        0.345742728636379        0.318435705524512        0.318435705524512        0.318435705524512
                    0.206         0.01786866445103         0.01786866445103       0.0127023252882159      0.00110202745856114      0.00110202745856114     0.000676174057372056         1.13532988024043       0.0193667520412833       0.0193667520412856        0.345017919136811        0.318435705524512        0.318435705524512        0.318435705524512
                    0.207       0.0180247161130633       0.0180247161130634       0.0128633977395969      0.00112637746404689      0.00112637746404689     0.000695137992046392         1.11113156071167       0.0192661945618999       0.0192661945618977        0.344296518499538        0.318435705524512        0.318435705524512        0.318435705524512
                    0.208       0.0181817754647818       0.0181817754647818       0.0130255127361776      0.00115110159279061      0.00115110159279061     0.000714470909156275         1.08680469503325       0.0191668962513104       0.0191668962513088        0.343578511785337        0.318435705524512        0.318435705524512        0.318435705524512
                    0.209       0.0183398457250109       0.0183398457250109       0.0131886721563916      0.00117620298526292      0.00117620298526292     0.000734176504072852         1.06325472415011       0.0190688341303635       0.0190688341303635        0.342863883777054        0.318435705524512        0.318435705524512        0.318435705524512
                     0.21       0.0184989301125952       0.0184989301125952       0.0133528779130715      0.00120168478429424      0.00120168478429424     0.000754258466027972         1.04011808094111       0.0189719857833524       0.0189719857833536        0.342152619005345        0.318435705524512        0.318435705524512        0.318435705524512
                    0.211       0.0186590318464367       0.0186590318464367       0.0135181319525031       0.0012275501350298       0.0012275501350298     0.000774720478049577         1.01797255559826       0.0188763293410225        0.018876329341023        0.341444701773023        0.318435705524512        0.318435705524512        0.318435705524512
                    0.212       0.0188201541455312       0.0188201541455312        0.013684436253499       0.0012538021848855       0.0012538021848855     0.000795566216903103         0.99633160454993       0.0187818434641177       0.0187818434641157        0.340740116178307        0.318435705524512        0.318435705524512        0.318435705524512
                    0.213       0.0189823002290021       0.0189823002290021         0.01385179282649      0.00128044408350487      0.00128044408350487     0.000816799353038526        0.974839019917609       0.0186885073275176       0.0186885073275187         0.34003884613708        0.318435705524512        0.318435705524512        0.318435705524512
                    0.214        0.019145473316132        0.019145473316132       0.0140202037126492       0.0013074789827169       0.0013074789827169     0.000838423550543903        0.954607041997595       0.0185963006049053       0.0185963006049038        0.339340875403615        0.318435705524512        0.318435705524512        0.318435705524512
                    0.215       0.0193096766263927       0.0193096766263927        0.014189670983028      0.00133491003649477      0.00133491003649477     0.000860442467103747         0.93400064507157       0.0185052034539635       0.0185052034539646        0.338646187590601        0.318435705524512        0.318435705524512        0.318435705524512
                    0.216       0.0194749133794722       0.0194749133794722       0.0143601967377189      0.00136274040091554      0.00136274040091554     0.000882859753963057        0.913958143461555        0.018415196502105        0.018415196502106        0.337954766187961        0.318435705524512        0.318435705524512        0.318435705524512
                    0.217       0.0196411867953015       0.0196411867953015       0.0145317831050411      0.00139097323412066      0.00139097323412066     0.000905679055896615        0.895047282094352       0.0183262608326285       0.0183262608326266        0.337266594580595        0.318435705524512        0.318435705524512        0.318435705524512
                    0.218       0.0198085000940775       0.0198085000940775       0.0147044322407428      0.00141961169627736      0.00141961169627736     0.000928904011182807        0.875926345851271       0.0182383779714014       0.0182383779714004        0.336581656065382        0.318435705524512        0.318435705524512        0.318435705524512
                    0.219       0.0199768564962864       0.0199768564962864       0.0148781463272333      0.00144865894954083      0.00144865894954083     0.000952538251582899        0.857404927595817       0.0181515298739738       0.0181515298739734        0.335899933866906        0.318435705524512        0.318435705524512        0.318435705524512
                     0.22        0.020146259222724        0.020146259222724        0.015052927572827      0.00147811815801727      0.00147811815801727     0.000976585402324163        0.839489400163106       0.0180656989131028       0.0180656989131032        0.335221411152664        0.318435705524512        0.318435705524512        0.318435705524512
                    0.221       0.0203167114945152       0.0203167114945152       0.0152287782110171      0.00150799248772768      0.00150799248772768      0.00100104908208812        0.821830470924425       0.0179808678667315       0.0179808678667322        0.334546071047065        0.318435705524512        0.318435705524512        0.318435705524512
                    0.222       0.0204882165331323       0.0204882165331323       0.0154057004997636      0.00153828510657246      0.00153828510657246      0.00102593290300253        0.804832735793041       0.0178970199063438       0.0178970199063438        0.333873896644861        0.318435705524512        0.318435705524512        0.318435705524512
                    0.223       0.0206607775604111       0.0206607775604111       0.0155836967208064      0.00156899918429674      0.00156899918429674      0.00105124047063789        0.788017226981559       0.0178141385857233       0.0178141385857201        0.333204871023591        0.318435705524512        0.318435705524512        0.318435705524512
                    0.224       0.0208343977985666       0.0208343977985665       0.0157627691789953      0.00160013789245645      0.00160013789245645      0.00107697538400757        0.771706574416946       0.0177322078300531       0.0177322078300545        0.332538977255412        0.318435705524512        0.318435705524512        0.318435705524512
                    0.225       0.0210090804702072       0.0210090804702072       0.0159429202016426      0.00163170440438515      0.00163170440438515      0.00110314123557201        0.755384882646918       0.0176512119254473       0.0176512119254457        0.331876198418052        0.318435705524512        0.318435705524512        0.318435705524512
                    0.226       0.0211848287983481       0.0211848287983481       0.0161241521378928      0.00166370189516146      0.00166370189516146      0.00112974161124638        0.739894198265254       0.0175711355087164       0.0175711355087175        0.331216517605197        0.318435705524512        0.318435705524512        0.318435705524512
                    0.227       0.0213616460064229       0.0213616460064229       0.0163064673581144      0.00169613354157731      0.00169613354157731      0.00115678009041195        0.724904249235027       0.0174919635575936       0.0174919635575935        0.330559917936069        0.318435705524512        0.318435705524512        0.318435705524512
                    0.228       0.0215395353182947       0.0215395353182947       0.0164898682533077      0.00172900252210675      0.00172900252210675      0.00118426024593071        0.709519289810344       0.0174136813811609       0.0174136813811602        0.329906382564459        0.318435705524512        0.318435705524512        0.318435705524512
                    0.229       0.0217184999582666       0.0217184999582666       0.0166743572345299      0.00176231201687546      0.00176231201687546      0.00121218564416303        0.695297063486067       0.0173362746106983       0.0173362746106976        0.329255894687203        0.318435705524512        0.318435705524512        0.318435705524512
                     0.23       0.0218985431510907       0.0218985431510907        0.016859936732345       0.0017960652076309       0.0017960652076309      0.00124055984498908        0.680983757573333       0.0172597291907312       0.0172597291907327        0.328608437551802        0.318435705524512        0.318435705524512        0.318435705524512
                    0.231       0.0220796681219764       0.0220796681219764       0.0170466091962817      0.00183026527771308      0.00183026527771308      0.00126938640183243        0.666953830499772       0.0171840313704368       0.0171840313704354        0.327963994463837        0.318435705524512        0.318435705524512        0.318435705524512
                    0.232       0.0222618780965983       0.0222618780965983        0.017234377094316       0.0018649154120259       0.0018649154120259      0.00129866886168708        0.653239090534753       0.0171091676952889       0.0171091676952906        0.327322548793576        0.318435705524512        0.318435705524512        0.318435705524512
                    0.233       0.0224451763011026       0.0224451763011026       0.0174232429123668      0.00190001879700918      0.00190001879700918      0.00132841076514705         0.64025089684414        0.017035124999011       0.0170351249990079        0.326684083982205        0.318435705524512        0.318435705524512        0.318435705524512
                    0.234       0.0226295659621137       0.0226295659621137       0.0176132091538089      0.00193557862061115      0.00193557862061115      0.00135861564643853        0.627100422204195       0.0169618903957103       0.0169618903957113        0.326048583547524        0.318435705524512        0.318435705524512        0.318435705524512
                    0.235       0.0228150503067397       0.0228150503067397       0.0178042783390014      0.00197159807226158      0.00197159807226158      0.00138928703345468        0.614485141996482       0.0168894512723719       0.0168894512723719        0.325416031089209        0.318435705524512        0.318435705524512        0.318435705524512
                    0.236       0.0230016325625767       0.0230016325625767       0.0179964530048317      0.00200808034284549      0.00200808034284549      0.00142042844779267        0.602386816871925        0.016817795281479       0.0168177952814786        0.324786410293619        0.318435705524512        0.318435705524512        0.318435705524512
                    0.237       0.0231893159577136       0.0231893159577136       0.0181897357042751      0.00204502862467729      0.00204502862467729      0.00145204340479323        0.590033056815774       0.0167469103339566       0.0167469103339565        0.324159704938177        0.318435705524512        0.318435705524512        0.318435705524512
                    0.238       0.0233781037207358       0.0233781037207358       0.0183841290059684      0.00208244611147558      0.00208244611147558      0.00148413541358216        0.578395434754025        0.016676784592282       0.0166767845922823        0.323535898895368        0.318435705524512        0.318435705524512        0.318435705524512
                    0.239        0.023567999080728        0.023567999080728       0.0185796354937975      0.00212033599833839      0.00212033599833839      0.00151670797711417        0.566664308280317       0.0166074064638317        0.016607406463831        0.322914976136348        0.318435705524512        0.318435705524512        0.318435705524512
                     0.24       0.0237590052672771       0.0237590052672771       0.0187762577664986      0.00215870148171894      0.00215870148171894      0.00154976459221836         0.55531242529713       0.0165387645944415        0.016538764594443        0.322296920734256        0.318435705524512        0.318435705524512        0.318435705524512
                    0.241       0.0239511255104747       0.0239511255104747       0.0189739984372746      0.00219754575940187      0.00219754575940187      0.00158330874964611        0.544272353911936       0.0164708478621556       0.0164708478621553        0.321681716867046        0.318435705524512        0.318435705524512        0.318435705524512
                    0.242       0.0241443630409183       0.0241443630409183       0.0191728601334209      0.00223687203048002      0.00223687203048002      0.00161734393412018        0.533394934848096       0.0164036453711748       0.0164036453711742        0.321069348820206        0.318435705524512        0.318435705524512        0.318435705524512
                    0.243        0.024338721089713        0.024338721089713       0.0193728454959683      0.00227668349533161      0.00227668349533161      0.00165187362438611        0.523028237261399       0.0163371464459941       0.0163371464459933        0.320459800988941        0.318435705524512        0.318435705524512        0.318435705524512
                    0.244       0.0245342028884727       0.0245342028884727       0.0195739571793339      0.00231698335559792      0.00231698335559792      0.00168690129326473        0.512817692198852       0.0162713406257136        0.016271340625713         0.31985305788028        0.318435705524512        0.318435705524512        0.318435705524512
                    0.245       0.0247308116693202       0.0247308116693202       0.0197761978509857       0.0023577748141614       0.0023577748141614      0.00172243040770656        0.502660119853134       0.0162062176585406       0.0162062176585401        0.319249104114783        0.318435705524512        0.318435705524512        0.318435705524512
                    0.246       0.0249285506648876       0.0249285506648876       0.0199795701911193      0.00239906107512424      0.00239906107512424      0.00175846442884747        0.492804068991597       0.0161417674964422       0.0161417674964411        0.318647924428038        0.318435705524512        0.318435705524512        0.318435705524512
                    0.247       0.0251274231083167       0.0251274231083167       0.0201840768923434      0.00244084534378736      0.00244084534378736      0.00179500681206582        0.483234053123095        0.016077980289963       0.0160779802899631        0.318049503671927        0.318435705524512        0.318435705524512        0.318435705524512
                    0.248        0.025327432233258        0.025327432233258       0.0203897206593778      0.00248313082662979      0.00248313082662979      0.00183206100704078        0.473802566957127       0.0160148463832117       0.0160148463832125        0.317453826815655        0.318435705524512        0.318435705524512        0.318435705524512
                    0.249       0.0255285812738705       0.0255285812738705       0.0205965042087616      0.00252592073128853      0.00252592073128853      0.00186963045781208        0.464555657047539        0.015952356308997       0.0159523563089957        0.316860878946539        0.318435705524512        0.318435705524512        0.318435705524512
                     0.25       0.0257308734648205       0.0257308734648205       0.0208044302685698      0.00256921826653877      0.00256921826653877       0.0019077186028406        0.455672546265999       0.0158905007840839        0.015890500784084        0.316270645270671        0.318435705524512        0.318435705524512        0.318435705524512
                    0.251       0.0259343120412805       0.0259343120412805       0.0210135015781417      0.00261302664227445      0.00261302664227445      0.00194632887507031        0.446787312765557       0.0158292707046434       0.0158292707046441        0.315683111113313        0.318435705524512        0.318435705524512        0.318435705524512
                    0.252       0.0261389002389281       0.0261389002389281        0.021223720887816      0.00265734906948934      0.00265734906948934      0.00198546179905544        0.438123279774908       0.0157686571417907       0.0157686571417907        0.315098261919186        0.318435705524512        0.318435705524512        0.318435705524512
                    0.253       0.0263446412939439       0.0263446412939439       0.0214350909586772      0.00270218876025835      0.00270218876025835      0.00202512950570204        0.429780972487769        0.015708651337276       0.0157086513372757        0.314516083252553        0.318435705524512        0.318435705524512        0.318435705524512
                    0.254         0.02655153844301         0.02655153844301       0.0216476145623094      0.00274754605855159      0.00274754605855159      0.00206532670297704        0.421554625907467       0.0156492446993059       0.0156492446993065         0.31393656079717        0.318435705524512        0.318435705524512        0.318435705524512
                    0.255       0.0267595949233079       0.0267595949233079       0.0218612944805584      0.00279343278605503      0.00279343278605503      0.00210605970532923        0.413508891231495       0.0155904287984806       0.0155904287984801        0.313359680356071        0.318435705524512        0.318435705524512        0.318435705524512
                    0.256       0.0269688139725163       0.0269688139725163       0.0220761335918605      0.00283984355047583      0.00283984355047583       0.0021473319190775        0.405640379716304       0.0155321953638529        0.015532195363853         0.31278542785128        0.318435705524512        0.318435705524512        0.318435705524512
                    0.257       0.0271791989200643       0.0271791989200643       0.0222921345278459      0.00288678443720226      0.00288678443720226      0.00218914674541343        0.397944124470571       0.0154745362791132       0.0154745362791131        0.312213789323304        0.318435705524512        0.318435705524512        0.318435705524512
                    0.258       0.0273907528250868       0.0273907528250868       0.0225093001829811      0.00293425866344826      0.00293425866344826      0.00223150758046846        0.390425765835473       0.0154174435788632       0.0154174435788632        0.311644750930632        0.318435705524512        0.318435705524512        0.318435705524512
                    0.259       0.0276034790146658       0.0276034790146658       0.0227276333779043      0.00298226944740462      0.00298226944740462        0.002274417815382        0.383062046974086       0.0153609094450219       0.0153609094450227        0.311078298949033        0.318435705524512        0.318435705524512        0.318435705524512
                     0.26       0.0278173807284097       0.0278173807284097       0.0229471369424415      0.00303082000822277      0.00303082000822277      0.00231788083636994        0.375860582029702       0.0153049262033177       0.0153049262033184        0.310514419770782        0.318435705524512        0.318435705524512        0.318435705524512
                    0.261       0.0280324612064107       0.0280324612064107       0.0231678137154124      0.00307991356599887      0.00307991356599887      0.00236190002479348        0.368815336622316       0.0152494863198926        0.015249486319893        0.309953099903836        0.318435705524512        0.318435705524512        0.318435705524512
                    0.262       0.0282487236892426       0.0282487236892426        0.023389666544443      0.00312955334175821      0.00312955334175821      0.00240647875722847        0.361922387097704       0.0151945823979999       0.0151945823979997        0.309394325970882        0.318435705524512        0.318435705524512        0.318435705524512
                    0.263       0.0284661714179576       0.0284661714179576       0.0236126982857842      0.00317974255743992      0.00317974255743992      0.00245162040553508        0.355178031820043       0.0151402071747961       0.0151402071747953         0.30883808470834        0.318435705524512        0.318435705524512        0.318435705524512
                    0.264       0.0286848076340831       0.0286848076340831       0.0238369117038152      0.00323048443588197      0.00323048443588197      0.00249732833692776        0.348578648160788       0.0150863535182246        0.015086353518224        0.308284362965264        0.318435705524512        0.318435705524512        0.318435705524512
                    0.265       0.0289046354761903       0.0289046354761903       0.0240623098725473      0.00328178220080647      0.00328178220080647      0.00254360591404538        0.342120319280943       0.0150330144239897       0.0150330144239903        0.307733147702227        0.318435705524512        0.318435705524512        0.318435705524512
                    0.266       0.0291256583943528       0.0291256583943528       0.0242888955729376      0.00333363907680522      0.00333363907680522      0.00259045649502159        0.335797324702388        0.014980183012611       0.0149801830126125         0.30718442599013        0.318435705524512        0.318435705524512        0.318435705524512
                    0.267       0.0293478795279362       0.0293478795279362       0.0245166716940662      0.00338605828932554      0.00338605828932554      0.00263788343355544        0.329617178852067       0.0149278525265686       0.0149278525265678        0.306638185008928        0.318435705524512        0.318435705524512        0.318435705524512
                    0.268       0.0295713021203649       0.0295713021203649       0.0247456411328131      0.00343904306465644      0.00343904306465644      0.00268589007898187        0.323567850578656       0.0148760163275167       0.0148760163275171        0.306094412046393        0.318435705524512        0.318435705524512        0.318435705524512
                    0.269       0.0297959294155206       0.0297959294155206         0.02497580679371      0.00349259662991494      0.00349259662991494      0.00273447977634259         0.31764663237422       0.0148246678935906       0.0148246678935913        0.305553094496729        0.318435705524512        0.318435705524512        0.318435705524512
                     0.27       0.0300217646577386       0.0300217646577386       0.0252071715887945      0.00354672221303273      0.00354672221303273      0.00278365586645666        0.311850688375812       0.0147738008167718       0.0147738008167716        0.305014219859248        0.318435705524512        0.318435705524512        0.318435705524512
                    0.271       0.0302488110918042       0.0302488110918042       0.0254397384374701      0.00360142304274308      0.00360142304274308      0.00283342168599129        0.306177166821971       0.0147234088003356       0.0147234088003361        0.304477775736961        0.318435705524512        0.318435705524512        0.318435705524512
                    0.272       0.0304770719629488       0.0304770719629488       0.0256735102663691      0.00365670234856793      0.00365670234856793      0.00288378056753236         0.30062323966625       0.0146734856563716       0.0146734856563718         0.30394374983518        0.318435705524512        0.318435705524512        0.318435705524512
                    0.273       0.0307065505168465       0.0307065505168465       0.0259084900092217       0.0037125633608053       0.0037125633608053      0.00293473583965517        0.295198078389687       0.0146240253033628       0.0146240253033628         0.30341212996004        0.318435705524512        0.318435705524512        0.318435705524512
                    0.274       0.0309372499996095       0.0309372499996095        0.026144680606726      0.00376900931051691      0.00376900931051691      0.00298629082699463        0.289863103450544       0.0145750217638364       0.0145750217638362        0.302882904017097        0.318435705524512        0.318435705524512        0.318435705524512
                    0.275       0.0311691736577852       0.0311691736577852       0.0263820850064255      0.00382604342951598      0.00382604342951598      0.00303844884433174        0.284651494546986       0.0145264691620781       0.0145264691620785        0.302356060009776        0.318435705524512        0.318435705524512        0.318435705524512
                    0.276       0.0314023247383515       0.0314023247383515       0.0266207061625866      0.00388366894459495      0.00388366894459495      0.00309121322133934        0.279548685050015       0.0144783617219074       0.0144783617219075        0.301831586037957        0.318435705524512        0.318435705524512        0.318435705524512
                    0.277       0.0316367064887146       0.0316367064887146       0.0268605470360819      0.00394188910137661      0.00394188910137661      0.00314458726461974        0.274552103699109       0.0144306937638291       0.0144306937638284        0.301309470296438        0.318435705524512        0.318435705524512        0.318435705524512
                    0.278       0.0318723221567002       0.0318723221567002       0.0271016105942746      0.00400070712737145      0.00400070712737145      0.00319857428374975        0.269659220650497       0.0143834597056722       0.0143834597056728        0.300789701073482        0.318435705524512        0.318435705524512        0.318435705524512
                    0.279       0.0321091749905567       0.0321091749905567       0.0273438998109099      0.00406012625728413      0.00406012625728413      0.00325317758471491        0.264867481563635       0.0143366540564121        0.014336654056412        0.300272266749244        0.318435705524512        0.318435705524512        0.318435705524512
                     0.28       0.0323472682389463       0.0323472682389463       0.0275874176660048      0.00412014972651281      0.00412014972651281      0.00330840046997818        0.260173972104426       0.0142902714169288       0.0142902714169286        0.299757155794332        0.318435705524512        0.318435705524512        0.318435705524512
                    0.281       0.0325866051509427       0.0325866051509427       0.0278321671457438      0.00418078077113849      0.00418078077113849      0.00336424623854865        0.255580205158566       0.0142443064773789        0.014244306477379        0.299244356768281        0.318435705524512        0.318435705524512        0.318435705524512
                    0.282       0.0328271889760265       0.0328271889760265       0.0280781512423773      0.00424202262791435      0.00424202262791435      0.00342071818604995        0.251080506297529       0.0141987540152987        0.014198754015298        0.298733858318038        0.318435705524512        0.318435705524512        0.318435705524512
                    0.283       0.0330690229640819       0.0330690229640819         0.02832537295412      0.00430387853425517      0.00430387853425517       0.0034778196047878        0.246673035903875       0.0141536088937632       0.0141536088937636         0.29822564917653        0.318435705524512        0.318435705524512        0.318435705524512
                    0.284       0.0333121103653923       0.0333121103653923       0.0285738352850557      0.00436635172822713      0.00436635172822713      0.00353555378381777        0.242353244356001        0.014108866059593       0.0141088660595929        0.297719718161121        0.318435705524512        0.318435705524512        0.318435705524512
                    0.285       0.0335564544306366       0.0335564544306366        0.028823541245042      0.00442944544853762      0.00442944544853762      0.00359392400901217        0.238122667144551       0.0140645205416043       0.0140645205416046        0.297216054172165        0.318435705524512        0.318435705524512        0.318435705524512
                    0.286       0.0338020584108851       0.0338020584108851       0.0290744938496169      0.00449316293452531      0.00449316293452531       0.0036529335631265        0.233979975552479       0.0140205674489085       0.0140205674489083        0.296714646191575        0.318435705524512        0.318435705524512        0.318435705524512
                    0.287       0.0340489255575954       0.0340489255575954       0.0293266961199108      0.00455750742615043      0.00455750742615043      0.00371258572586575        0.229921307939955       0.0139770019692531        0.013977001969254        0.296215483281323        0.318435705524512        0.318435705524512        0.318435705524512
                    0.288        0.034297059122609        0.034297059122609        0.029580151082557      0.00462248216398517      0.00462248216398517      0.00377288377394983        0.225944752650713       0.0139338193674019       0.0139338193674022         0.29571855458204        0.318435705524512        0.318435705524512        0.318435705524512
                    0.289       0.0345464623581468       0.0345464623581468       0.0298348617696059      0.00468809038920426      0.00468809038920426      0.00383383098117859        0.222048443470226       0.0138910149835657       0.0138910149835656        0.295223849311608        0.318435705524512        0.318435705524512        0.318435705524512
                     0.29       0.0347971385168047       0.0347971385168047       0.0300908312184419      0.00475433534357554      0.00475433534357554      0.00389543061849641        0.218230565890657       0.0138485842324261       0.0138485842324262        0.294731356763746        0.318435705524512        0.318435705524512        0.318435705524512
                    0.291        0.035049090851553        0.035049090851553       0.0303480624717014      0.00482122026945172      0.00482122026945172      0.00395768595405626        0.214489341122992       0.0138065225993674       0.0138065225993673        0.294241066306608        0.318435705524512        0.318435705524512        0.318435705524512
                    0.292       0.0353023226157275       0.0353023226157275       0.0306065585771915       0.0048887484097602       0.0048887484097602      0.00402060025328287        0.210823036387101       0.0137648256424514       0.0137648256424516        0.293752967381471        0.318435705524512        0.318435705524512        0.318435705524512
                    0.293       0.0355568370630287       0.0355568370630287       0.0308663225878127      0.00495692300799517      0.00495692300799517      0.00408417677893569        0.207229959191746       0.0137234889886924       0.0137234889886931        0.293267049501359        0.318435705524512        0.318435705524512        0.318435705524512
                    0.294       0.0358126374475175       0.0358126374475175       0.0311273575614814      0.00502574730820882      0.00502574730820882      0.00414841879117103        0.203708458496469       0.0136825083332484       0.0136825083332485        0.292783302249735        0.318435705524512        0.318435705524512        0.318435705524512
                    0.295       0.0360697270236114       0.0360697270236114       0.0313896665610554      0.00509522455500284      0.00509522455500284      0.00421332954760379         0.20025692425006       0.0136418794380683       0.0136418794380681        0.292301715279182        0.318435705524512        0.318435705524512        0.318435705524512
                    0.296       0.0363281090460803       0.0363281090460803       0.0316532526542599      0.00516535799352019      0.00516535799352019       0.0042789123033683        0.196873782423743       0.0136015981305725       0.0136015981305721        0.291822278310142        0.318435705524512        0.318435705524512        0.318435705524512
                    0.297       0.0365877867700431       0.0365877867700431       0.0319181189136153      0.00523615086943689      0.00523615086943689      0.00434517031117867        0.193557499186896       0.0135616603023671       0.0135616603023672        0.291344981129665        0.318435705524512        0.318435705524512        0.318435705524512
                    0.298       0.0368487634509637       0.0368487634509637       0.0321842684163664      0.00530760642895408      0.00530760642895408      0.00441210682138858        0.190306580289125       0.0135220619079885       0.0135220619079888        0.290869813590159        0.318435705524512        0.318435705524512        0.318435705524512
                    0.299       0.0371110423446477       0.0371110423446477       0.0324517042444135      0.00537972791879008      0.00537972791879008      0.00447972508205022        0.187119555760976       0.0134827989636767       0.0134827989636769         0.29039676560819        0.318435705524512        0.318435705524512        0.318435705524512
                      0.3       0.0373746267072381       0.0373746267072381       0.0327204294842438      0.00545251858617273      0.00545251858617273      0.00454802833897272        0.183995004776994       0.0134438675461825       0.0134438675461822        0.289925827163292        0.318435705524512        0.318435705524512        0.318435705524512
