                   T[GeV]                nU[GeV^3]                nD[GeV^3]                nS[GeV^3]             nUBar[GeV^3]             nDBar[GeV^3]            nSBbar[GeV^3]                W[GeV^-2]               effMU[GeV]               effMD[GeV]               effMS[GeV]              effCPU[GeV]              effCPD[GeV]              effCPS[GeV]
                     0.12     0.000276038255283744     0.000276038255283744     9.98502829844316e-05     0.000276038255283744     0.000276038255283744     9.98502829844316e-05         4.04109087406532        0.367183245234291        0.367183245234291        0.542178569923943                        0                        0                        0
                    0.121      0.00029022589286641      0.00029022589286641     0.000106051929121233      0.00029022589286641      0.00029022589286641     0.000106051929121233         3.98529922364527        0.365503884472522        0.365503884472522        0.540899658574525                        0                        0                        0
                    0.122     0.000305018156498393     0.000305018156498393     0.000112571720842561     0.000305018156498393     0.000305018156498393     0.000112571720842561         3.93009606633584        0.363759002050162        0.363759002050162        0.539571592092388                        0                        0                        0
                    0.123     0.000320439007849261     0.000320439007849262     0.000119423832023057     0.000320439007849261     0.000320439007849262     0.000119423832023057         3.87547905268836        0.361945930591781         0.36194593059178         0.53819251567387                        0                        0                        0
                    0.124     0.000336513653491851     0.000336513653491852     0.000126623140441672     0.000336513653491851     0.000336513653491852     0.000126623140441672         3.82144265267631        0.360061826099107        0.360061826099106         0.53676046358486                        0                        0                        0
                    0.125     0.000353268650036143     0.000353268650036143     0.000134185282981825     0.000353268650036143     0.000353268650036143     0.000134185282981825         3.76798398942718        0.358103650171629         0.35810365017163        0.535273348654447                        0                        0                        0
                    0.126     0.000370732021555183     0.000370732021555186     0.000142126717195182     0.000370732021555183     0.000370732021555186     0.000142126717195182         3.71509665123239        0.356068149982133        0.356068149982132        0.533728950526791                        0                        0                        0
                    0.127     0.000388933391081525     0.000388933391081526     0.000150464790145947     0.000388933391081525     0.000388933391081526     0.000150464790145947          3.6627739417902        0.353951835666196        0.353951835666195        0.532124902495846                        0                        0                        0
                    0.128     0.000407904128266536     0.000407904128266534     0.000159217815612443     0.000407904128266536     0.000407904128266534     0.000159217815612443         3.61100419051786        0.351750954717071        0.351750954717072        0.530458676715422                        0                        0                        0
                    0.129     0.000427677515661238     0.000427677515661236     0.000168405160912129     0.000427677515661238     0.000427677515661236     0.000168405160912129         3.55980799697457        0.349461462901777        0.349461462901778        0.528727567542039                        0                        0                        0
                     0.13     0.000448288936516869     0.000448288936516868     0.000178047344843948     0.000448288936516869     0.000448288936516868     0.000178047344843948         3.50919415508192        0.347078991122244        0.347078991122244        0.526928672726233                        0                        0                        0
                    0.131     0.000469776087530109     0.000469776087530106     0.000188166148515765     0.000469776087530109     0.000469776087530106     0.000188166148515765         3.45907767003831        0.344598807534177        0.344598807534178        0.525058872118691                        0                        0                        0
                    0.132     0.000492179220592118      0.00049217922059212     0.000198784741155442     0.000492179220592118      0.00049217922059212     0.000198784741155442         3.40948943660148        0.342015774100453        0.342015774100452        0.523114803498871                        0                        0                        0
                    0.133     0.000515541418363521     0.000515541418363522     0.000209927823403899     0.000515541418363521     0.000515541418363522     0.000209927823403899         3.36041980545496        0.339324296590307        0.339324296590306         0.52109283506452                        0                        0                        0
                    0.134     0.000539908909416433     0.000539908909416427     0.000221621791072739     0.000539908909416433     0.000539908909416427     0.000221621791072739         3.31185702642216        0.336518266832974        0.336518266832977        0.518989034038576                        0                        0                        0
                    0.135     0.000565331429790853     0.000565331429790852     0.000233894922935676     0.000565331429790853     0.000565331429790852     0.000233894922935676         3.26378967338776        0.333590995786116        0.333590995786116        0.516799130753988                        0                        0                        0
                    0.136     0.000591862639139985      0.00059186263913997     0.000246777596833309     0.000591862639139985      0.00059186263913997     0.000246777596833309         3.21620451444875        0.330535135675303        0.330535135675309         0.51451847746545                        0                        0                        0
                    0.137     0.000619560601225843      0.00061956060122584     0.000260302539229136     0.000619560601225843      0.00061956060122584     0.000260302539229136         3.16908696730193        0.327342589088142        0.327342589088143        0.512142001009215                        0                        0                        0
                    0.138      0.00064848834040617     0.000648488340406176     0.000274505114386542      0.00064848834040617     0.000648488340406176     0.000274505114386542         3.12242116208796        0.324004402451649        0.324004402451647        0.509664148289403                        0                        0                        0
                    0.139     0.000678714487949498     0.000678714487949478     0.000289423660566404     0.000678714487949498     0.000678714487949478     0.000289423660566404         3.07618830748282         0.32051064076931        0.320510640769317         0.50707882341611                        0                        0                        0
                     0.14     0.000710314034521608     0.000710314034521603     0.000305099882089468     0.000710314034521608     0.000710314034521603     0.000305099882089468         3.03039128012199        0.316850239830588         0.31685023983059        0.504379315168241                        0                        0                        0
                    0.141     0.000743369207933074     0.000743369207933045      0.00032157930776141     0.000743369207933074     0.000743369207933045      0.00032157930776141         2.98498412135053        0.313010831322465        0.313010831322475        0.501558213325976                        0                        0                        0
                    0.142      0.00077797049801866     0.000777970498018677     0.000338911827968104      0.00077797049801866     0.000777970498018677     0.000338911827968104         2.93994317062886        0.308978535378903        0.308978535378897        0.498607312359621                        0                        0                        0
                    0.143     0.000814217852894701     0.000814217852894679      0.00035715232456457     0.000814217852894701     0.000814217852894679      0.00035715232456457         2.89526675029741         0.30473771413759        0.304737714137597         0.49551750105703                        0                        0                        0
                    0.144     0.000852222071863438     0.000852222071863456     0.000376361409155338     0.000852222071863438     0.000852222071863456     0.000376361409155338         2.85090309434873        0.300270678954076         0.30027067895407        0.492278637077884                        0                        0                        0
                    0.145     0.000892106418091165     0.000892106418091158       0.0003966062857784     0.000892106418091165     0.000892106418091158       0.0003966062857784         2.80684215471837        0.295557343304852        0.295557343304854        0.488879406420587                        0                        0                        0
                    0.146     0.000934008465369743     0.000934008465369727     0.000417961751923899     0.000934008465369743     0.000934008465369727     0.000417961751923899         2.76303159840892        0.290574813639724        0.290574813639729        0.485307169885402                        0                        0                        0
                    0.147     0.000978082171142445     0.000978082171142457     0.000440511344443713     0.000978082171142445     0.000978082171142457     0.000440511344443713         2.71942836646115        0.285296912621433         0.28529691262143          0.4815478027361                        0                        0                        0
                    0.148      0.00102450012012389      0.00102450012012396     0.000464348618888006      0.00102450012012389      0.00102450012012396     0.000464348618888006         2.67598358807068        0.279693635480645        0.279693635480625        0.477585541549616                        0                        0                        0
                    0.149       0.0010734557860012      0.00107345578600113     0.000489578511934277       0.0010734557860012      0.00107345578600113     0.000489578511934277          2.6326378582973        0.273730554869377        0.273730554869397        0.473402866679219                        0                        0                        0
                     0.15        0.001125165470008      0.00112516547000801     0.000516318657710314        0.001125165470008      0.00112516547000801     0.000516318657710314         2.58934177505838        0.267368220742075        0.267368220742073        0.468980475126552                        0                        0                        0
                    0.151      0.00117986921615361      0.00117986921615372     0.000544700374374125      0.00117986921615361      0.00117986921615372     0.000544700374374125         2.54599724544571        0.260561664934853        0.260561664934823        0.464297446233382                        0                        0                        0
                    0.152      0.00123782933499657      0.00123782933499649     0.000574868743252813      0.00123782933499657      0.00123782933499649     0.000574868743252813         2.50251893948826        0.253260243807235        0.253260243807257        0.459331787139814                        0                        0                        0
                    0.153      0.00129932418322568      0.00129932418322569      0.00060698073443436      0.00129932418322568      0.00129932418322569      0.00060698073443436          2.4588009938972        0.245408229449232        0.245408229449231        0.454061661375129                        0                        0                        0
                    0.154      0.00136463132831071      0.00136463132831071     0.000641198896609101      0.00136463132831071      0.00136463132831071     0.000641198896609101         2.41472388032515        0.236947356138014        0.236947356138012        0.448468033707859                        0                        0                        0
                    0.155      0.00143399502673163      0.00143399502673164     0.000677677944806866      0.00143399502673163      0.00143399502673164     0.000677677944806866         2.37015204422775        0.227822186640511        0.227822186640507        0.442539264695768                        0                        0                        0
                    0.156      0.00150756269598054      0.00150756269598052     0.000716537496114384      0.00150756269598054      0.00150756269598052     0.000716537496114384         2.32500221724916         0.21799176224386        0.217991762243865        0.436279384722903                        0                        0                        0
                    0.157      0.00158527957811392      0.00158527957811393     0.000757815091992507      0.00158527957811392      0.00158527957811393     0.000757815091992507         2.27915306380349        0.207450135748193        0.207450135748191        0.429720860385905                        0                        0                        0
                    0.158      0.00166673861474922      0.00166673861474923     0.000801396787516714      0.00166673861474922      0.00166673861474923     0.000801396787516714          2.2325860392429        0.196257695172221        0.196257695172217        0.422941312768274                        0                        0                        0
                    0.159      0.00175102528674104      0.00175102528674101     0.000846940978815919      0.00175102528674104      0.00175102528674101     0.000846940978815919         2.18545999865924        0.184577079808355        0.184577079808363        0.416078124810683                        0                        0                        0
                     0.16      0.00183667093704574      0.00183667093704579     0.000893845209711593      0.00183667093704574      0.00183667093704579     0.000893845209711593         2.13808803195262        0.172691605709964        0.172691605709953         0.40932674768153                        0                        0                        0
                    0.161      0.00192185824799712      0.00192185824799815     0.000941323621131635      0.00192185824799712      0.00192185824799815     0.000941323621131635         2.09098530698321        0.160973833552521        0.160973833552258        0.402907831514531                        0                        0                        0
                    0.162      0.00200487247553207      0.00200487247553204     0.000988601044835548      0.00200487247553207      0.00200487247553204     0.000988601044835548         2.04473706791747        0.149797888599109        0.149797888599119        0.397009508483709                        0                        0                        0
                    0.163      0.00208454392113613      0.00208454392113616      0.00103511589172852      0.00208454392113613      0.00208454392113616      0.00103511589172852         1.99983783652633         0.13944212934045        0.139442129340444         0.39173918149091                        0                        0                        0
                    0.164      0.00216039791191613      0.00216039791191612      0.00108060210242033      0.00216039791191613      0.00216039791191612      0.00108060210242033         1.95659129579949        0.130045375411053        0.130045375411056        0.387115435425484                        0                        0                        0
                    0.165      0.00223251699528247      0.00223251699528247      0.00112504161736059      0.00223251699528247      0.00223251699528247      0.00112504161736059         1.91509635389112        0.121624526189267        0.121624526189268         0.38309316005639                        0                        0                        0
                    0.166      0.00230129857663211      0.00230129857663211      0.00116856419802264      0.00230129857663211      0.00230129857663211      0.00116856419802264         1.87534929645136         0.11412032568365         0.11412032568365        0.379596628076033                        0                        0                        0
                    0.167       0.0023672566466503       0.0023672566466503      0.00121136130574957       0.0023672566466503       0.0023672566466503      0.00121136130574957         1.83722405232039        0.107438962912543        0.107438962912543        0.376543632370015                        0                        0                        0
                    0.168      0.00243090591921996      0.00243090591921996      0.00125363373844236      0.00243090591921996      0.00243090591921996      0.00125363373844236         1.80058420885464        0.101478598747702        0.101478598747702        0.373858096425997                        0                        0                        0
                    0.169      0.00249270959635496      0.00249270959635488      0.00129556671024171      0.00249270959635496      0.00249270959635488      0.00129556671024171          1.7652895311367       0.0961428374169923       0.0961428374170194        0.371474728918819                        0                        0                        0
                     0.17      0.00255306381574751      0.00255306381574748      0.00133732103612735      0.00255306381574751      0.00255306381574748      0.00133732103612735         1.73120942316202       0.0913459893851866       0.0913459893851974        0.369339570788486                        0                        0                        0
                    0.171      0.00261229856421527      0.00261229856421515      0.00137903244369815      0.00261229856421527      0.00261229856421515      0.00137903244369815         1.69822747034621       0.0870143662346155       0.0870143662346558        0.367408789166763                        0                        0                        0
                    0.172      0.00267068629010708      0.00267068629010705       0.0014208139343602      0.00267068629010708      0.00267068629010705       0.0014208139343602         1.66624261254978       0.0830854582944318       0.0830854582944432        0.365647037722174                        0                        0                        0
                    0.173      0.00272844930647057      0.00272844930647056      0.00146275921427018      0.00272844930647057      0.00272844930647056      0.00146275921427018          1.6351682632615       0.0795065814524229       0.0795065814524286        0.364025833692461                        0                        0                        0
                    0.174      0.00278577251424396      0.00278577251424391      0.00150494606402824      0.00278577251424396      0.00278577251424391      0.00150494606402824         1.60493032985326       0.0762333748214492       0.0762333748214707        0.362522165519674                        0                        0                        0
                    0.175      0.00284280715742705      0.00284280715742708       0.0015474393008648      0.00284280715742705      0.00284280715742708       0.0015474393008648         1.57546575384083       0.0732284130847072        0.073228413084696        0.361117358543784                        0                        0                        0
                    0.176      0.00289967899953927      0.00289967899953927       0.0015902932474735      0.00289967899953927      0.00289967899953927       0.0015902932474735         1.54672059310604       0.0704600091719397       0.0704600091719395        0.359796174933385                        0                        0                        0
                    0.177      0.00295649296571442      0.00295649296571442      0.00163355373634549      0.00295649296571442      0.00295649296571442      0.00163355373634549         1.51864860602121       0.0679012148745531        0.067901214874553        0.358546107998446                        0                        0                        0
                    0.178       0.0030133371473939      0.00301333714739391      0.00167725971647718       0.0030133371473939      0.00301333714739391      0.00167725971647718         1.49120990887378       0.0655290003033162       0.0655290003033132        0.357356831214174                        0                        0                        0
                    0.179      0.00307028598162773      0.00307028598162773      0.00172144453462214      0.00307028598162773      0.00307028598162773      0.00172144453462214         1.46436999446478       0.0633235852199466       0.0633235852199472        0.356219767914526                        0                        0                        0
                     0.18       0.0031274027759512       0.0031274027759512      0.00176613695611342       0.0031274027759512       0.0031274027759512      0.00176613695611342         1.43809888144694       0.0612678954189457       0.0612678954189452        0.355127754251126                        0                        0                        0
                    0.181      0.00318474171865783      0.00318474171865783      0.00181136197958842      0.00318474171865783      0.00318474171865783      0.00181136197958842         1.41237028183036       0.0593471204674546       0.0593471204674564        0.354074774033071                        0                        0                        0
                    0.182      0.00324234948554386      0.00324234948554386      0.00185714148936514      0.00324234948554386      0.00324234948554386      0.00185714148936514         1.38716116269696        0.057548352991346       0.0575483529913468        0.353055749012255                        0                        0                        0
                    0.183      0.00330026653007629      0.00330026653007629      0.00190349478003144      0.00330026653007629      0.00330026653007629      0.00190349478003144         1.36245150341148       0.0558602933974774       0.0558602933974769        0.352066372066433                        0                        0                        0
                    0.184      0.00335852812458848      0.00335852812458848      0.00195043898029223      0.00335852812458848      0.00335852812458848      0.00195043898029223         1.33822140760997       0.0542730071220853       0.0542730071220848        0.351102973716417                        0                        0                        0
                    0.185      0.00341716516347296       0.0034171651634729      0.00199798932598794      0.00341716516347296       0.0034171651634729      0.00199798932598794         1.31445530517064       0.0527777451973106         0.05277774519734        0.350162427674265                        0                        0                        0
                    0.186      0.00347620502571838      0.00347620502571864      0.00204615973381383      0.00347620502571838      0.00347620502571864      0.00204615973381383         1.29113819583609       0.0513666899854449       0.0513666899853123        0.349242010223723                        0                        0                        0
                    0.187      0.00353567186575152      0.00353567186575138      0.00209496257916714      0.00353567186575152      0.00353567186575138      0.00209496257916714         1.26825658827441       0.0500329543816554       0.0500329543817282        0.348339412538959                        0                        0                        0
                    0.188      0.00359558727182641      0.00359558727182638      0.00214440919822053      0.00359558727182641      0.00359558727182638      0.00214440919822053         1.24579801806118       0.0487703687873668       0.0487703687873829        0.347452625147118                        0                        0                        0
                    0.189      0.00365597059990641      0.00365597059990647      0.00219450996456507      0.00365597059990641      0.00365597059990647      0.00219450996456507         1.22375083360136       0.0475734088467306       0.0475734088466956        0.346579905149168                        0                        0                        0
                     0.19      0.00371683929433654      0.00371683929433654      0.00224527442047595      0.00371683929433654      0.00371683929433654      0.00224527442047595         1.20210603613482       0.0464371126506657       0.0464371126506656        0.345719736691385                        0                        0                        0
                    0.191       0.0037782091559189      0.00377820915591889      0.00229671138682509       0.0037782091559189      0.00377820915591889      0.00229671138682509         1.18085275930908       0.0453570104008199       0.0453570104008266        0.344870798084561                        0                        0                        0
                    0.192      0.00384009456700478      0.00384009456700477      0.00234882905547619      0.00384009456700478      0.00384009456700477      0.00234882905547619         1.15998190764294        0.044329064411193        0.044329064411198        0.344031934335329                        0                        0                        0
                    0.193       0.0039025086813086       0.0039025086813086      0.00240163506735114       0.0039025086813086       0.0039025086813086      0.00240163506735114         1.13948493513305       0.0433496177166394       0.0433496177166397        0.343202134087053                        0                        0                        0
                    0.194      0.00396546358463315      0.00396546358463314      0.00245513657867194      0.00396546358463315      0.00396546358463314      0.00245513657867194         1.11935378514336       0.0424153498786997       0.0424153498787055        0.342380510180232                        0                        0                        0
                    0.195      0.00402897043149498      0.00402897043149499      0.00250934031740867      0.00402897043149498      0.00402897043149499      0.00250934031740867         1.09958082866449       0.0415232388403298       0.0415232388403228        0.341566283196651                        0                        0                        0
                    0.196      0.00409303956169755      0.00409303956169752      0.00256425263157214      0.00409303956169755      0.00409303956169752      0.00256425263157214         1.08015881828122       0.0406705278851391       0.0406705278851522        0.340758767475764                        0                        0                        0
                    0.197      0.00415768060016125      0.00415768060016127      0.00261987953072087      0.00415768060016125      0.00415768060016127      0.00261987953072087         1.06108084161968        0.039854696915221       0.0398546969152051        0.339957359183127                        0                        0                        0
                    0.198      0.00422290254270593      0.00422290254270595       0.0026762267217588      0.00422290254270593      0.00422290254270595       0.0026762267217588         1.04234028514501       0.0390734374035093        0.039073437403495        0.339161526095911                        0                        0                        0
                    0.199      0.00428871383000683      0.00428871383000685      0.00273329963994472      0.00428871383000683      0.00428871383000685      0.00273329963994472         1.02393080078737       0.0383246304816371        0.038324630481623        0.338370798825535                        0                        0                        0
                      0.2      0.00435512241155886      0.00435512241155888      0.00279110347584787      0.00435512241155886      0.00435512241155888      0.00279110347584787         1.00584627886931       0.0376063277116391       0.0376063277116244        0.337584763251543                        0                        0                        0
                    0.201      0.00442213580116319      0.00442213580116321      0.00284964319886772      0.00442213580116319      0.00442213580116321      0.00284964319886772        0.988080819973115       0.0369167341668399       0.0369167341668295        0.336803053978719                        0                        0                        0
                    0.202      0.00448976112520864      0.00448976112520865       0.0029089235778456      0.00448976112520864      0.00448976112520865       0.0029089235778456        0.970628585523609       0.0362541934980472       0.0362541934980404        0.336025348659666                        0                        0                        0
                    0.203      0.00455800516478961      0.00455800516478959      0.00296894919917032      0.00455800516478961      0.00455800516478959      0.00296894919917032        0.953484516590143       0.0356171747247977       0.0356171747248145        0.335251363057423                        0                        0                        0
                    0.204      0.00462687439255972      0.00462687439255974      0.00302972448277036      0.00462687439255972      0.00462687439255974      0.00302972448277036        0.936642705889222       0.0350042605138735       0.0350042605138591        0.334480846734994                        0                        0                        0
                    0.205      0.00469637500504989       0.0046963750050499      0.00309125369625917      0.00469637500504989       0.0046963750050499      0.00309125369625917        0.920098071595502       0.0344141367608103       0.0344141367608032        0.333713579286515                        0                        0                        0
                    0.206      0.00476651295109024      0.00476651295109025      0.00315354096751541      0.00476651295109024      0.00476651295109025      0.00315354096751541        0.903845648499514       0.0338455833007479       0.0338455833007415         0.33294936702984                        0                        0                        0
                    0.207      0.00483729395685929      0.00483729395685928      0.00321659029590158      0.00483729395685929      0.00483729395685928      0.00321659029590158        0.887880373290081       0.0332974656117248       0.0332974656117353        0.332188040098121                        0                        0                        0
                    0.208      0.00490872354801372       0.0049087235480137       0.0032804055622979      0.00490872354801372       0.0049087235480137       0.0032804055622979        0.872197421031734        0.032768727387093       0.0327687273871068        0.331429449876803                        0                        0                        0
                    0.209      0.00498080706928244      0.00498080706928241      0.00334499053811783      0.00498080706928244      0.00498080706928241      0.00334499053811783        0.856792031312902       0.0322583838720624       0.0322583838720867        0.330673466738333                        0                        0                        0
                     0.21      0.00505354970185303      0.00505354970185302      0.00341034889343089      0.00505354970185303      0.00505354970185302      0.00341034889343089        0.841659552275241       0.0317655158737726       0.0317655158737751        0.329919978036276                        0                        0                        0
                    0.211       0.0051269564788317      0.00512695647883171        0.003476484204307       0.0051269564788317      0.00512695647883171        0.003476484204307        0.826795424088015       0.0312892643659422       0.0312892643659417        0.329168886325183                        0                        0                        0
                    0.212      0.00520103229901566      0.00520103229901569      0.00354339995947934      0.00520103229901566      0.00520103229901569      0.00354339995947934        0.812195178638842       0.0308288256217235       0.0308288256216998        0.328420107777503                        0                        0                        0
                    0.213      0.00527578193918865      0.00527578193918866      0.00361109956640586      0.00527578193918865      0.00527578193918866      0.00361109956640586        0.797854415298766        0.030383446812961       0.0303834468129481        0.327673570773349                        0                        0                        0
                    0.214      0.00535121006511703        0.005351210065117      0.00367958635680938      0.00535121006511703        0.005351210065117      0.00367958635680938        0.783768824472443       0.0299524220255097       0.0299524220255327        0.326929214640812                        0                        0                        0
                    0.215      0.00542732124140056      0.00542732124140053      0.00374886359601158      0.00542732124140056      0.00542732124140053      0.00374886359601158        0.769934174314044       0.0295350886459365       0.0295350886459577        0.326186988529958                        0                        0                        0
                    0.216      0.00550411994488765      0.00550411994488767      0.00381893447070619      0.00550411994488765      0.00550411994488767      0.00381893447070619        0.756346298119053       0.0291308240767468       0.0291308240767318        0.325446850403653                        0                        0                        0
                    0.217      0.00558161055450426      0.00558161055450424      0.00388980211831356      0.00558161055450426      0.00558161055450424      0.00388980211831356        0.743001096207637       0.0287390427491438       0.0287390427491583        0.324708766131446                        0                        0                        0
                    0.218      0.00565979738531686      0.00565979738531686      0.00396146961443863      0.00565979738531686      0.00565979738531686      0.00396146961443863        0.729894534547032       0.0283591934010138       0.0283591934010128         0.32397270867655                        0                        0                        0
                    0.219      0.00573868467725308      0.00573868467725312      0.00403393998063226      0.00573868467725308      0.00573868467725312      0.00403393998063226        0.717022648021309       0.0279907565914997       0.0279907565914723        0.323238657362172                        0                        0                        0
                     0.22      0.00581827660532759      0.00581827660532759      0.00410721618781792      0.00581827660532759      0.00581827660532759      0.00410721618781792        0.704381527052335       0.0276332424211138       0.0276332424211124        0.322506597210213                        0                        0                        0
                    0.221      0.00589857728486471      0.00589857728486472        0.004181301159449      0.00589857728486471      0.00589857728486472        0.004181301159449        0.691967317041287       0.0272861884965342       0.0272861884965271        0.321776518348746                        0                        0                        0
                    0.222      0.00597959077638798      0.00597959077638794      0.00425619777455071      0.00597959077638798      0.00597959077638794      0.00425619777455071         0.67977613565759       0.0269491579406599       0.0269491579406871        0.321048415465113                        0                        0                        0
                    0.223      0.00606132108985061      0.00606132108985059      0.00433190887044994      0.00606132108985061      0.00606132108985059      0.00433190887044994        0.667804561861525       0.0266217377299703       0.0266217377299888        0.320322287325521                        0                        0                        0
                    0.224       0.0061437721886309      0.00614377218863092      0.00440843724542564       0.0061437721886309      0.00614377218863092      0.00440843724542564        0.656048711652526       0.0263035370463946       0.0263035370463808        0.319598136329086                        0                        0                        0
                    0.225       0.0062269479931076      0.00622694799310758      0.00448578566116818       0.0062269479931076      0.00622694799310758      0.00448578566116818        0.644504975636143       0.0259941858086414        0.025994185808654        0.318875968107449                        0                        0                        0
                    0.226      0.00631085238392605      0.00631085238392606      0.00456395684510215      0.00631085238392605      0.00631085238392606      0.00456395684510215        0.633169790632394       0.0256933333123393       0.0256933333123326        0.318155791160702                        0                        0                        0
                    0.227       0.0063954892049784       0.0063954892049784      0.00464295349258246       0.0063954892049784       0.0063954892049784      0.00464295349258246        0.622039374130546        0.025400646975281       0.0254006469752814        0.317437616526265                        0                        0                        0
                    0.228      0.00648086226612357      0.00648086226612357      0.00472277826896925      0.00648086226612357      0.00648086226612357      0.00472277826896925         0.61111108535137         0.02511581118064       0.0251158111806454        0.316721457478053                        0                        0                        0
                    0.229      0.00656697534567555      0.00656697534567553      0.00480343381159506      0.00656697534567555      0.00656697534567553      0.00480343381159506        0.600380700358846       0.0248385262068584       0.0248385262068781         0.31600732925256                        0                        0                        0
                     0.23      0.00665383219268097      0.00665383219268097       0.0048849227316364      0.00665383219268097      0.00665383219268097       0.0048849227316364        0.589845137005797       0.0245685072379336        0.024568507237937        0.315295248798868                        0                        0                        0
                    0.231      0.00674143652900533      0.00674143652900532       0.0049672476158838      0.00674143652900533      0.00674143652900532       0.0049672476158838        0.579501091901956       0.0243054834478376       0.0243054834478437        0.314585234551813                        0                        0                        0
                    0.232      0.00682979205124809      0.00682979205124809      0.00505041102843412      0.00682979205124809      0.00682979205124809      0.00505041102843412        0.569345310555978       0.0240491971508804       0.0240491971508858        0.313877306224272                        0                        0                        0
                    0.233      0.00691890243250078      0.00691890243250077      0.00513441551229782      0.00691890243250078      0.00691890243250077      0.00513441551229782        0.559374592697656       0.0237994030141349       0.0237994030141477        0.313171484618277                        0                        0                        0
                    0.234      0.00700877132396391       0.0070087713239639      0.00521926359093482      0.00700877132396391       0.0070087713239639      0.00521926359093482        0.549585782632987       0.0235558673255409       0.0235558673255487        0.312467791452328                        0                        0                        0
                    0.235      0.00709940235643464      0.00709940235643465      0.00530495776971842      0.00709940235643464      0.00709940235643465      0.00530495776971842        0.539975780033695       0.0233183673139365        0.023318367313933        0.311766249204058                        0                        0                        0
                    0.236      0.00719079914167746      0.00719079914167748      0.00539150053733397      0.00719079914167746      0.00719079914167748      0.00539150053733397        0.530541534400636       0.0230866905163967       0.0230866905163775        0.311066880966614                        0                        0                        0
                    0.237       0.0072829652736883      0.00728296527368831      0.00547889436711636       0.0072829652736883      0.00728296527368831      0.00547889436711636        0.521280039174488       0.0228606341888533       0.0228606341888366        0.310369710317555                        0                        0                        0
                    0.238      0.00737590432986103      0.00737590432986103      0.00556714171832988      0.00737590432986103      0.00737590432986103      0.00556714171832988         0.51218807515658       0.0226400047571809       0.0226400047571852        0.309674761199175                        0                        0                        0
                    0.239      0.00746961987206545      0.00746961987206546      0.00565624503739055      0.00746961987206545      0.00746961987206546      0.00565624503739055        0.503263262127429       0.0224246173049458       0.0224246173049374        0.308982057809609                        0                        0                        0
                     0.24      0.00756411544764417      0.00756411544764417      0.00574620675903935      0.00756411544764417      0.00756411544764417      0.00574620675903935        0.494502554043757       0.0222142950950935       0.0222142950950911        0.308291624503217                        0                        0                        0
                    0.241      0.00765939459033489      0.00765939459033489       0.0058370293074623      0.00765939459033489      0.00765939459033489       0.0058370293074623        0.485903056141051       0.0220088691235531       0.0220088691235564         0.30760348570018                        0                        0                        0
                    0.242      0.00775546082112518      0.00775546082112518      0.00592871509736555      0.00775546082112518      0.00775546082112518      0.00592871509736555        0.477462051176551       0.0218081777013768       0.0218081777013684        0.306917665803968                        0                        0                        0
                    0.243      0.00785231764904476      0.00785231764904475      0.00602126653500532      0.00785231764904476      0.00785231764904475      0.00602126653500532        0.469176848465558       0.0216120660639833       0.0216120660639935         0.30623418912624                        0                        0                        0
                    0.244      0.00794996857190066      0.00794996857190066      0.00611468601917275      0.00794996857190066      0.00794996857190066      0.00611468601917275        0.461044796194486       0.0214203860053257       0.0214203860053162        0.305553079818808                        0                        0                        0
                    0.245      0.00804841707696023      0.00804841707696023      0.00620897594213775      0.00804841707696023      0.00804841707696023      0.00620897594213775        0.453063157257711       0.0212329955346675       0.0212329955346643        0.304874361811866                        0                        0                        0
                    0.246       0.0081476666415856       0.0081476666415856      0.00630413869055549       0.0081476666415856       0.0081476666415856      0.00630413869055549        0.445229610500186       0.0210497585552093       0.0210497585552071        0.304198058757786                        0                        0                        0
                    0.247      0.00824772073382368      0.00824772073382367      0.00640017664633024      0.00824772073382368      0.00824772073382367      0.00640017664633024        0.437541439381096       0.0208705445624801       0.0208705445624868        0.303524193980731                        0                        0                        0
                    0.248      0.00834858281295607      0.00834858281295607      0.00649709218744696      0.00834858281295607      0.00834858281295607      0.00649709218744696        0.430005215009086       0.0206952283605656       0.0206952283605603        0.302852790430767                        0                        0                        0
                    0.249      0.00845025633001051       0.0084502563300105      0.00659488770522974      0.00845025633001051       0.0084502563300105      0.00659488770522974        0.422588176472459       0.0205236897961405        0.020523689796147        0.302183870642917                        0                        0                        0
                     0.25      0.00855274472823809      0.00855274472823809      0.00669356554054994      0.00855274472823809      0.00855274472823809      0.00669356554054994        0.415322743538993       0.0203558135080214        0.020355813508023        0.301517456700198                        0                        0                        0
                    0.251      0.00865605146270914      0.00865605146270913      0.00679312807939957      0.00865605146270914      0.00865605146270913      0.00679312807939957        0.408172611504539       0.0201914886914937          0.0201914886915        0.300853570200672                        0                        0                        0
                    0.252      0.00876017992545674      0.00876017992545674      0.00689357769167565      0.00876017992545674      0.00876017992545674      0.00689357769167565        0.401096940526199        0.020030608876704       0.0200306088767036        0.300192232228121                        0                        0                        0
                    0.253      0.00886513355674686      0.00886513355674686      0.00699491674699373      0.00886513355674686      0.00886513355674686      0.00699491674699373        0.394136845555397       0.0198730717194959       0.0198730717194971        0.299533463325956                        0                        0                        0
                    0.254      0.00897091577288022      0.00897091577288022      0.00709714761532089      0.00897091577288022      0.00897091577288022      0.00709714761532089        0.387315236533711       0.0197187788048139        0.019718778804817        0.298877283474409                        0                        0                        0
                    0.255      0.00907752061017889      0.00907752061017889      0.00720027266758165      0.00907752061017889      0.00907752061017889      0.00720027266758165        0.380599221463091       0.0195676354605191       0.0195676354605164        0.298223712070369                        0                        0                        0
                    0.256      0.00918497959606887      0.00918497959606887      0.00730429427623482      0.00918497959606887      0.00918497959606887      0.00730429427623482        0.374017348569056       0.0194195505824755       0.0194195505824738        0.297572767910003                        0                        0                        0
                    0.257      0.00929326800784743      0.00929326800784743       0.0074092148158234      0.00929326800784743      0.00929326800784743       0.0074092148158234        0.367557515479307       0.0192744364688117       0.0192744364688143        0.296924469173795                        0                        0                        0
                    0.258      0.00940239861449254      0.00940239861449253        0.007515036663498      0.00940239861449254      0.00940239861449253        0.007515036663498        0.361217374666694       0.0191322086636785       0.0191322086636825        0.296278833413885                        0                        0                        0
                    0.259      0.00951237480615922      0.00951237480615921      0.00762176219951513      0.00951237480615922      0.00951237480615921      0.00762176219951513        0.354994806910894       0.0189927858093258       0.0189927858093268        0.295635877543465                        0                        0                        0
                     0.26      0.00962319996857812      0.00962319996857812      0.00772939380771131      0.00962319996857812      0.00962319996857812      0.00772939380771131        0.348887619203524        0.018856089506336       0.0188560895063347        0.294995617828089                        0                        0                        0
                    0.261      0.00973487748328599      0.00973487748328599        0.007837933875952      0.00973487748328599      0.00973487748328599        0.007837933875952        0.342893770723998       0.0187220441813236       0.0187220441813257        0.294358069878884                        0                        0                        0
                    0.262      0.00984741072784219      0.00984741072784219      0.00794738479655827      0.00984741072784219      0.00984741072784219      0.00794738479655827        0.337010837325646       0.0185905769617553       0.0185905769617599        0.293723248647355                        0                        0                        0
                    0.263      0.00996080307603237      0.00996080307603237      0.00805774896671102      0.00996080307603237      0.00996080307603237      0.00805774896671102        0.331236883968288       0.0184616175571539        0.018461617557154        0.293091168421716                        0                        0                        0
                    0.264       0.0100750578980598       0.0100750578980598       0.0081690287888329       0.0100750578980598       0.0100750578980598       0.0081690287888329        0.325569818416656       0.0183350981467615       0.0183350981467581        0.292461842824702                        0                        0                        0
                    0.265       0.0101901785607257       0.0101901785607257      0.00828122667094972       0.0101901785607257       0.0101901785607257      0.00828122667094972        0.320007619378161       0.0182109532729356       0.0182109532729377         0.29183528481263                        0                        0                        0
                    0.266       0.0103061684275986       0.0103061684275986      0.00839434502703099       0.0103061684275986       0.0103061684275986      0.00839434502703099        0.314548342069295       0.0180891197399356       0.0180891197399333        0.291211506675727                        0                        0                        0
                    0.267       0.0104230308591747       0.0104230308591747      0.00850838627731101       0.0104230308591747       0.0104230308591747      0.00850838627731101        0.309189830053097       0.0179695365179827       0.0179695365179808        0.290590520039534                        0                        0                        0
                    0.268       0.0105407692130277       0.0105407692130277      0.00862335281939666       0.0105407692130277       0.0105407692130277      0.00862335281939666        0.303930360187366       0.0178521446521323       0.0178521446521373        0.289972335867329                        0                        0                        0
                    0.269       0.0106593868143095       0.0106593868143095      0.00873924714606242       0.0106593868143095       0.0106593868143095      0.00873924714606242        0.298767970825758       0.0177368871756853       0.0177368871756831        0.289356964463536                        0                        0                        0
                     0.27       0.0107788870753519       0.0107788870753519      0.00885607166836184       0.0107788870753519       0.0107788870753519      0.00885607166836184        0.293700808159797       0.0176237090278399       0.0176237090278391        0.288744415477973                        0                        0                        0
                    0.271       0.0108992733154704       0.0108992733154704      0.00897382883443439       0.0108992733154704       0.0108992733154704      0.00897382883443439        0.288727052500149       0.0175125569755685       0.0175125569755665        0.288134697910928                        0                        0                        0
                    0.272       0.0110205488819029       0.0110205488819029      0.00909252110001467       0.0110205488819029       0.0110205488819029      0.00909252110001467        0.283844913871417       0.0174033795391479       0.0174033795391508        0.287527820118874                        0                        0                        0
                    0.273       0.0111427171195996       0.0111427171195996      0.00921215092864683       0.0111427171195996       0.0111427171195996      0.00921215092864683         0.27905263963368       0.0172961269213374         0.01729612692134        0.286923789820971                        0                        0                        0
                    0.274       0.0112657813713297       0.0112657813713297      0.00933272079188482       0.0112657813713297       0.0112657813713297      0.00933272079188482        0.274348508762363        0.017190750939995       0.0171907509399976        0.286322614106067                        0                        0                        0
                    0.275       0.0113897449777824       0.0113897449777824      0.00945423316947637       0.0113897449777824       0.0113897449777824      0.00945423316947637         0.26973083105924       0.0170872049638888        0.017087204963887        0.285724299440345                        0                        0                        0
                    0.276       0.0115146112776625       0.0115146112776625      0.00957669054953351       0.0115146112776625       0.0115146112776625      0.00957669054953351        0.265197953743711       0.0169854438514963       0.0169854438514946        0.285128851675379                        0                        0                        0
                    0.277       0.0116403836077803       0.0116403836077803      0.00970009542868922       0.0116403836077803       0.0116403836077803      0.00970009542868922        0.260748257844288       0.0168854238927191       0.0168854238927201        0.284536276056635                        0                        0                        0
                    0.278       0.0117670653031376       0.0117670653031376      0.00982445031223841       0.0117670653031376       0.0117670653031376      0.00982445031223841         0.25638013159951       0.0167871027533299       0.0167871027533282        0.283946577232556                        0                        0                        0
                    0.279       0.0118946596970086       0.0118946596970086      0.00994975771426947       0.0118946596970086       0.0118946596970086      0.00994975771426947        0.252092009963513       0.0166904394219004       0.0166904394218982        0.283359759263715                        0                        0                        0
                     0.28       0.0120231701210167       0.0120231701210167         0.01007602015778       0.0120231701210167       0.0120231701210167         0.01007602015778        0.247882378223821       0.0165953941592262       0.0165953941592254         0.28277582563256                        0                        0                        0
                    0.281       0.0121525999052077       0.0121525999052077       0.0102032401747832       0.0121525999052077       0.0121525999052077       0.0102032401747832        0.243749717422687       0.0165019284500461        0.016501928450049        0.282194779253247                        0                        0                        0
                    0.282       0.0122829523781183       0.0122829523781183       0.0103314203063998       0.0122829523781183       0.0122829523781183       0.0103314203063998        0.239692555240992       0.0164100049569128        0.016410004956912        0.281616622481927                        0                        0                        0
                    0.283       0.0124142308668423       0.0124142308668423       0.0104605631029427       0.0124142308668423       0.0124142308668423       0.0104605631029427        0.235709441844029       0.0163195874760809       0.0163195874760809        0.281041357126951                        0                        0                        0
                    0.284       0.0125464386970927       0.0125464386970927       0.0105906711239874       0.0125464386970927       0.0125464386970927       0.0105906711239874        0.231798956313417       0.0162306408955363        0.016230640895537        0.280468984459619                        0                        0                        0
                    0.285       0.0126795791932606       0.0126795791932606       0.0107217469384344       0.0126795791932606       0.0126795791932606       0.0107217469384344         0.22795970500971        0.016143131154639       0.0161431311546427        0.279899505224795                        0                        0                        0
                    0.286       0.0128136556784717       0.0128136556784717       0.0108537931245608       0.0128136556784717       0.0128136556784717       0.0108537931245608        0.224190322433483       0.0160570252056711       0.0160570252056694        0.279332919651809                        0                        0                        0
                    0.287       0.0129486714746396       0.0129486714746396       0.0109868122700631       0.0129486714746396       0.0129486714746396       0.0109868122700631        0.220489464306137       0.0159722909770359       0.0159722909770354         0.27876922746544                        0                        0                        0
                    0.288       0.0130846299025168       0.0130846299025168       0.0111208069720909       0.0130846299025168       0.0130846299025168       0.0111208069720909        0.216855819555358       0.0158888973380321        0.015888897338034        0.278208427896958                        0                        0                        0
                    0.289       0.0132215342817425       0.0132215342817425       0.0112557798372723       0.0132215342817425       0.0132215342817425       0.0112557798372723        0.213288097784232       0.0158068140651312       0.0158068140651311        0.277650519695191                        0                        0                        0
                     0.29       0.0133593879308892       0.0133593879308892       0.0113917334817303       0.0133593879308892       0.0133593879308892       0.0113917334817303        0.209785033216817        0.015726011809706       0.0157260118097055         0.27709550113776                        0                        0                        0
                    0.291        0.013498194167506        0.013498194167506       0.0115286705310922        0.013498194167506        0.013498194167506       0.0115286705310922        0.206345387075833       0.0156464620670839       0.0156464620670833        0.276543370042203                        0                        0                        0
                    0.292       0.0136379563081606       0.0136379563081606       0.0116665936204917       0.0136379563081606       0.0136379563081606       0.0116665936204917        0.202967950253058       0.0155681371469447       0.0155681371469453         0.27599412377719                        0                        0                        0
                    0.293       0.0137786776684786       0.0137786776684786       0.0118055053945628       0.0137786776684786       0.0137786776684786       0.0118055053945628        0.199651507224542       0.0154910101449092       0.0154910101449086        0.275447759273691                        0                        0                        0
                    0.294       0.0139203615631819       0.0139203615631819       0.0119454085074287       0.0139203615631819       0.0139203615631819       0.0119454085074287        0.196394911468923       0.0154150549153327       0.0154150549153312        0.274904273036102                        0                        0                        0
                    0.295       0.0140630113061242       0.0140630113061242       0.0120863056226826       0.0140630113061242       0.0140630113061242       0.0120863056226826        0.193197008469658        0.015340246045186       0.0153402460451874        0.274363661153402                        0                        0                        0
                    0.296       0.0142066302103257       0.0142066302103257       0.0122281994133634       0.0142066302103257       0.0142066302103257       0.0122281994133634         0.19005669506941        0.015266558829025       0.0152665588290254         0.27382591931016                        0                        0                        0
                    0.297       0.0143512215880059       0.0143512215880059       0.0123710925619257       0.0143512215880059       0.0143512215880059       0.0123710925619257        0.186972805413537       0.0151939692449811       0.0151939692449807        0.273291042797567                        0                        0                        0
                    0.298       0.0144967887506147       0.0144967887506147       0.0125149877602037       0.0144967887506147       0.0144967887506147       0.0125149877602037        0.183944319887254       0.0151224539316601       0.0151224539316595        0.272759026524324                        0                        0                        0
                    0.299       0.0146433350088626       0.0146433350088626       0.0126598877093702       0.0146433350088626       0.0146433350088626       0.0126598877093702        0.180970159389445       0.0150519901660454       0.0150519901660475        0.272229865027518                        0                        0                        0
                      0.3       0.0147908636727486       0.0147908636727486       0.0128057951198912       0.0147908636727486       0.0147908636727486       0.0128057951198912         0.17804928680794       0.0149825558421932       0.0149825558421939        0.271703552483307                        0                        0                        0
